21 9076 4563 543 3 1371 777 0
21 9076 4564 543 3 1371 777 0
21 9076 4565 543 3 1371 777 0
21 9076 4566 543 3 1371 777 0
21 9076 4567 543 3 1371 777 0
21 9076 4568 543 3 1371 777 0
21 9076 4569 543 3 1371 777 0
21 9076 4570 543 3 1371 777 0
21 9076 4571 543 3 1371 777 0
21 9076 4572 543 3 1371 777 0
21 9076 4573 543 3 1371 777 0
21 9076 4574 543 3 1371 777 0
21 9076 4575 543 3 1371 777 0
21 9076 4576 543 3 1371 777 0
21 9076 4577 543 3 1371 777 0
21 9076 4578 543 3 1371 777 0
21 9076 4579 543 3 1371 777 0
21 9076 4580 543 3 1371 777 0
21 9076 4581 543 3 1371 777 0
21 9076 4582 543 3 1371 777 0
21 9076 4583 543 3 1371 777 0
21 9076 4584 543 3 1371 777 0
21 9076 4585 543 3 1371 777 0
21 9076 4586 543 3 1371 777 0
21 9076 4587 543 3 1371 777 0
21 9076 4588 543 3 1371 777 0
21 9076 4589 543 3 1371 777 0
21 9076 4590 543 3 1371 777 0
21 9076 4591 543 3 1371 777 0
21 9076 4592 543 3 1371 777 0
21 9076 4593 543 3 1371 777 0
21 9076 4594 543 3 1371 777 0
21 9076 4595 543 3 1371 777 0
21 9076 4596 543 3 1371 777 0
21 9076 4597 543 3 1371 777 0
21 9076 4598 543 3 1371 777 0
21 9076 4599 543 3 1371 777 0
21 9076 4600 543 3 1371 777 0
21 9076 4601 543 3 1371 777 0
21 9076 4602 543 3 1371 777 0
21 9076 4603 543 3 1371 777 0
21 9076 4604 543 3 1371 777 0
21 9076 4605 543 3 1371 777 0
21 9076 4606 543 3 1371 777 0
21 9076 4607 543 3 1371 777 0
21 9076 4608 543 3 1371 777 0
21 9076 4609 543 3 1371 777 0
21 9076 4610 543 3 1371 777 0
21 9076 4611 543 3 1371 777 0
21 9076 4612 543 3 1371 777 0
21 9076 4613 543 3 1371 777 0
21 9076 4614 543 3 1371 777 0
21 9076 4615 543 3 1371 777 0
21 9076 4616 543 3 1371 777 0
21 9076 4617 543 3 1371 777 0
21 9076 4618 543 3 1371 777 0
21 9076 4619 543 3 1371 777 0
21 9076 4620 543 3 1371 777 0
21 9076 4621 543 3 1371 777 0
21 9076 4622 543 3 1371 777 0
21 9076 4623 543 3 1371 777 0
21 9076 4624 543 3 1371 777 0
21 9076 4625 543 3 1371 777 0
21 9076 4626 543 3 1371 777 0
21 9076 4627 543 3 1371 777 0
21 9076 4628 543 3 1371 777 0
21 9076 4629 543 3 1371 777 0
21 9076 4630 543 3 1371 777 0
21 9076 4631 543 3 1371 777 0
21 9076 4632 543 3 1371 777 0
21 9076 4633 543 3 1371 777 0
21 9076 4634 543 3 1371 777 0
21 9076 4635 543 3 1371 777 0
21 9076 4636 543 3 1371 777 0
21 9076 4637 543 3 1371 777 0
21 9076 4638 543 3 1371 777 0
21 9076 4639 543 3 1371 777 0
21 9076 4640 543 3 1371 777 0
21 9076 4641 543 3 1371 777 0
21 9076 4642 543 3 1371 777 0
21 9076 4643 543 3 1371 777 0
21 9076 4644 543 3 1371 777 0
21 9076 4645 543 3 1371 777 0
21 9076 4646 543 3 1371 777 0
21 9076 4647 543 3 1371 777 0
21 9076 4648 543 3 1371 777 0
21 9076 4649 543 3 1371 777 0
21 9076 4650 543 3 1371 777 0
21 9076 4651 543 3 1371 777 0
21 9076 4652 543 3 1371 777 0
21 9076 4653 543 3 1371 777 0
21 9076 4654 543 3 1371 777 0
21 9076 4655 543 3 1371 777 0
21 9076 4656 543 3 1371 777 0
21 9076 4657 543 3 1371 777 0
21 9076 4658 543 3 1371 777 0
21 9076 4659 543 3 1371 777 0
21 9076 4660 543 3 1371 777 0
21 9076 4661 543 3 1371 777 0
21 9076 4662 543 3 1371 777 0
21 9076 4663 543 3 1371 777 0
21 9076 4664 543 3 1371 777 0
21 9076 4665 543 3 1371 777 0
21 9076 4666 543 3 1371 777 0
21 9076 4667 543 3 1371 777 0
21 9076 4668 543 3 1371 777 0
21 9076 4669 543 3 1371 777 0
21 9076 4670 543 3 1371 777 0
21 9076 4671 543 3 1371 777 0
21 9076 4672 543 3 1371 777 0
21 9076 4673 543 3 1371 777 0
21 9076 4674 543 3 1371 777 0
21 9076 4675 543 3 1371 777 0
21 9076 4676 543 3 1371 777 0
21 9076 4677 543 3 1371 777 0
21 9076 4678 543 3 1371 777 0
21 9076 4679 543 3 1371 777 0
21 9076 4680 543 3 1371 777 0
21 9076 4681 543 3 1371 777 0
21 9076 4682 543 3 1371 777 0
21 9076 4683 543 3 1371 777 0
21 9076 4684 543 3 1371 777 0
21 9076 4685 543 3 1371 777 0
21 9076 4686 543 3 1371 777 0
21 9076 4687 543 3 1371 777 0
21 9076 4688 543 3 1371 777 0
21 9076 4689 543 3 1371 777 0
21 9076 4690 543 3 1371 777 0
21 9076 4691 543 3 1371 777 0
21 9076 4692 543 3 1371 777 0
21 9076 4693 543 3 1371 777 0
21 9076 4694 543 3 1371 777 0
21 9076 4695 543 3 1371 777 0
21 9076 4696 543 3 1371 777 0
21 9076 4697 543 3 1371 777 0
21 9076 4698 543 3 1371 777 0
21 9076 4699 543 3 1371 777 0
21 9076 4700 543 3 1371 777 0
21 9076 4701 543 3 1371 777 0
21 9076 4702 543 3 1371 777 0
21 9076 4703 543 3 1371 777 0
21 9076 4704 543 3 1371 777 0
21 9076 4705 543 3 1371 777 0
21 9076 4706 543 3 1371 777 0
21 9076 4707 543 3 1371 777 0
21 9076 4708 543 3 1371 777 0
21 9076 4709 543 3 1371 777 0
21 9076 4710 543 3 1371 777 0
21 9076 4711 543 3 1371 777 0
21 9076 4712 543 3 1371 777 0
21 9076 4713 543 3 1371 777 0
21 9076 4714 543 3 1371 777 0
21 9076 4715 543 3 1371 777 0
21 9076 4716 543 3 1371 777 0
21 9076 4717 543 3 1371 777 0
21 9076 4718 543 3 1371 777 0
21 9076 4719 543 3 1371 777 0
21 9076 4720 543 3 1371 777 0
21 9076 4721 543 3 1371 777 0
21 9076 4722 543 3 1371 777 0
21 9076 4723 543 3 1371 777 0
21 9076 4724 543 3 1371 777 0
21 9076 4725 543 3 1371 777 0
21 9076 4726 543 3 1371 777 0
21 9076 4727 543 3 1371 777 0
21 9076 4728 543 3 1371 777 0
21 9076 4729 543 3 1371 777 0
21 9076 4730 543 3 1371 777 0
21 9076 4731 543 3 1371 777 0
21 9076 4732 543 3 1371 777 0
21 9076 4733 543 3 1371 777 0
21 9076 4734 543 3 1371 777 0
21 9076 4735 543 3 1371 777 0
21 9076 4736 543 3 1371 777 0
21 9076 4737 543 3 1371 777 0
21 9076 4738 543 3 1371 777 0
21 9076 4739 543 3 1371 777 0
21 9076 4740 543 3 1371 777 0
21 9076 4741 543 3 1371 777 0
21 9076 4742 543 3 1371 777 0
21 9076 4743 543 3 1371 777 0
21 9076 4744 543 3 1371 777 0
21 9076 4745 543 3 1371 777 0
21 9076 4746 543 3 1371 777 0
21 9076 4747 543 3 1371 777 0
21 9076 4748 543 3 1371 777 0
21 9076 4749 543 3 1371 777 0
21 9076 4750 543 3 1371 777 0
21 9076 4751 543 3 1371 777 0
21 9076 4752 543 3 1371 777 0
21 9076 4753 543 3 1371 777 0
21 9076 4754 543 3 1371 777 0
21 9076 4755 543 3 1371 777 0
21 9076 4756 543 3 1371 777 0
21 9076 4757 543 3 1371 777 0
21 9076 4758 543 3 1371 777 0
21 9076 4759 543 3 1371 777 0
21 9076 4760 543 3 1371 777 0
21 9076 4761 543 3 1371 777 0
21 9076 4762 543 3 1371 777 0
21 9076 4763 543 3 1371 777 0
21 9076 4764 543 3 1371 777 0
21 9076 4765 543 3 1371 777 0
21 9076 4766 543 3 1371 777 0
21 9076 4767 543 3 1371 777 0
21 9076 4768 543 3 1371 777 0
21 9076 4769 543 3 1371 777 0
21 9076 4770 543 3 1371 777 0
21 9076 4771 543 3 1371 777 0
21 9076 4772 543 3 1371 777 0
21 9076 4773 543 3 1371 777 0
21 9076 4774 543 3 1371 777 0
21 9076 4775 543 3 1371 777 0
21 9076 4776 543 3 1371 777 0
21 9076 4777 543 3 1371 777 0
21 9076 4778 543 3 1371 777 0
21 9076 4779 543 3 1371 777 0
21 9076 4780 543 3 1371 777 0
21 9076 4781 543 3 1371 777 0
21 9076 4782 543 3 1371 777 0
21 9076 4783 543 3 1371 777 0
21 9076 4784 543 3 1371 777 0
21 9076 4785 543 3 1371 777 0
21 9076 4786 543 3 1371 777 0
21 9076 4787 543 3 1371 777 0
21 9076 4788 543 3 1371 777 0
21 9076 4789 543 3 1371 777 0
21 9076 4790 543 3 1371 777 0
21 9076 4791 543 3 1371 777 0
21 9076 4792 543 3 1371 777 0
21 9076 4793 543 3 1371 777 0
21 9076 4794 543 3 1371 777 0
21 9076 4795 543 3 1371 777 0
21 9076 4796 543 3 1371 777 0
21 9076 4797 543 3 1371 777 0
21 9076 4798 543 3 1371 777 0
21 9076 4799 543 3 1371 777 0
21 9076 4800 543 3 1371 777 0
21 9076 4801 543 3 1371 777 0
21 9076 4802 543 3 1371 777 0
21 9076 4803 543 3 1371 777 0
21 9076 4804 543 3 1371 777 0
21 9076 4805 543 3 1371 777 0
21 9076 4806 543 3 1371 777 0
21 9076 4807 543 3 1371 777 0
21 9076 4808 543 3 1371 777 0
21 9076 4809 543 3 1371 777 0
21 9076 4810 543 3 1371 777 0
21 9076 4811 543 3 1371 777 0
21 9076 4812 543 3 1371 777 0
21 9076 4813 543 3 1371 777 0
21 9076 4814 543 3 1371 777 0
21 9076 4815 543 3 1371 777 0
21 9076 4816 543 3 1371 777 0
21 9076 4817 543 3 1371 777 0
21 9076 4818 543 3 1371 777 0
21 9076 4819 543 3 1371 777 0
21 9076 4820 543 3 1371 777 0
21 9076 4821 543 3 1371 777 0
21 9076 4822 543 3 1371 777 0
21 9076 4823 543 3 1371 777 0
21 9076 4824 543 3 1371 777 0
21 9076 4825 543 3 1371 777 0
21 9076 4826 543 3 1371 777 0
21 9076 4827 543 3 1371 777 0
21 9076 4828 543 3 1371 777 0
21 9076 4829 543 3 1371 777 0
21 9076 4830 543 3 1371 777 0
21 9076 4831 543 3 1371 777 0
21 9076 4832 543 3 1371 777 0
21 9076 4833 543 3 1371 777 0
21 9076 4834 543 3 1371 777 0
21 9076 4835 543 3 1371 777 0
21 9076 4836 543 3 1371 777 0
21 9076 4837 543 3 1371 777 0
21 9076 4838 543 3 1371 777 0
21 9076 4839 543 3 1371 777 0
21 9076 4840 543 3 1371 777 0
21 9076 4841 543 3 1371 777 0
21 9076 4842 543 3 1371 777 0
21 9076 4843 543 3 1371 777 0
21 9076 4844 543 3 1371 777 0
21 9076 4845 543 3 1371 777 0
21 9076 4846 543 3 1371 777 0
21 9076 4847 543 3 1371 777 0
21 9076 4848 543 3 1371 777 0
21 9076 4849 543 3 1371 777 0
21 9076 4850 543 3 1371 777 0
21 9076 4851 543 3 1371 777 0
21 9076 4852 543 3 1371 777 0
21 9076 4853 543 3 1371 777 0
21 9076 4854 543 3 1371 777 0
21 9076 4855 543 3 1371 777 0
21 9076 4856 543 3 1371 777 0
21 9076 4857 543 3 1371 777 0
21 9076 4858 543 3 1371 777 0
21 9076 4859 543 3 1371 777 0
21 9076 4860 543 3 1371 777 0
21 9076 4861 543 3 1371 777 0
21 9076 4862 543 3 1371 777 0
21 9076 4863 543 3 1371 777 0
21 9076 4864 543 3 1371 777 0
21 9076 4865 543 3 1371 777 0
21 9076 4866 543 3 1371 777 0
21 9076 4867 543 3 1371 777 0
21 9076 4868 543 3 1371 777 0
21 9076 4869 543 3 1371 777 0
21 9076 4870 543 3 1371 777 0
21 9076 4871 543 3 1371 777 0
21 9076 4872 543 3 1371 777 0
21 9076 4873 543 3 1371 777 0
21 9076 4874 543 3 1371 777 0
21 9076 4875 543 3 1371 777 0
21 9076 4876 543 3 1371 777 0
21 9076 4877 543 3 1371 777 0
21 9076 4878 543 3 1371 777 0
21 9076 4879 543 3 1371 777 0
21 9076 4880 543 3 1371 777 0
21 9076 4881 543 3 1371 777 0
21 9076 4882 543 3 1371 777 0
21 9076 4883 543 3 1371 777 0
21 9076 4884 543 3 1371 777 0
21 9076 4885 543 3 1371 777 0
21 9076 4886 543 3 1371 777 0
21 9076 4887 543 3 1371 777 0
21 9076 4888 543 3 1371 777 0
21 9076 4889 543 3 1371 777 0
21 9076 4890 543 3 1371 777 0
21 9076 4891 543 3 1371 777 0
21 9076 4892 543 3 1371 777 0
21 9076 4893 543 3 1371 777 0
21 9076 4894 543 3 1371 777 0
21 9076 4895 543 3 1371 777 0
21 9076 4896 543 3 1371 777 0
21 9076 4897 543 3 1371 777 0
21 9076 4898 543 3 1371 777 0
21 9076 4899 543 3 1371 777 0
21 9076 4900 543 3 1371 777 0
21 9076 4901 543 3 1371 777 0
21 9076 4902 543 3 1371 777 0
21 9076 4903 543 3 1371 777 0
21 9076 4904 543 3 1371 777 0
21 9076 4905 543 3 1371 777 0
21 9076 4906 543 3 1371 777 0
21 9076 4907 543 3 1371 777 0
21 9076 4908 543 3 1371 777 0
21 9076 4909 543 3 1371 777 0
21 9076 4910 543 3 1371 777 0
21 9076 4911 543 3 1371 777 0
21 9076 4912 543 3 1371 777 0
21 9076 4913 543 3 1371 777 0
21 9076 4914 543 3 1371 777 0
21 9076 4915 543 3 1371 777 0
21 9076 4916 543 3 1371 777 0
21 9076 4917 543 3 1371 777 0
21 9076 4918 543 3 1371 777 0
21 9076 4919 543 3 1371 777 0
21 9076 4920 543 3 1371 777 0
21 9076 4921 543 3 1371 777 0
21 9076 4922 543 3 1371 777 0
21 9076 4923 543 3 1371 777 0
21 9076 4924 543 3 1371 777 0
21 9076 4925 543 3 1371 777 0
21 9076 4926 543 3 1371 777 0
21 9076 4927 543 3 1371 777 0
21 9076 4928 543 3 1371 777 0
21 9076 4929 543 3 1371 777 0
21 9076 4930 543 3 1371 777 0
21 9076 4931 543 3 1371 777 0
21 9076 4932 543 3 1371 777 0
21 9076 4933 543 3 1371 777 0
21 9076 4934 543 3 1371 777 0
21 9076 4935 543 3 1371 777 0
21 9076 4936 543 3 1371 777 0
21 9076 4937 543 3 1371 777 0
21 9076 4938 543 3 1371 777 0
21 9076 4939 543 3 1371 777 0
21 9076 4940 543 3 1371 777 0
21 9076 4941 543 3 1371 777 0
21 9076 4942 543 3 1371 777 0
21 9076 4943 543 3 1371 777 0
21 9076 4944 543 3 1371 777 0
21 9076 4945 543 3 1371 777 0
21 9076 4946 543 3 1371 777 0
21 9076 4947 543 3 1371 777 0
21 9076 4948 543 3 1371 777 0
21 9076 4949 543 3 1371 777 0
21 9076 4950 543 3 1371 777 0
21 9076 4951 543 3 1371 777 0
21 9076 4952 543 3 1371 777 0
21 9076 4953 543 3 1371 777 0
21 9076 4954 543 3 1371 777 0
21 9076 4955 543 3 1371 777 0
21 9076 4956 543 3 1371 777 0
21 9076 4957 543 3 1371 777 0
21 9076 4958 543 3 1371 777 0
21 9076 4959 543 3 1371 777 0
21 9076 4960 543 3 1371 777 0
21 9076 4961 543 3 1371 777 0
21 9076 4962 543 3 1371 777 0
21 9076 4963 543 3 1371 777 0
21 9076 4964 543 3 1371 777 0
21 9076 4965 543 3 1371 777 0
21 9076 4966 543 3 1371 777 0
21 9076 4967 543 3 1371 777 0
21 9076 4968 543 3 1371 777 0
21 9076 4969 543 3 1371 777 0
21 9076 4970 543 3 1371 777 0
21 9076 4971 543 3 1371 777 0
21 9076 4972 543 3 1371 777 0
21 9076 4973 543 3 1371 777 0
21 9076 4974 543 3 1371 777 0
21 9076 4975 543 3 1371 777 0
21 9076 4976 543 3 1371 777 0
21 9076 4977 543 3 1371 777 0
21 9076 4978 543 3 1371 777 0
21 9076 4979 543 3 1371 777 0
21 9076 4980 543 3 1371 777 0
21 9076 4981 543 3 1371 777 0
21 9076 4982 543 3 1371 777 0
21 9076 4983 543 3 1371 777 0
21 9076 4984 543 3 1371 777 0
21 9076 4985 543 3 1371 777 0
21 9076 4986 543 3 1371 777 0
21 9076 4987 543 3 1371 777 0
21 9076 4988 543 3 1371 777 0
21 9076 4989 543 3 1371 777 0
21 9076 4990 543 3 1371 777 0
21 9076 4991 543 3 1371 777 0
21 9076 4992 543 3 1371 777 0
21 9076 4993 543 3 1371 777 0
21 9076 4994 543 3 1371 777 0
21 9076 4995 543 3 1371 777 0
21 9076 4996 543 3 1371 777 0
21 9076 4997 543 3 1371 777 0
21 9076 4998 543 3 1371 777 0
21 9076 4999 543 3 1371 777 0
21 9076 5000 543 3 1371 777 0
21 9076 5001 543 3 1371 777 0
21 9076 5002 543 3 1371 777 0
21 9076 5003 543 3 1371 777 0
21 9076 5004 543 3 1371 777 0
21 9076 5005 543 3 1371 777 0
21 9076 5006 543 3 1371 777 0
21 9076 5007 543 3 1371 777 0
21 9076 5008 543 3 1371 777 0
21 9076 5009 543 3 1371 777 0
21 9076 5010 543 3 1371 777 0
21 9076 5011 543 3 1371 777 0
21 9076 5012 543 3 1371 777 0
21 9076 5013 543 3 1371 777 0
21 9076 5014 543 3 1371 777 0
21 9076 5015 543 3 1371 777 0
21 9076 5016 543 3 1371 777 0
21 9076 5017 543 3 1371 777 0
21 9076 5018 543 3 1371 777 0
21 9076 5019 543 3 1371 777 0
21 9076 5020 543 3 1371 777 0
21 9076 5021 543 3 1371 777 0
21 9076 5022 543 3 1371 777 0
21 9076 5023 543 3 1371 777 0
21 9076 5024 543 3 1371 777 0
21 9076 5025 543 3 1371 777 0
21 9076 5026 543 3 1371 777 0
21 9076 5027 543 3 1371 777 0
21 9076 5028 543 3 1371 777 0
21 9076 5029 543 3 1371 777 0
21 9076 5030 543 3 1371 777 0
21 9076 5031 543 3 1371 777 0
21 9076 5032 543 3 1371 777 0
21 9076 5033 543 3 1371 777 0
21 9076 5034 543 3 1371 777 0
21 9076 5035 543 3 1371 777 0
21 9076 5036 543 3 1371 777 0
21 9076 5037 543 3 1371 777 0
21 9076 5038 543 3 1371 777 0
21 9076 5039 543 3 1371 777 0
21 9076 5040 543 3 1371 777 0
21 9076 5041 543 3 1371 777 0
21 9076 5042 543 3 1371 777 0
21 9076 5043 543 3 1371 777 0
21 9076 5044 543 3 1371 777 0
21 9076 5045 543 3 1371 777 0
21 9076 5046 543 3 1371 777 0
21 9076 5047 543 3 1371 777 0
21 9076 5048 543 3 1371 777 0
21 9076 5049 543 3 1371 777 0
21 9076 5050 543 3 1371 777 0
21 9076 5051 543 3 1371 777 0
21 9076 5052 543 3 1371 777 0
21 9076 5053 543 3 1371 777 0
21 9076 5054 543 3 1371 777 0
21 9076 5055 543 3 1371 777 0
21 9076 5056 543 3 1371 777 0
21 9076 5057 543 3 1371 777 0
21 9076 5058 543 3 1371 777 0
21 9076 5059 543 3 1371 777 0
21 9076 5060 543 3 1371 777 0
21 9076 5061 543 3 1371 777 0
21 9076 5062 543 3 1371 777 0
21 9076 5063 543 3 1371 777 0
21 9076 5064 543 3 1371 777 0
21 9076 5065 543 3 1371 777 0
21 9076 5066 543 3 1371 777 0
21 9076 5067 543 3 1371 777 0
21 9076 5068 543 3 1371 777 0
21 9076 5069 543 3 1371 777 0
21 9076 5070 543 3 1371 777 0
21 9076 5071 543 3 1371 777 0
21 9076 5072 543 3 1371 777 0
21 9076 5073 543 3 1371 777 0
21 9076 5074 543 3 1371 777 0
21 9076 5075 543 3 1371 777 0
21 9076 5076 543 3 1371 777 0
21 9076 5077 543 3 1371 777 0
21 9076 5078 543 3 1371 777 0
21 9076 5079 543 3 1371 777 0
21 9076 5080 543 3 1371 777 0
21 9076 5081 543 3 1371 777 0
21 9076 5082 543 3 1371 777 0
21 9076 5083 543 3 1371 777 0
21 9076 5084 543 3 1371 777 0
21 9076 5085 543 3 1371 777 0
21 9076 5086 543 3 1371 777 0
21 9076 5087 543 3 1371 777 0
21 9076 5088 543 3 1371 777 0
21 9076 5089 543 3 1371 777 0
21 9076 5090 543 3 1371 777 0
21 9076 5091 543 3 1371 777 0
21 9076 5092 543 3 1371 777 0
21 9076 5093 543 3 1371 777 0
21 9076 5094 543 3 1371 777 0
21 9076 5095 543 3 1371 777 0
21 9076 5096 543 3 1371 777 0
21 9076 5097 543 3 1371 777 0
21 9076 5098 543 3 1371 777 0
21 9076 5099 543 3 1371 777 0
21 9076 5100 543 3 1371 777 0
21 9076 5101 543 3 1371 777 0
21 9076 5102 543 3 1371 777 0
21 9076 5103 543 3 1371 777 0
21 9076 5104 543 3 1371 777 0
21 9076 5105 543 3 1371 777 0
21 9076 5106 543 3 1371 777 0
21 9076 5107 543 3 1371 777 0
21 9076 5108 543 3 1371 777 0
21 9076 5109 543 3 1371 777 0
21 9076 5110 543 3 1371 777 0
21 9076 5111 543 3 1371 777 0
21 9076 5112 543 3 1371 777 0
21 9076 5113 543 3 1371 777 0
21 9076 5114 543 3 1371 777 0
21 9076 5115 543 3 1371 777 0
21 9076 5116 543 3 1371 777 0
21 9076 5117 543 3 1371 777 0
21 9076 5118 543 3 1371 777 0
21 9076 5119 543 3 1371 777 0
21 9076 5120 543 3 1371 777 0
21 9076 5121 543 3 1371 777 0
21 9076 5122 543 3 1371 777 0
21 9076 5123 543 3 1371 777 0
21 9076 5124 543 3 1371 777 0
21 9076 5125 543 3 1371 777 0
21 9076 5126 543 3 1371 777 0
21 9076 5127 543 3 1371 777 0
21 9076 5128 543 3 1371 777 0
21 9076 5129 543 3 1371 777 0
21 9076 5130 543 3 1371 777 0
21 9076 5131 543 3 1371 777 0
21 9076 5132 543 3 1371 777 0
21 9076 5133 543 3 1371 777 0
21 9076 5134 543 3 1371 777 0
21 9076 5135 543 3 1371 777 0
21 9076 5136 543 3 1371 777 0
21 9076 5137 543 3 1371 777 0
21 9076 5138 543 3 1371 777 0
21 9076 5139 543 3 1371 777 0
21 9076 5140 543 3 1371 777 0
21 9076 5141 543 3 1371 777 0
21 9076 5142 543 3 1371 777 0
21 9076 5143 543 3 1371 777 0
21 9076 5144 543 3 1371 777 0
21 9076 5145 543 3 1371 777 0
21 9076 5146 543 3 1371 777 0
21 9076 5147 543 3 1371 777 0
21 9076 5148 543 3 1371 777 0
21 9076 5149 543 3 1371 777 0
21 9076 5150 543 3 1371 777 0
21 9076 5151 543 3 1371 777 0
21 9076 5152 543 3 1371 777 0
21 9076 5153 543 3 1371 777 0
21 9076 5154 543 3 1371 777 0
21 9076 5155 543 3 1371 777 0
21 9076 5156 543 3 1371 777 0
21 9076 5157 543 3 1371 777 0
21 9076 5158 543 3 1371 777 0
21 9076 5159 543 3 1371 777 0
21 9076 5160 543 3 1371 777 0
21 9076 5161 543 3 1371 777 0
21 9076 5162 543 3 1371 777 0
21 9076 5163 543 3 1371 777 0
21 9076 5164 543 3 1371 777 0
21 9076 5165 543 3 1371 777 0
21 9076 5166 543 3 1371 777 0
21 9076 5167 543 3 1371 777 0
21 9076 5168 543 3 1371 777 0
21 9076 5169 543 3 1371 777 0
21 9076 5170 543 3 1371 777 0
21 9076 5171 543 3 1371 777 0
21 9076 5172 543 3 1371 777 0
21 9076 5173 543 3 1371 777 0
21 9076 5174 543 3 1371 777 0
21 9076 5175 543 3 1371 777 0
21 9076 5176 543 3 1371 777 0
21 9076 5177 543 3 1371 777 0
21 9076 5178 543 3 1371 777 0
21 9076 5179 543 3 1371 777 0
21 9076 5180 543 3 1371 777 0
21 9076 5181 543 3 1371 777 0
21 9076 5182 543 3 1371 777 0
21 9076 5183 543 3 1371 777 0
21 9076 5184 543 3 1371 777 0
21 9076 5185 543 3 1371 777 0
21 9076 5186 543 3 1371 777 0
21 9076 5187 543 3 1371 777 0
21 9076 5188 543 3 1371 777 0
21 9076 5189 543 3 1371 777 0
21 9076 5190 543 3 1371 777 0
21 9076 5191 543 3 1371 777 0
21 9076 5192 543 3 1371 777 0
21 9076 5193 543 3 1371 777 0
21 9076 5194 543 3 1371 777 0
21 9076 5195 543 3 1371 777 0
21 9076 5196 543 3 1371 777 0
21 9076 5197 543 3 1371 777 0
21 9076 5198 543 3 1371 777 0
21 9076 5199 543 3 1371 777 0
21 9076 5200 543 3 1371 777 0
21 9076 5201 543 3 1371 777 0
21 9076 5202 543 3 1371 777 0
21 9076 5203 543 3 1371 777 0
21 9076 5204 543 3 1371 777 0
21 9076 5205 543 3 1371 777 0
21 9076 5206 543 3 1371 777 0
21 9076 5207 543 3 1371 777 0
21 9076 5208 543 3 1371 777 0
21 9076 5209 543 3 1371 777 0
21 9076 5210 543 3 1371 777 0
21 9076 5211 543 3 1371 777 0
21 9076 5212 543 3 1371 777 0
21 9076 5213 543 3 1371 777 0
21 9076 5214 543 3 1371 777 0
21 9076 5215 543 3 1371 777 0
21 9076 5216 543 3 1371 777 0
21 9076 5217 543 3 1371 777 0
21 9076 5218 543 3 1371 777 0
21 9076 5219 543 3 1371 777 0
21 9076 5220 543 3 1371 777 0
21 9076 5221 543 3 1371 777 0
21 9076 5222 543 3 1371 777 0
21 9076 5223 543 3 1371 777 0
21 9076 5224 543 3 1371 777 0
21 9076 5225 543 3 1371 777 0
21 9076 5226 543 3 1371 777 0
21 9076 5227 543 3 1371 777 0
21 9076 5228 543 3 1371 777 0
21 9076 5229 543 3 1371 777 0
21 9076 5230 543 3 1371 777 0
21 9076 5231 543 3 1371 777 0
21 9076 5232 543 3 1371 777 0
21 9076 5233 543 3 1371 777 0
21 9076 5234 543 3 1371 777 0
21 9076 5235 543 3 1371 777 0
21 9076 5236 543 3 1371 777 0
21 9076 5237 543 3 1371 777 0
21 9076 5238 543 3 1371 777 0
21 9076 5239 543 3 1371 777 0
21 9076 5240 543 3 1371 777 0
21 9076 5241 543 3 1371 777 0
21 9076 5242 543 3 1371 777 0
21 9076 5243 543 3 1371 777 0
21 9076 5244 543 3 1371 777 0
21 9076 5245 543 3 1371 777 0
21 9076 5246 543 3 1371 777 0
21 9076 5247 543 3 1371 777 0
21 9076 5248 543 3 1371 777 0
21 9076 5249 543 3 1371 777 0
21 9076 5250 543 3 1371 777 0
21 9076 5251 543 3 1371 777 0
21 9076 5252 543 3 1371 777 0
21 9076 5253 543 3 1371 777 0
21 9076 5254 543 3 1371 777 0
21 9076 5255 543 3 1371 777 0
21 9076 5256 543 3 1371 777 0
21 9076 5257 543 3 1371 777 0
21 9076 5258 543 3 1371 777 0
21 9076 5259 543 3 1371 777 0
21 9076 5260 543 3 1371 777 0
21 9076 5261 543 3 1371 777 0
21 9076 5262 543 3 1371 777 0
21 9076 5263 543 3 1371 777 0
21 9076 5264 543 3 1371 777 0
21 9076 5265 543 3 1371 777 0
21 9076 5266 543 3 1371 777 0
21 9076 5267 543 3 1371 777 0
21 9076 5268 543 3 1371 777 0
21 9076 5269 543 3 1371 777 0
21 9076 5270 543 3 1371 777 0
21 9076 5271 543 3 1371 777 0
21 9076 5272 543 3 1371 777 0
21 9076 5273 543 3 1371 777 0
21 9076 5274 543 3 1371 777 0
21 9076 5275 543 3 1371 777 0
21 9076 5276 543 3 1371 777 0
21 9076 5277 543 3 1371 777 0
21 9076 5278 543 3 1371 777 0
21 9076 5279 543 3 1371 777 0
21 9076 5280 543 3 1371 777 0
21 9076 5281 543 3 1371 777 0
21 9076 5282 543 3 1371 777 0
21 9076 5283 543 3 1371 777 0
21 9076 5284 543 3 1371 777 0
21 9076 5285 543 3 1371 777 0
21 9076 5286 543 3 1371 777 0
21 9076 5287 543 3 1371 777 0
21 9076 5288 543 3 1371 777 0
21 9076 5289 543 3 1371 777 0
21 9076 5290 543 3 1371 777 0
21 9076 5291 543 3 1371 777 0
21 9076 5292 543 3 1371 777 0
21 9076 5293 543 3 1371 777 0
21 9076 5294 543 3 1371 777 0
21 9076 5295 543 3 1371 777 0
21 9076 5296 543 3 1371 777 0
21 9076 5297 543 3 1371 777 0
21 9076 5298 543 3 1371 777 0
21 9076 5299 543 3 1371 777 0
21 9076 5300 543 3 1371 777 0
21 9076 5301 543 3 1371 777 0
21 9076 5302 543 3 1371 777 0
21 9076 5303 543 3 1371 777 0
21 9076 5304 543 3 1371 777 0
21 9076 5305 543 3 1371 777 0
21 9076 5306 543 3 1371 777 0
21 9076 5307 543 3 1371 777 0
21 9076 5308 543 3 1371 777 0
21 9076 5309 543 3 1371 777 0
21 9076 5310 543 3 1371 777 0
21 9076 5311 543 3 1371 777 0
21 9076 5312 543 3 1371 777 0
21 9076 5313 543 3 1371 777 0
21 9076 5314 543 3 1371 777 0
21 9076 5315 543 3 1371 777 0
21 9076 5316 543 3 1371 777 0
21 9076 5317 543 3 1371 777 0
21 9076 5318 543 3 1371 777 0
21 9076 5319 543 3 1371 777 0
21 9076 5320 543 3 1371 777 0
21 9076 5321 543 3 1371 777 0
21 9076 5322 543 3 1371 777 0
21 9076 5323 543 3 1371 777 0
21 9076 5324 543 3 1371 777 0
21 9076 5325 543 3 1371 777 0
21 9076 5326 543 3 1371 777 0
21 9076 5327 543 3 1371 777 0
21 9076 5328 543 3 1371 777 0
21 9076 5329 543 3 1371 777 0
21 9076 5330 543 3 1371 777 0
21 9076 5331 543 3 1371 777 0
21 9076 5332 543 3 1371 777 0
21 9076 5333 543 3 1371 777 0
21 9076 5334 543 3 1371 777 0
21 9076 5335 543 3 1371 777 0
21 9076 5336 543 3 1371 777 0
21 9076 5337 543 3 1371 777 0
21 9076 5338 543 3 1371 777 0
21 9076 5339 543 3 1371 777 0
21 9076 5340 543 3 1371 777 0
21 9076 5341 543 3 1371 777 0
21 9076 5342 543 3 1371 777 0
21 9076 5343 543 3 1371 777 0
21 9076 5344 543 3 1371 777 0
21 9076 5345 543 3 1371 777 0
21 9076 5346 543 3 1371 777 0
21 9076 5347 543 3 1371 777 0
21 9076 5348 543 3 1371 777 0
21 9076 5349 543 3 1371 777 0
21 9076 5350 543 3 1371 777 0
21 9076 5351 543 3 1371 777 0
21 9076 5352 543 3 1371 777 0
21 9076 5353 543 3 1371 777 0
21 9076 5354 543 3 1371 777 0
21 9076 5355 543 3 1371 777 0
21 9076 5356 543 3 1371 777 0
21 9076 5357 543 3 1371 777 0
21 9076 5358 543 3 1371 777 0
21 9076 5359 543 3 1371 777 0
21 9076 5360 543 3 1371 777 0
21 9076 5361 543 3 1371 777 0
21 9076 5362 543 3 1371 777 0
21 9076 5363 543 3 1371 777 0
21 9076 5364 543 3 1371 777 0
21 9076 5365 543 3 1371 777 0
21 9076 5366 543 3 1371 777 0
21 9076 5367 543 3 1371 777 0
21 9076 5368 543 3 1371 777 0
21 9076 5369 543 3 1371 777 0
21 9076 5370 543 3 1371 777 0
21 9076 5371 543 3 1371 777 0
21 9076 5372 543 3 1371 777 0
21 9076 5373 543 3 1371 777 0
21 9076 5374 543 3 1371 777 0
21 9076 5375 543 3 1371 777 0
21 9076 5376 543 3 1371 777 0
21 9076 5377 543 3 1371 777 0
21 9076 5378 543 3 1371 777 0
21 9076 5379 543 3 1371 777 0
21 9076 5380 543 3 1371 777 0
21 9076 5381 543 3 1371 777 0
21 9076 5382 543 3 1371 777 0
21 9076 5383 543 3 1371 777 0
21 9076 5384 543 3 1371 777 0
21 9076 5385 543 3 1371 777 0
21 9076 5386 543 3 1371 777 0
21 9076 5387 543 3 1371 777 0
21 9076 5388 543 3 1371 777 0
21 9076 5389 543 3 1371 777 0
21 9076 5390 543 3 1371 777 0
21 9076 5391 543 3 1371 777 0
21 9076 5392 543 3 1371 777 0
21 9076 5393 543 3 1371 777 0
21 9076 5394 543 3 1371 777 0
21 9076 5395 543 3 1371 777 0
21 9076 5396 543 3 1371 777 0
21 9076 5397 543 3 1371 777 0
21 9076 5398 543 3 1371 777 0
21 9076 5399 543 3 1371 777 0
21 9076 5400 543 3 1371 777 0
21 9076 5401 543 3 1371 777 0
21 9076 5402 543 3 1371 777 0
21 9076 5403 543 3 1371 777 0
21 9076 5404 543 3 1371 777 0
21 9076 5405 543 3 1371 777 0
21 9076 5406 543 3 1371 777 0
21 9076 5407 543 3 1371 777 0
21 9076 5408 543 3 1371 777 0
21 9076 5409 543 3 1371 777 0
21 9076 5410 543 3 1371 777 0
21 9076 5411 543 3 1371 777 0
21 9076 5412 543 3 1371 777 0
21 9076 5413 543 3 1371 777 0
21 9076 5414 543 3 1371 777 0
21 9076 5415 543 3 1371 777 0
21 9076 5416 543 3 1371 777 0
21 9076 5417 543 3 1371 777 0
21 9076 5418 543 3 1371 777 0
21 9076 5419 543 3 1371 777 0
21 9076 5420 543 3 1371 777 0
21 9076 5421 543 3 1371 777 0
21 9076 5422 543 3 1371 777 0
21 9076 5423 543 3 1371 777 0
21 9076 5424 543 3 1371 777 0
21 9076 5425 543 3 1371 777 0
21 9076 5426 543 3 1371 777 0
21 9076 5427 543 3 1371 777 0
21 9076 5428 543 3 1371 777 0
21 9076 5429 543 3 1371 777 0
21 9076 5430 543 3 1371 777 0
21 9076 5431 543 3 1371 777 0
21 9076 5432 543 3 1371 777 0
21 9076 5433 543 3 1371 777 0
21 9076 5434 543 3 1371 777 0
21 9076 5435 543 3 1371 777 0
21 9076 5436 543 3 1371 777 0
21 9076 5437 543 3 1371 777 0
21 9076 5438 543 3 1371 777 0
21 9076 5439 543 3 1371 777 0
21 9076 5440 543 3 1371 777 0
21 9076 5441 543 3 1371 777 0
21 9076 5442 543 3 1371 777 0
21 9076 5443 543 3 1371 777 0
21 9076 5444 543 3 1371 777 0
21 9076 5445 543 3 1371 777 0
21 9076 5446 543 3 1371 777 0
21 9076 5447 543 3 1371 777 0
21 9076 5448 543 3 1371 777 0
21 9076 5449 543 3 1371 777 0
21 9076 5450 543 3 1371 777 0
21 9076 5451 543 3 1371 777 0
21 9076 5452 543 3 1371 777 0
21 9076 5453 543 3 1371 777 0
21 9076 5454 543 3 1371 777 0
21 9076 5455 543 3 1371 777 0
21 9076 5456 543 3 1371 777 0
21 9076 5457 543 3 1371 777 0
21 9076 5458 543 3 1371 777 0
21 9076 5459 543 3 1371 777 0
21 9076 5460 543 3 1371 777 0
21 9076 5461 543 3 1371 777 0
21 9076 5462 543 3 1371 777 0
21 9076 5463 543 3 1371 777 0
21 9076 5464 543 3 1371 777 0
21 9076 5465 543 3 1371 777 0
21 9076 5466 543 3 1371 777 0
21 9076 5467 543 3 1371 777 0
21 9076 5468 543 3 1371 777 0
21 9076 5469 543 3 1371 777 0
21 9076 5470 543 3 1371 777 0
21 9076 5471 543 3 1371 777 0
21 9076 5472 543 3 1371 777 0
21 9076 5473 543 3 1371 777 0
21 9076 5474 543 3 1371 777 0
21 9076 5475 543 3 1371 777 0
21 9076 5476 543 3 1371 777 0
21 9076 5477 543 3 1371 777 0
21 9076 5478 543 3 1371 777 0
21 9076 5479 543 3 1371 777 0
21 9076 5480 543 3 1371 777 0
21 9076 5481 543 3 1371 777 0
21 9076 5482 543 3 1371 777 0
21 9076 5483 543 3 1371 777 0
21 9076 5484 543 3 1371 777 0
21 9076 5485 543 3 1371 777 0
21 9076 5486 543 3 1371 777 0
21 9076 5487 543 3 1371 777 0
21 9076 5488 543 3 1371 777 0
21 9076 5489 543 3 1371 777 0
21 9076 5490 543 3 1371 777 0
21 9076 5491 543 3 1371 777 0
21 9076 5492 543 3 1371 777 0
21 9076 5493 543 3 1371 777 0
21 9076 5494 543 3 1371 777 0
21 9076 5495 543 3 1371 777 0
21 9076 5496 543 3 1371 777 0
21 9076 5497 543 3 1371 777 0
21 9076 5498 543 3 1371 777 0
21 9076 5499 543 3 1371 777 0
21 9076 5500 543 3 1371 777 0
21 9076 5501 543 3 1371 777 0
21 9076 5502 543 3 1371 777 0
21 9076 5503 543 3 1371 777 0
21 9076 5504 543 3 1371 777 0
21 9076 5505 543 3 1371 777 0
21 9076 5506 543 3 1371 777 0
21 9076 5507 543 3 1371 777 0
21 9076 5508 543 3 1371 777 0
21 9076 5509 543 3 1371 777 0
21 9076 5510 543 3 1371 777 0
21 9076 5511 543 3 1371 777 0
21 9076 5512 543 3 1371 777 0
21 9076 5513 543 3 1371 777 0
21 9076 5514 543 3 1371 777 0
21 9076 5515 543 3 1371 777 0
21 9076 5516 543 3 1371 777 0
21 9076 5517 543 3 1371 777 0
21 9076 5518 543 3 1371 777 0
21 9076 5519 543 3 1371 777 0
21 9076 5520 543 3 1371 777 0
21 9076 5521 543 3 1371 777 0
21 9076 5522 543 3 1371 777 0
21 9076 5523 543 3 1371 777 0
21 9076 5524 543 3 1371 777 0
21 9076 5525 543 3 1371 777 0
21 9076 5526 543 3 1371 777 0
21 9076 5527 543 3 1371 777 0
21 9076 5528 543 3 1371 777 0
21 9076 5529 543 3 1371 777 0
21 9076 5530 543 3 1371 777 0
21 9076 5531 543 3 1371 777 0
21 9076 5532 543 3 1371 777 0
21 9076 5533 543 3 1371 777 0
21 9076 5534 543 3 1371 777 0
21 9076 5535 543 3 1371 777 0
21 9076 5536 543 3 1371 777 0
21 9076 5537 543 3 1371 777 0
21 9076 5538 543 3 1371 777 0
21 9076 5539 543 3 1371 777 0
21 9076 5540 543 3 1371 777 0
21 9076 5541 543 3 1371 777 0
21 9076 5542 543 3 1371 777 0
21 9076 5543 543 3 1371 777 0
21 9076 5544 543 3 1371 777 0
21 9076 5545 543 3 1371 777 0
21 9076 5546 543 3 1371 777 0
21 9076 5547 543 3 1371 777 0
21 9076 5548 543 3 1371 777 0
21 9076 5549 543 3 1371 777 0
21 9076 5550 543 3 1371 777 0
21 9076 5551 543 3 1371 777 0
21 9076 5552 543 3 1371 777 0
21 9076 5553 543 3 1371 777 0
21 9076 5554 543 3 1371 777 0
21 9076 5555 543 3 1371 777 0
21 9076 5556 543 3 1371 777 0
21 9076 5557 543 3 1371 777 0
21 9076 5558 543 3 1371 777 0
21 9076 5559 543 3 1371 777 0
21 9076 5560 543 3 1371 777 0
21 9076 5561 543 3 1371 777 0
21 9076 5562 543 3 1371 777 0
21 9076 5563 543 3 1371 777 0
21 9076 5564 543 3 1371 777 0
21 9076 5565 543 3 1371 777 0
21 9076 5566 543 3 1371 777 0
21 9076 5567 543 3 1371 777 0
21 9076 5568 543 3 1371 777 0
21 9076 5569 543 3 1371 777 0
21 9076 5570 543 3 1371 777 0
21 9076 5571 543 3 1371 777 0
21 9076 5572 543 3 1371 777 0
21 9076 5573 543 3 1371 777 0
21 9076 5574 543 3 1371 777 0
21 9076 5575 543 3 1371 777 0
21 9076 5576 543 3 1371 777 0
21 9076 5577 543 3 1371 777 0
21 9076 5578 543 3 1371 777 0
21 9076 5579 543 3 1371 777 0
21 9076 5580 543 3 1371 777 0
21 9076 5581 543 3 1371 777 0
21 9076 5582 543 3 1371 777 0
21 9076 5583 543 3 1371 777 0
21 9076 5584 543 3 1371 777 0
21 9076 5585 543 3 1371 777 0
21 9076 5586 543 3 1371 777 0
21 9076 5587 543 3 1371 777 0
21 9076 5588 543 3 1371 777 0
21 9076 5589 543 3 1371 777 0
21 9076 5590 543 3 1371 777 0
21 9076 5591 543 3 1371 777 0
21 9076 5592 543 3 1371 777 0
21 9076 5593 543 3 1371 777 0
21 9076 5594 543 3 1371 777 0
21 9076 5595 543 3 1371 777 0
21 9076 5596 543 3 1371 777 0
21 9076 5597 543 3 1371 777 0
21 9076 5598 543 3 1371 777 0
21 9076 5599 543 3 1371 777 0
21 9076 5600 543 3 1371 777 0
21 9076 5601 543 3 1371 777 0
21 9076 5602 543 3 1371 777 0
21 9076 5603 543 3 1371 777 0
21 9076 5604 543 3 1371 777 0
21 9076 5605 543 3 1371 777 0
21 9076 5606 543 3 1371 777 0
21 9076 5607 543 3 1371 777 0
21 9076 5608 543 3 1371 777 0
21 9076 5609 543 3 1371 777 0
21 9076 5610 543 3 1371 777 0
21 9076 5611 543 3 1371 777 0
21 9076 5612 543 3 1371 777 0
21 9076 5613 543 3 1371 777 0
21 9076 5614 543 3 1371 777 0
21 9076 5615 543 3 1371 777 0
21 9076 5616 543 3 1371 777 0
21 9076 5617 543 3 1371 777 0
21 9076 5618 543 3 1371 777 0
21 9076 5619 543 3 1371 777 0
21 9076 5620 543 3 1371 777 0
21 9076 5621 543 3 1371 777 0
21 9076 5622 543 3 1371 777 0
21 9076 5623 543 3 1371 777 0
21 9076 5624 543 3 1371 777 0
21 9076 5625 543 3 1371 777 0
21 9076 5626 543 3 1371 777 0
21 9076 5627 543 3 1371 777 0
21 9076 5628 543 3 1371 777 0
21 9076 5629 543 3 1371 777 0
21 9076 5630 543 3 1371 777 0
21 9076 5631 543 3 1371 777 0
21 9076 5632 543 3 1371 777 0
21 9076 5633 543 3 1371 777 0
21 9076 5634 543 3 1371 777 0
21 9076 5635 543 3 1371 777 0
21 9076 5636 543 3 1371 777 0
21 9076 5637 543 3 1371 777 0
21 9076 5638 543 3 1371 777 0
21 9076 5639 543 3 1371 777 0
21 9076 5640 543 3 1371 777 0
21 9076 5641 543 3 1371 777 0
21 9076 5642 543 3 1371 777 0
21 9076 5643 543 3 1371 777 0
21 9076 5644 543 3 1371 777 0
21 9076 5645 543 3 1371 777 0
21 9076 5646 543 3 1371 777 0
21 9076 5647 543 3 1371 777 0
21 9076 5648 543 3 1371 777 0
21 9076 5649 543 3 1371 777 0
21 9076 5650 543 3 1371 777 0
21 9076 5651 543 3 1371 777 0
21 9076 5652 543 3 1371 777 0
21 9076 5653 543 3 1371 777 0
21 9076 5654 543 3 1371 777 0
21 9076 5655 543 3 1371 777 0
21 9076 5656 543 3 1371 777 0
21 9076 5657 543 3 1371 777 0
21 9076 5658 543 3 1371 777 0
21 9076 5659 543 3 1371 777 0
21 9076 5660 543 3 1371 777 0
21 9076 5661 543 3 1371 777 0
21 9076 5662 543 3 1371 777 0
21 9076 5663 543 3 1371 777 0
21 9076 5664 543 3 1371 777 0
21 9076 5665 543 3 1371 777 0
21 9076 5666 543 3 1371 777 0
21 9076 5667 543 3 1371 777 0
21 9076 5668 543 3 1371 777 0
21 9076 5669 543 3 1371 777 0
21 9076 5670 543 3 1371 777 0
21 9076 5671 543 3 1371 777 0
21 9076 5672 543 3 1371 777 0
21 9076 5673 543 3 1371 777 0
21 9076 5674 543 3 1371 777 0
21 9076 5675 543 3 1371 777 0
21 9076 5676 543 3 1371 777 0
21 9076 5677 543 3 1371 777 0
21 9076 5678 543 3 1371 777 0
21 9076 5679 543 3 1371 777 0
21 9076 5680 543 3 1371 777 0
21 9076 5681 543 3 1371 777 0
21 9076 5682 543 3 1371 777 0
21 9076 5683 543 3 1371 777 0
21 9076 5684 543 3 1371 777 0
21 9076 5685 543 3 1371 777 0
21 9076 5686 543 3 1371 777 0
21 9076 5687 543 3 1371 777 0
21 9076 5688 543 3 1371 777 0
21 9076 5689 543 3 1371 777 0
21 9076 5690 543 3 1371 777 0
21 9076 5691 543 3 1371 777 0
21 9076 5692 543 3 1371 777 0
21 9076 5693 543 3 1371 777 0
21 9076 5694 543 3 1371 777 0
21 9076 5695 543 3 1371 777 0
21 9076 5696 543 3 1371 777 0
21 9076 5697 543 3 1371 777 0
21 9076 5698 543 3 1371 777 0
21 9076 5699 543 3 1371 777 0
21 9076 5700 543 3 1371 777 0
21 9076 5701 543 3 1371 777 0
21 9076 5702 543 3 1371 777 0
21 9076 5703 543 3 1371 777 0
21 9076 5704 543 3 1371 777 0
21 9076 5705 543 3 1371 777 0
21 9076 5706 543 3 1371 777 0
21 9076 5707 543 3 1371 777 0
21 9076 5708 543 3 1371 777 0
21 9076 5709 543 3 1371 777 0
21 9076 5710 543 3 1371 777 0
21 9076 5711 543 3 1371 777 0
21 9076 5712 543 3 1371 777 0
21 9076 5713 543 3 1371 777 0
21 9076 5714 543 3 1371 777 0
21 9076 5715 543 3 1371 777 0
21 9076 5716 543 3 1371 777 0
21 9076 5717 543 3 1371 777 0
21 9076 5718 543 3 1371 777 0
21 9076 5719 543 3 1371 777 0
21 9076 5720 543 3 1371 777 0
21 9076 5721 543 3 1371 777 0
21 9076 5722 543 3 1371 777 0
21 9076 5723 543 3 1371 777 0
21 9076 5724 543 3 1371 777 0
21 9076 5725 543 3 1371 777 0
21 9076 5726 543 3 1371 777 0
21 9076 5727 543 3 1371 777 0
21 9076 5728 543 3 1371 777 0
21 9076 5729 543 3 1371 777 0
21 9076 5730 543 3 1371 777 0
21 9076 5731 543 3 1371 777 0
21 9076 5732 543 3 1371 777 0
21 9076 5733 543 3 1371 777 0
21 9076 5734 543 3 1371 777 0
21 9076 5735 543 3 1371 777 0
21 9076 5736 543 3 1371 777 0
21 9076 5737 543 3 1371 777 0
21 9076 5738 543 3 1371 777 0
21 9076 5739 543 3 1371 777 0
21 9076 5740 543 3 1371 777 0
21 9076 5741 543 3 1371 777 0
21 9076 5742 543 3 1371 777 0
21 9076 5743 543 3 1371 777 0
21 9076 5744 543 3 1371 777 0
21 9076 5745 543 3 1371 777 0
21 9076 5746 543 3 1371 777 0
21 9076 5747 543 3 1371 777 0
21 9076 5748 543 3 1371 777 0
21 9076 5749 543 3 1371 777 0
21 9076 5750 543 3 1371 777 0
21 9076 5751 543 3 1371 777 0
21 9076 5752 543 3 1371 777 0
21 9076 5753 543 3 1371 777 0
21 9076 5754 543 3 1371 777 0
21 9076 5755 543 3 1371 777 0
21 9076 5756 543 3 1371 777 0
21 9076 5757 543 3 1371 777 0
21 9076 5758 543 3 1371 777 0
21 9076 5759 543 3 1371 777 0
21 9076 5760 543 3 1371 777 0
21 9076 5761 543 3 1371 777 0
21 9076 5762 543 3 1371 777 0
21 9076 5763 543 3 1371 777 0
21 9076 5764 543 3 1371 777 0
21 9076 5765 543 3 1371 777 0
21 9076 5766 543 3 1371 777 0
21 9076 5767 543 3 1371 777 0
21 9076 5768 543 3 1371 777 0
21 9076 5769 543 3 1371 777 0
21 9076 5770 543 3 1371 777 0
21 9076 5771 543 3 1371 777 0
21 9076 5772 543 3 1371 777 0
21 9076 5773 543 3 1371 777 0
21 9076 5774 543 3 1371 777 0
21 9076 5775 543 3 1371 777 0
21 9076 5776 543 3 1371 777 0
21 9076 5777 543 3 1371 777 0
21 9076 5778 543 3 1371 777 0
21 9076 5779 543 3 1371 777 0
21 9076 5780 543 3 1371 777 0
21 9076 5781 543 3 1371 777 0
21 9076 5782 543 3 1371 777 0
21 9076 5783 543 3 1371 777 0
21 9076 5784 543 3 1371 777 0
21 9076 5785 543 3 1371 777 0
21 9076 5786 543 3 1371 777 0
21 9076 5787 543 3 1371 777 0
21 9076 5788 543 3 1371 777 0
21 9076 5789 543 3 1371 777 0
21 9076 5790 543 3 1371 777 0
21 9076 5791 543 3 1371 777 0
21 9076 5792 543 3 1371 777 0
21 9076 5793 543 3 1371 777 0
21 9076 5794 543 3 1371 777 0
21 9076 5795 543 3 1371 777 0
21 9076 5796 543 3 1371 777 0
21 9076 5797 543 3 1371 777 0
21 9076 5798 543 3 1371 777 0
21 9076 5799 543 3 1371 777 0
21 9076 5800 543 3 1371 777 0
21 9076 5801 543 3 1371 777 0
21 9076 5802 543 3 1371 777 0
21 9076 5803 543 3 1371 777 0
21 9076 5804 543 3 1371 777 0
21 9076 5805 543 3 1371 777 0
21 9076 5806 543 3 1371 777 0
21 9076 5807 543 3 1371 777 0
21 9076 5808 543 3 1371 777 0
21 9076 5809 543 3 1371 777 0
21 9076 5810 543 3 1371 777 0
21 9076 5811 543 3 1371 777 0
21 9076 5812 543 3 1371 777 0
21 9076 5813 543 3 1371 777 0
21 9076 5814 543 3 1371 777 0
21 9076 5815 543 3 1371 777 0
21 9076 5816 543 3 1371 777 0
21 9076 5817 543 3 1371 777 0
21 9076 5818 543 3 1371 777 0
21 9076 5819 543 3 1371 777 0
21 9076 5820 543 3 1371 777 0
21 9076 5821 543 3 1371 777 0
21 9076 5822 543 3 1371 777 0
21 9076 5823 543 3 1371 777 0
21 9076 5824 543 3 1371 777 0
21 9076 5825 543 3 1371 777 0
21 9076 5826 543 3 1371 777 0
21 9076 5827 543 3 1371 777 0
21 9076 5828 543 3 1371 777 0
21 9076 5829 543 3 1371 777 0
21 9076 5830 543 3 1371 777 0
21 9076 5831 543 3 1371 777 0
21 9076 5832 543 3 1371 777 0
21 9076 5833 543 3 1371 777 0
21 9076 5834 543 3 1371 777 0
21 9076 5835 543 3 1371 777 0
21 9076 5836 543 3 1371 777 0
21 9076 5837 543 3 1371 777 0
21 9076 5838 543 3 1371 777 0
21 9076 5839 543 3 1371 777 0
21 9076 5840 543 3 1371 777 0
21 9076 5841 543 3 1371 777 0
21 9076 5842 543 3 1371 777 0
21 9076 5843 543 3 1371 777 0
21 9076 5844 543 3 1371 777 0
21 9076 5845 543 3 1371 777 0
21 9076 5846 543 3 1371 777 0
21 9076 5847 543 3 1371 777 0
21 9076 5848 543 3 1371 777 0
21 9076 5849 543 3 1371 777 0
21 9076 5850 543 3 1371 777 0
21 9076 5851 543 3 1371 777 0
21 9076 5852 543 3 1371 777 0
21 9076 5853 543 3 1371 777 0
21 9076 5854 543 3 1371 777 0
21 9076 5855 543 3 1371 777 0
21 9076 5856 543 3 1371 777 0
21 9076 5857 543 3 1371 777 0
21 9076 5858 543 3 1371 777 0
21 9076 5859 543 3 1371 777 0
