0.203769400715827942
-0.043223917484283447
-0.042261004447937012
-0.084689348936080933
-0.078732043504714966
-0.115745455026626587
-0.072330534458160400
-0.069961160421371460
-0.059476584196090698
-0.075381755828857422
-0.110474854707717896
0.048752516508102417
-0.376271307468414307
0.548129320144653320
0.346435308456420898
0.317214071750640869
0.266956776380538940
0.302863538265228271
0.257486522197723389
0.270158737897872925
0.275398671627044678
0.269880175590515137
0.286091387271881104
0.244655877351760864
0.399096488952636719
-0.180395275354385376
0.530306518077850342
0.393986701965332031
0.269253015518188477
0.313238263130187988
0.340188622474670410
0.297148644924163818
0.302634119987487793
0.299491375684738159
0.302943944931030273
0.310639679431915283
0.269162476062774658
0.363725423812866211
-0.224947810173034668
0.538097620010375977
0.372943520545959473
0.326114058494567871
0.290589094161987305
0.294176459312438965
0.306008338928222656
0.279997587203979492
0.321141898632049561
0.322080612182617188
0.299899041652679443
0.255608201026916504
0.403366386890411377
-0.260208159685134888
0.536861717700958252
0.327384114265441895
0.316274881362915039
0.320193946361541748
0.328989773988723755
0.312053352594375610
0.268036544322967529
0.300515115261077881
0.306536197662353516
0.306829750537872314
0.264969259500503540
0.399808228015899658
-0.218332111835479736
0.530049562454223633
0.344692826271057129
0.306669414043426514
0.302014708518981934
0.293096363544464111
0.299684137105941772
0.327116191387176514
0.270804882049560547
0.299623847007751465
0.310714662075042725
0.264960020780563354
0.416064858436584473
-0.162186220288276672
0.498664289712905884
0.328971922397613525
0.346173942089080811
0.301780760288238525
0.285880923271179199
0.309931159019470215
0.359604239463806152
0.246314957737922668
0.295062720775604248
0.259818136692047119
0.291601479053497314
0.469497799873352051
-0.143847957253456116
0.080595210194587708
0.080552823841571808
0.080552808940410614
0.080552801489830017
0.080552823841571808
0.080552853643894196
0.080552831292152405
0.080552816390991211
0.080552816390991211
0.080552823841571808
0.080552823841571808
0.080552846193313599
0.080552853643894196
0.080602690577507019
0.080563552677631378
0.080563552677631378
0.080563567578792572
0.080563545227050781
0.080563552677631378
0.080563575029373169
0.080563567578792572
0.080563567578792572
0.080563567578792572
0.080563575029373169
0.080563604831695557
0.080563612282276154
0.080602690577507019
0.080563515424728394
0.080563552677631378
0.080563597381114960
0.080563575029373169
0.080563552677631378
0.080563567578792572
0.080563567578792572
0.080563560128211975
0.080563537776470184
0.080563582479953766
0.080563619732856750
0.080563612282276154
0.080602690577507019
0.080563522875308990
0.080563493072986603
0.080563545227050781
0.080563597381114960
0.080563582479953766
0.080563575029373169
0.080563560128211975
0.080563575029373169
0.080563552677631378
0.080563545227050781
0.080563604831695557
0.080563627183437347
0.080602698028087616
0.080563537776470184
0.080563537776470184
0.080563560128211975
0.080563545227050781
0.080563552677631378
0.080563589930534363
0.080563560128211975
0.080563560128211975
0.080563567578792572
0.080563575029373169
0.080563597381114960
0.080563597381114960
0.080602705478668213
0.080563515424728394
0.080563537776470184
0.080563589930534363
0.080563560128211975
0.080563552677631378
0.080563582479953766
0.080563575029373169
0.080563575029373169
0.080563552677631378
0.080563530325889587
0.080563597381114960
0.080563619732856750
0.080602712929248810
0.080563567578792572
0.080563515424728394
0.080563567578792572
0.080563567578792572
0.080563560128211975
0.080563463270664215
0.080563515424728394
0.080563604831695557
0.080563552677631378
0.080563552677631378
0.080563575029373169
0.080563567578792572
0.959699988365173340
0.825451672077178955
0.776243865489959717
0.661393761634826660
0.712811350822448730
0.883560419082641602
0.903394699096679688
0.819078147411346436
0.794393301010131836
0.777803063392639160
0.825691342353820801
0.761124849319458008
0.707907319068908691
1.208738684654235840
1.011062860488891602
0.898924648761749268
0.894436538219451904
0.865848898887634277
0.875382184982299805
0.918232202529907227
0.932975888252258301
0.903959095478057861
0.899934172630310059
0.936184763908386230
0.787075161933898926
0.736765086650848389
1.200743794441223145
1.008367419242858887
0.949621319770812988
0.930222868919372559
0.922363281250000000
0.873714566230773926
0.859421014785766602
0.912395536899566650
0.917172074317932129
0.881044030189514160
0.890100002288818359
0.754042088985443115
0.798599481582641602
1.203867793083190918
1.011168122291564941
0.860866606235504150
0.901610255241394043
0.900361180305480957
0.939595460891723633
0.930601477622985840
0.899928808212280273
0.868522286415100098
0.868553519248962402
0.889911890029907227
0.812866449356079102
0.778857171535491943
1.201480984687805176
1.001808643341064453
0.915590047836303711
0.893106937408447266
0.868407726287841797
0.872837901115417480
0.886558890342712402
0.920853197574615479
0.925626695156097412
0.917359113693237305
0.916768074035644531
0.814631938934326172
0.847270607948303223
1.221696853637695312
1.032901525497436523
0.902270078659057617
0.918243169784545898
0.935919523239135742
0.895466864109039307
0.860087156295776367
0.890067815780639648
0.941850602626800537
0.938506603240966797
0.912404298782348633
0.798789501190185547
0.776688337326049805
1.282442331314086914
1.009602308273315430
0.846336245536804199
0.821678817272186279
0.909684360027313232
0.912873864173889160
0.813235819339752197
0.798376679420471191
0.825631499290466309
0.899201869964599609
0.966445684432983398
0.840415179729461670
0.731107831001281738
-2.026601076126098633
-2.391659975051879883
-2.385925054550170898
-2.373730659484863281
-2.372343301773071289
-2.377312421798706055
-2.390959739685058594
-2.388722896575927734
-2.385755062103271484
-2.382167339324951172
-2.386093139648437500
-2.387425422668457031
-2.370640277862548828
-2.177366971969604492
-2.736951351165771484
-2.720436573028564453
-2.707083463668823242
-2.706588268280029297
-2.700875043869018555
-2.701708793640136719
-2.706757783889770508
-2.707732439041137695
-2.709533452987670898
-2.710563182830810547
-2.704563856124877930
-2.690130233764648438
-2.175239086151123047
-2.736119508743286133
-2.706427097320556641
-2.703109741210937500
-2.703679561614990234
-2.690055847167968750
-2.685434818267822266
-2.685350656509399414
-2.689223289489746094
-2.692476511001586914
-2.689365625381469727
-2.692783355712890625
-2.694738626480102539
-2.177335739135742188
-2.730471849441528320
-2.696213722229003906
-2.690507411956787109
-2.695711851119995117
-2.689265251159667969
-2.682628631591796875
-2.693112373352050781
-2.692906379699707031
-2.686611175537109375
-2.692029953002929688
-2.698353290557861328
-2.703204870223999023
-2.173206806182861328
-2.721650600433349609
-2.693938732147216797
-2.688798904418945312
-2.689944505691528320
-2.687620639801025391
-2.689556360244750977
-2.694465160369873047
-2.687854766845703125
-2.685224533081054688
-2.689697265625000000
-2.691697359085083008
-2.699472188949584961
-2.171357631683349609
-2.724820137023925781
-2.704530000686645508
-2.695565223693847656
-2.688721895217895508
-2.691581726074218750
-2.694402217864990234
-2.692377090454101562
-2.697132825851440430
-2.688196659088134766
-2.694877624511718750
-2.697568893432617188
-2.684580326080322266
-2.173444271087646484
-2.735021114349365234
-2.723278522491455078
-2.706438779830932617
-2.699746608734130859
-2.706054449081420898
-2.709278106689453125
-2.698247194290161133
-2.706653594970703125
-2.705610513687133789
-2.716592311859130859
-2.703473091125488281
-2.685719966888427734
-0.403055787086486816
-0.213247328996658325
-0.250914812088012695
-0.154642730951309204
-0.057661086320877075
-0.171648859977722168
-0.316826999187469482
-0.239713817834854126
-0.177089124917984009
-0.207131534814834595
-0.160719066858291626
-0.331296622753143311
-0.035806119441986084
-0.445195525884628296
-0.311083018779754639
-0.336796045303344727
-0.177005439996719360
-0.102117747068405151
-0.031241565942764282
-0.113522529602050781
-0.215848803520202637
-0.181740105152130127
-0.216124266386032104
-0.190664052963256836
-0.441512435674667358
0.528311252593994141
-0.512712776660919189
-0.523313701152801514
-0.469862043857574463
-0.394113540649414062
-0.380713671445846558
-0.253197163343429565
-0.288720548152923584
-0.337385892868041992
-0.334486365318298340
-0.393477618694305420
-0.402689456939697266
-0.572271823883056641
0.790249228477478027
-0.486109793186187744
-0.522322654724121094
-0.463421285152435303
-0.259129226207733154
-0.366927415132522583
-0.337876766920089722
-0.317068457603454590
-0.319369554519653320
-0.326563775539398193
-0.347642958164215088
-0.347950637340545654
-0.562161445617675781
0.815914750099182129
-0.509223759174346924
-0.522729039192199707
-0.466624945402145386
-0.308708697557449341
-0.356353640556335449
-0.346376001834869385
-0.389534533023834229
-0.340969204902648926
-0.387631416320800781
-0.375701278448104858
-0.322437256574630737
-0.523332893848419189
0.645572066307067871
-0.521371424198150635
-0.522829055786132812
-0.460965216159820557
-0.341488361358642578
-0.315436184406280518
-0.332756519317626953
-0.325558274984359741
-0.303700387477874756
-0.404862105846405029
-0.414878040552139282
-0.361925184726715088
-0.551912188529968262
0.478172063827514648
-0.374717235565185547
-0.259069263935089111
-0.062258690595626831
0.083807528018951416
0.089924573898315430
-0.052682131528854370
-0.087717056274414062
0.146788239479064941
0.061186492443084717
-0.015846252441406250
-0.047971278429031372
-0.185797274112701416
0.452135443687438965
0.255126953125000000
0.255126565694808960
0.255126565694808960
0.255126565694808960
0.255126565694808960
0.255126565694808960
0.255126565694808960
0.255126565694808960
0.255126565694808960
0.255126565694808960
0.255126565694808960
0.255126565694808960
0.255126565694808960
0.255126774311065674
0.255126208066940308
0.255126208066940308
0.255126208066940308
0.255126208066940308
0.255126208066940308
0.255126208066940308
0.255126208066940308
0.255126208066940308
0.255126208066940308
0.255126208066940308
0.255126208066940308
0.255126208066940308
0.255126774311065674
0.255126208066940308
0.255126208066940308
0.255126208066940308
0.255126208066940308
0.255126208066940308
0.255126208066940308
0.255126208066940308
0.255126208066940308
0.255126208066940308
0.255126208066940308
0.255126208066940308
0.255126208066940308
0.255126774311065674
0.255126208066940308
0.255126208066940308
0.255126208066940308
0.255126208066940308
0.255126208066940308
0.255126208066940308
0.255126208066940308
0.255126208066940308
0.255126208066940308
0.255126208066940308
0.255126208066940308
0.255126208066940308
0.255126774311065674
0.255126208066940308
0.255126208066940308
0.255126208066940308
0.255126208066940308
0.255126208066940308
0.255126208066940308
0.255126208066940308
0.255126208066940308
0.255126208066940308
0.255126208066940308
0.255126208066940308
0.255126208066940308
0.255126774311065674
0.255126208066940308
0.255126208066940308
0.255126208066940308
0.255126208066940308
0.255126208066940308
0.255126208066940308
0.255126208066940308
0.255126208066940308
0.255126208066940308
0.255126208066940308
0.255126208066940308
0.255126208066940308
0.255126774311065674
0.255126208066940308
0.255126208066940308
0.255126208066940308
0.255126208066940308
0.255126208066940308
0.255126208066940308
0.255126208066940308
0.255126208066940308
0.255126208066940308
0.255126208066940308
0.255126208066940308
0.255126208066940308
0.191164851188659668
-0.136576414108276367
-0.512117147445678711
-0.826043128967285156
-0.747649908065795898
-0.547012090682983398
-0.332439661026000977
-0.808777093887329102
-0.728772878646850586
-0.984009981155395508
-0.388162612915039062
-0.296115398406982422
-2.900295019149780273
0.416737318038940430
-0.175554275512695312
-0.655389070510864258
-0.637749910354614258
-0.582108259201049805
-0.765444755554199219
-0.643367528915405273
-0.547209501266479492
-0.869108438491821289
-1.067197799682617188
-0.373068094253540039
-1.188889741897583008
-4.584052085876464844
1.081909775733947754
0.339772939682006836
-0.637626886367797852
-0.443608999252319336
0.083251714706420898
0.194491147994995117
0.022796154022216797
0.024544715881347656
-0.260382652282714844
-0.255309581756591797
-0.351958036422729492
-1.609770059585571289
-4.804865837097167969
1.250510454177856445
0.816959381103515625
-0.555330753326416016
-0.802729368209838867
-0.428570508956909180
-0.165268898010253906
-0.108810901641845703
-0.084443569183349609
-0.078146219253540039
-0.296010494232177734
-0.314602136611938477
-0.939829826354980469
-5.405722618103027344
1.245682835578918457
1.255550384521484375
0.000036478042602539
-0.485033988952636719
-0.466875553131103516
-0.314934492111206055
-0.178718805313110352
0.078114271163940430
-0.031204938888549805
-0.253956556320190430
-0.464252471923828125
-0.938895940780639648
-4.405523300170898438
1.521811366081237793
1.345473766326904297
-0.042649030685424805
-0.077479600906372070
0.121540307998657227
-0.216750621795654297
-0.629655838012695312
-0.330054044723510742
-0.020087003707885742
-0.158628702163696289
-0.119605064392089844
-0.794391870498657227
-3.251000642776489258
1.468989133834838867
0.955188989639282227
-0.073887109756469727
-0.496846437454223633
0.400850534439086914
0.191945910453796387
-0.263560533523559570
-0.670780420303344727
-0.143434047698974609
0.227900385856628418
0.650421977043151855
0.177430748939514160
-2.049625635147094727
0.040401875972747803
-0.235432505607604980
-0.273870527744293213
-0.320883512496948242
-0.331040501594543457
-0.275127947330474854
-0.244023203849792480
-0.275136590003967285
-0.301918983459472656
-0.327121376991271973
-0.283315062522888184
-0.351569890975952148
-0.272937476634979248
0.120979815721511841
-0.251904129981994629
-0.361667871475219727
-0.380468845367431641
-0.395093917846679688
-0.381927549839019775
-0.321602940559387207
-0.314335048198699951
-0.357085347175598145
-0.374339461326599121
-0.344625055789947510
-0.453524708747863770
-0.347264349460601807
0.103508949279785156
-0.260323941707611084
-0.344960749149322510
-0.342831671237945557
-0.380291581153869629
-0.388815820217132568
-0.370743751525878906
-0.360098659992218018
-0.347504317760467529
-0.342415690422058105
-0.332721352577209473
-0.444152832031250000
-0.301328659057617188
0.100474894046783447
-0.218861579895019531
-0.340356290340423584
-0.369356155395507812
-0.373771846294403076
-0.354357481002807617
-0.332449793815612793
-0.341658771038055420
-0.364135324954986572
-0.373209476470947266
-0.349815726280212402
-0.428663253784179688
-0.296289682388305664
0.105841696262359619
-0.206238508224487305
-0.290617108345031738
-0.333313167095184326
-0.349749565124511719
-0.354858934879302979
-0.355504274368286133
-0.329954922199249268
-0.320825099945068359
-0.358263254165649414
-0.365619182586669922
-0.409813404083251953
-0.258445084095001221
0.138628304004669189
-0.201822042465209961
-0.322511434555053711
-0.332817018032073975
-0.298536419868469238
-0.343358755111694336
-0.408120095729827881
-0.375971972942352295
-0.307228624820709229
-0.307828128337860107
-0.331199586391448975
-0.449775516986846924
-0.302568614482879639
0.106773078441619873
-0.242279827594757080
-0.380913019180297852
-0.404450416564941406
-0.344335436820983887
-0.331566035747528076
-0.413607060909271240
-0.446108579635620117
-0.416743338108062744
-0.352912366390228271
-0.316746652126312256
-0.404938876628875732
-0.338243365287780762
0.522487401962280273
0.470626831054687500
0.358958840370178223
-0.099470376968383789
-0.224693417549133301
0.048505663871765137
0.418729186058044434
0.077352643013000488
0.301533937454223633
0.132478356361389160
0.289229035377502441
0.508661270141601562
-1.815817236900329590
0.910437524318695068
0.634375452995300293
0.268456339836120605
-0.058709144592285156
-0.418358683586120605
-0.502424120903015137
-0.339237093925476074
-0.191995501518249512
-0.044817566871643066
0.017791152000427246
0.156716346740722656
-0.170976281166076660
-3.396651268005371094
1.119822382926940918
1.106414079666137695
0.400199174880981445
0.418108940124511719
0.188638806343078613
0.001687645912170410
0.040060043334960938
0.208060622215270996
0.259965062141418457
0.261038541793823242
0.481637120246887207
-0.262781262397766113
-3.833422660827636719
1.067312240600585938
1.168459296226501465
0.107285618782043457
-0.317474961280822754
0.081595182418823242
0.160525679588317871
0.195278167724609375
0.260650396347045898
0.358138680458068848
0.312673211097717285
0.389077782630920410
-0.130129694938659668
-4.326858997344970703
1.288429975509643555
1.218912959098815918
0.353807926177978516
0.074381232261657715
0.014780521392822266
0.177628040313720703
0.385615944862365723
0.264677405357360840
0.298737645149230957
0.331935405731201172
0.466853737831115723
-0.007783174514770508
-3.409045219421386719
1.562434077262878418
1.104538559913635254
0.295880317687988281
0.148028373718261719
0.228045582771301270
0.286914706230163574
0.294707179069519043
0.240652441978454590
0.376832008361816406
0.220905900001525879
0.560886263847351074
-0.139254450798034668
-2.863982677459716797
1.221084475517272949
0.925188004970550537
0.176954150199890137
-0.458944201469421387
0.122680783271789551
0.439759850502014160
0.226017594337463379
-0.507296204566955566
-0.100607514381408691
0.176668882369995117
0.299151659011840820
0.171083807945251465
-1.914714217185974121
0.789192914962768555
0.803689658641815186
0.807662069797515869
0.806662857532501221
0.807781100273132324
0.811047196388244629
0.811632931232452393
0.809959292411804199
0.808659493923187256
0.806136727333068848
0.808964610099792480
0.809150993824005127
0.811213910579681396
0.793644905090332031
0.811139345169067383
0.818149864673614502
0.822427451610565186
0.824022293090820312
0.824782490730285645
0.825089871883392334
0.824625372886657715
0.825456798076629639
0.824242532253265381
0.822896063327789307
0.823323965072631836
0.827511906623840332
0.792846918106079102
0.815739154815673828
0.821941137313842773
0.822914063930511475
0.821546912193298340
0.825409293174743652
0.825376570224761963
0.826273620128631592
0.826185166835784912
0.824283719062805176
0.822959542274475098
0.818941116333007812
0.831750869750976562
0.793401658535003662
0.811662912368774414
0.818814218044281006
0.824705898761749268
0.825075030326843262
0.824598789215087891
0.825443804264068604
0.824512243270874023
0.825085163116455078
0.823193609714508057
0.823217570781707764
0.821611523628234863
0.826497972011566162
0.792140841484069824
0.809906005859375000
0.816272020339965820
0.823951482772827148
0.825478136539459229
0.825020909309387207
0.823604226112365723
0.822486758232116699
0.824569761753082275
0.823995053768157959
0.825195312500000000
0.821394443511962891
0.830029487609863281
0.792231321334838867
0.806214630603790283
0.815097928047180176
0.821105122566223145
0.820980370044708252
0.824169337749481201
0.824246168136596680
0.823558568954467773
0.824182510375976562
0.822920739650726318
0.823054730892181396
0.819994747638702393
0.829280555248260498
0.793789744377136230
0.808701038360595703
0.814103662967681885
0.818098068237304688
0.820159018039703369
0.817111194133758545
0.816098749637603760
0.821214795112609863
0.821355700492858887
0.818282902240753174
0.819636285305023193
0.816408336162567139
0.814533054828643799
0.622410237789154053
0.636553347110748291
0.643942713737487793
0.637911021709442139
0.629383742809295654
0.636098682880401611
0.638478636741638184
0.638471961021423340
0.638896942138671875
0.636615157127380371
0.637614190578460693
0.645526230335235596
0.619917452335357666
0.519229769706726074
0.545243620872497559
0.552277326583862305
0.546561121940612793
0.534023106098175049
0.534429192543029785
0.545441985130310059
0.542607545852661133
0.547508358955383301
0.547913432121276855
0.543809533119201660
0.567460954189300537
0.485594898462295532
0.525827765464782715
0.578204333782196045
0.575078606605529785
0.561943829059600830
0.562002003192901611
0.570525705814361572
0.571188449859619141
0.566353499889373779
0.565114021301269531
0.567083656787872314
0.570259153842926025
0.586550593376159668
0.452326238155364990
0.534770488739013672
0.575146436691284180
0.569268941879272461
0.545674145221710205
0.574871480464935303
0.569638550281524658
0.569488704204559326
0.572805583477020264
0.572577953338623047
0.570213913917541504
0.566260695457458496
0.584343910217285156
0.413944065570831299
0.540684700012207031
0.579198658466339111
0.571653008460998535
0.553683638572692871
0.564189553260803223
0.567824244499206543
0.570088863372802734
0.573517799377441406
0.572037458419799805
0.575375437736511230
0.570048749446868896
0.579986810684204102
0.442265927791595459
0.541091322898864746
0.578116774559020996
0.569512844085693359
0.559014797210693359
0.562674760818481445
0.564257860183715820
0.568135499954223633
0.568825662136077881
0.570018589496612549
0.572868227958679199
0.571257710456848145
0.571491837501525879
0.485289514064788818
0.522154092788696289
0.556662797927856445
0.551912903785705566
0.534921288490295410
0.551275908946990967
0.556955516338348389
0.556464672088623047
0.540392875671386719
0.549535751342773438
0.554845631122589111
0.552103042602539062
0.552179872989654541
0.496686458587646484
0.008079562336206436
0.008079091086983681
0.008079091086983681
0.008079091086983681
0.008079091086983681
0.008079091086983681
0.008079091086983681
0.008079091086983681
0.008079091086983681
0.008079091086983681
0.008079091086983681
0.008079091086983681
0.008079091086983681
0.008079226128757000
0.008078585378825665
0.008078585378825665
0.008078585378825665
0.008078585378825665
0.008078585378825665
0.008078585378825665
0.008078585378825665
0.008078585378825665
0.008078585378825665
0.008078585378825665
0.008078585378825665
0.008078585378825665
0.008079225197434425
0.008078585378825665
0.008078585378825665
0.008078585378825665
0.008078585378825665
0.008078585378825665
0.008078585378825665
0.008078585378825665
0.008078585378825665
0.008078585378825665
0.008078585378825665
0.008078585378825665
0.008078585378825665
0.008079226128757000
0.008078585378825665
0.008078585378825665
0.008078585378825665
0.008078585378825665
0.008078585378825665
0.008078585378825665
0.008078585378825665
0.008078585378825665
0.008078585378825665
0.008078585378825665
0.008078585378825665
0.008078585378825665
0.008079225197434425
0.008078585378825665
0.008078585378825665
0.008078585378825665
0.008078585378825665
0.008078585378825665
0.008078585378825665
0.008078585378825665
0.008078585378825665
0.008078585378825665
0.008078585378825665
0.008078585378825665
0.008078585378825665
0.008079225197434425
0.008078585378825665
0.008078585378825665
0.008078585378825665
0.008078585378825665
0.008078585378825665
0.008078585378825665
0.008078585378825665
0.008078585378825665
0.008078585378825665
0.008078585378825665
0.008078585378825665
0.008078585378825665
0.008079226128757000
0.008078585378825665
0.008078585378825665
0.008078585378825665
0.008078585378825665
0.008078585378825665
0.008078585378825665
0.008078585378825665
0.008078585378825665
0.008078585378825665
0.008078585378825665
0.008078585378825665
0.008078585378825665
0.443516373634338379
0.345209658145904541
0.515489637851715088
0.391606539487838745
0.270252704620361328
0.404212296009063721
0.454954802989959717
0.510901629924774170
0.400203615427017212
0.446522653102874756
0.401154041290283203
0.565060555934906006
0.431339323520660400
0.449070811271667480
0.389065772294998169
0.512800514698028564
0.433856993913650513
0.414063721895217896
0.324749141931533813
0.331174075603485107
0.480576097965240479
0.438130110502243042
0.475898146629333496
0.388025581836700439
0.632324814796447754
0.154270708560943604
0.543650925159454346
0.565979301929473877
0.566092371940612793
0.563408315181732178
0.544480979442596436
0.538953900337219238
0.563023626804351807
0.563126742839813232
0.563321769237518311
0.564021766185760498
0.563648939132690430
0.679966568946838379
-0.006965756416320801
0.521963477134704590
0.565503597259521484
0.574518799781799316
0.464972078800201416
0.497453033924102783
0.566077470779418945
0.540691494941711426
0.535381674766540527
0.560047507286071777
0.563613772392272949
0.562145054340362549
0.655014395713806152
-0.041494309902191162
0.550412535667419434
0.566170096397399902
0.567123889923095703
0.526188492774963379
0.547543406486511230
0.552317738533020020
0.564067959785461426
0.562659800052642822
0.560438454151153564
0.563936650753021240
0.561764359474182129
0.632157862186431885
0.089463055133819580
0.560603797435760498
0.566209137439727783
0.565652310848236084
0.554682075977325439
0.560161411762237549
0.551748931407928467
0.549645900726318359
0.559278786182403564
0.564029276371002197
0.563974201679229736
0.561298608779907227
0.625614821910858154
0.217439115047454834
0.416827172040939331
0.520843744277954102
0.541888535022735596
0.353644609451293945
0.253826797008514404
0.511734127998352051
0.565716862678527832
0.295717984437942505
0.229951828718185425
0.542643487453460693
0.493867695331573486
0.564251244068145752
0.347207099199295044
-0.521454215049743652
-0.188197016716003418
-0.448876738548278809
-0.912812471389770508
-1.054339647293090820
-0.742512583732604980
-0.322234988212585449
-0.379791736602783203
-0.578693091869354248
-0.729836463928222656
-0.549375057220458984
-0.397306680679321289
-1.073667287826538086
0.045534133911132812
0.412999510765075684
-0.174597382545471191
-0.560730099678039551
-0.824361920356750488
-0.990988969802856445
-0.822785139083862305
-0.562544405460357666
-0.572201251983642578
-0.637142539024353027
-0.377946853637695312
-0.452398538589477539
-1.456951975822448730
0.270184397697448730
0.780694246292114258
-0.109501004219055176
-0.226219773292541504
-0.448039054870605469
-0.699761211872100830
-0.672660231590270996
-0.533478140830993652
-0.447727918624877930
-0.447593092918395996
-0.204804182052612305
-0.652924954891204834
-1.400615811347961426
0.213064789772033691
0.760451793670654297
-0.287810087203979492
-0.736635923385620117
-0.674422860145568848
-0.617126822471618652
-0.552229642868041992
-0.498992323875427246
-0.508081912994384766
-0.516965627670288086
-0.295297503471374512
-0.579226076602935791
-1.418601512908935547
0.256505966186523438
0.786671161651611328
-0.047639131546020508
-0.485708355903625488
-0.591025710105895996
-0.593540787696838379
-0.391187906265258789
-0.409174203872680664
-0.407982349395751953
-0.454558849334716797
-0.349209308624267578
-0.619901418685913086
-1.291114926338195801
0.384055495262145996
0.829689979553222656
-0.034339427947998047
-0.426743149757385254
-0.391135931015014648
-0.448241114616394043
-0.550727844238281250
-0.545790433883666992
-0.308090925216674805
-0.359897375106811523
-0.262781262397766113
-0.480114817619323730
-1.281852722167968750
0.388089656829833984
1.132665634155273438
0.217555999755859375
-0.458470821380615234
-0.167150855064392090
0.187992572784423828
-0.031889200210571289
-0.533582210540771484
-0.390216350555419922
-0.033519506454467773
0.233931899070739746
-0.023193240165710449
-0.674136996269226074
0.333401083946228027
1.558279633522033691
1.483079671859741211
1.555117845535278320
1.507622718811035156
1.436615705490112305
1.437487363815307617
1.483195185661315918
1.469108819961547852
1.517099142074584961
1.368028044700622559
1.658961772918701172
1.653157472610473633
-1.324073791503906250
0.996953248977661133
0.835343360900878906
0.850359916687011719
0.982551574707031250
0.781163811683654785
0.802499771118164062
0.803303718566894531
0.812724351882934570
0.812712430953979492
0.725533008575439453
1.419047355651855469
0.683684825897216797
-1.454772710800170898
0.814441561698913574
0.649982213973999023
0.676679372787475586
0.854780435562133789
0.793016195297241211
0.764286875724792480
0.642748713493347168
0.633402943611145020
0.614306688308715820
0.598010420799255371
1.503253221511840820
0.495163917541503906
-1.371129035949707031
0.690843343734741211
0.871814608573913574
0.523331046104431152
0.897196054458618164
0.678023815155029297
0.704121708869934082
0.763394355773925781
0.730669736862182617
0.541025519371032715
0.622839927673339844
1.512964248657226562
0.758306980133056641
-1.332823276519775391
0.620827436447143555
0.757565140724182129
0.646582722663879395
0.789080739021301270
0.661161184310913086
0.619565486907958984
0.673650979995727539
0.763509750366210938
0.707076191902160645
0.638871192932128906
1.360761046409606934
0.694082736968994141
-1.441496133804321289
0.822578787803649902
0.741508245468139648
0.578525066375732422
0.659074306488037109
0.818857669830322266
0.816748261451721191
0.605487227439880371
0.609252214431762695
0.799387216567993164
0.664060831069946289
1.299914836883544922
0.672018170356750488
-1.080602645874023438
1.085684299468994141
0.911425948143005371
0.791314244270324707
0.663461089134216309
0.856028437614440918
0.875102758407592773
0.890068531036376953
0.872246861457824707
0.708835363388061523
0.828779220581054688
1.205996513366699219
1.052163839340209961
-1.111873984336853027
-3.294155120849609375
-3.521147251129150391
-3.682754993438720703
-3.767462253570556641
-3.873693466186523438
-3.782808303833007812
-3.678040504455566406
-3.649629116058349609
-3.629960060119628906
-3.675038814544677734
-3.599370479583740234
-3.542253494262695312
-2.817616462707519531
-6.727872371673583984
-6.971790790557861328
-7.021463394165039062
-7.123757362365722656
-7.397517681121826172
-7.525588512420654297
-7.323253154754638672
-7.139367103576660156
-7.167868614196777344
-7.137963771820068359
-7.044437408447265625
-6.676188468933105469
-2.857038497924804688
-6.809586048126220703
-6.895235061645507812
-6.908305644989013672
-7.120231151580810547
-7.222806453704833984
-7.225775241851806641
-7.060407161712646484
-6.915324687957763672
-6.996120929718017578
-7.024921417236328125
-7.367147922515869141
-6.788507938385009766
-2.732471466064453125
-6.690214157104492188
-6.967926502227783203
-7.120393753051757812
-7.463279247283935547
-7.226157665252685547
-7.151951789855957031
-7.076717376708984375
-7.039153099060058594
-6.974195480346679688
-6.976838111877441406
-7.231253147125244141
-6.724558353424072266
-2.596441745758056641
-6.619523048400878906
-6.896962165832519531
-7.005408763885498047
-7.299352169036865234
-7.150526523590087891
-7.048871994018554688
-7.045442581176757812
-7.101566791534423828
-6.932353019714355469
-6.791163921356201172
-7.190487861633300781
-6.619503498077392578
-2.477928161621093750
-6.522481918334960938
-6.732252120971679688
-6.884474754333496094
-6.851986885070800781
-6.799543380737304688
-6.861881732940673828
-7.013183593750000000
-7.205862522125244141
-7.094023704528808594
-6.983806133270263672
-7.199139595031738281
-6.805543899536132812
-2.117758274078369141
-5.714231967926025391
-6.161910533905029297
-6.409704685211181641
-6.392382621765136719
-6.231591224670410156
-6.223525524139404297
-6.207326412200927734
-6.617184638977050781
-6.643595695495605469
-6.196306705474853516
-6.090947628021240234
-5.639335632324218750
-0.037189483642578125
0.499093651771545410
0.772254467010498047
1.021681308746337891
1.030371308326721191
0.873849272727966309
0.696618437767028809
0.884203076362609863
0.922135949134826660
1.013200998306274414
0.869539737701416016
0.877427458763122559
1.421635031700134277
-0.249388068914413452
0.391200363636016846
1.042073011398315430
1.145593166351318359
1.174516320228576660
1.170283079147338867
1.036072015762329102
0.960314989089965820
1.167563438415527344
1.305809617042541504
1.072305083274841309
1.343548893928527832
1.782213330268859863
-0.286464959383010864
0.260121941566467285
0.964027047157287598
0.935878515243530273
1.010771274566650391
1.090887784957885742
1.053112983703613281
0.852726578712463379
0.880390524864196777
0.920820951461791992
0.930460810661315918
1.435743927955627441
1.530434250831604004
-0.289805293083190918
0.125969260931015015
1.066374778747558594
1.154323935508728027
1.177855730056762695
0.982641696929931641
0.846373558044433594
0.944527864456176758
1.011351704597473145
1.048186063766479492
1.019503474235534668
1.339164972305297852
1.524812579154968262
-0.316639363765716553
-0.084928706288337708
0.663628935813903809
0.985765218734741211
1.185646057128906250
1.077363371849060059
0.910020947456359863
0.903565168380737305
0.857401251792907715
0.960845947265625000
1.017857432365417480
1.277971625328063965
1.362025141716003418
-0.319261252880096436
0.012796938419342041
0.715731978416442871
0.808018445968627930
0.685267210006713867
0.892714858055114746
1.120724439620971680
1.077528834342956543
0.834458231925964355
0.882057309150695801
0.994055032730102539
1.291816592216491699
1.367770314216613770
-0.318168431520462036
-0.052302390336990356
0.704981803894042969
0.924242019653320312
0.533287167549133301
0.577134728431701660
0.989510416984558105
1.152671933174133301
0.908338785171508789
0.747633099555969238
0.468499660491943359
0.642015159130096436
0.902358293533325195
-0.434600889682769775
-1.315271854400634766
-1.513819932937622070
-1.759774446487426758
-1.723204135894775391
-1.611885786056518555
-1.557443618774414062
-1.711241483688354492
-1.590343713760375977
-1.652101755142211914
-1.629651784896850586
-1.661119222640991211
-1.984573841094970703
-0.130350887775421143
-1.647036314010620117
-2.171680927276611328
-2.228186130523681641
-2.362160921096801758
-2.244546651840209961
-2.077859401702880859
-2.116624355316162109
-2.197210311889648438
-2.186221599578857422
-2.115384340286254883
-2.531268119812011719
-2.683917522430419922
-0.090198457241058350
-1.666715145111083984
-1.944764375686645508
-1.772862434387207031
-2.019904375076293945
-2.356249570846557617
-2.201890468597412109
-1.949252128601074219
-1.896602630615234375
-1.923866987228393555
-1.926066160202026367
-2.496905088424682617
-2.405385732650756836
-0.069436669349670410
-1.570437192916870117
-2.112276554107666016
-1.951812267303466797
-2.043991327285766602
-1.946164131164550781
-1.852669954299926758
-1.963433027267456055
-1.914507627487182617
-1.918084621429443359
-2.016429662704467773
-2.406458139419555664
-2.592567920684814453
0.101954966783523560
-1.178153038024902344
-1.831598758697509766
-1.988845109939575195
-2.089499473571777344
-2.009747505187988281
-1.795341491699218750
-1.854756355285644531
-1.877485752105712891
-1.809397459030151367
-1.855426788330078125
-2.265957832336425781
-2.224763154983520508
0.209645718336105347
-1.283946990966796875
-1.943517684936523438
-1.783140659332275391
-1.672223329544067383
-1.803035259246826172
-1.937471389770507812
-2.004875898361206055
-1.889094829559326172
-1.928937673568725586
-1.955154657363891602
-2.293648958206176758
-2.298771142959594727
0.279811292886734009
-1.359543800354003906
-2.285768747329711914
-2.065953016281127930
-1.769739627838134766
-1.963278055191040039
-2.358267307281494141
-2.388320684432983398
-2.284443378448486328
-2.275137901306152344
-1.844397306442260742
-2.055497407913208008
-2.319514036178588867
-1.046566486358642578
-1.047717213630676270
-1.047563552856445312
-1.042453885078430176
-1.041878700256347656
-1.046875953674316406
-1.047138214111328125
-1.047235131263732910
-1.047166347503662109
-1.047053456306457520
-1.047078728675842285
-1.047868609428405762
-1.028445720672607422
-1.046257257461547852
-1.048997282981872559
-1.048150658607482910
-1.036676406860351562
-1.012968778610229492
-1.018943309783935547
-1.041787624359130859
-1.046299815177917480
-1.047247171401977539
-1.047742843627929688
-1.047663092613220215
-1.048401236534118652
-0.690401911735534668
-1.046580076217651367
-1.050302863121032715
-1.049466252326965332
-1.048419475555419922
-1.046548604965209961
-1.038065791130065918
-1.041147112846374512
-1.046281814575195312
-1.046381115913391113
-1.047456860542297363
-1.048877358436584473
-1.048649072647094727
-0.503411889076232910
-1.045889496803283691
-1.048977732658386230
-1.048050761222839355
-1.046035885810852051
-1.047584533691406250
-1.032013535499572754
-1.034964442253112793
-1.046620130538940430
-1.047648668289184570
-1.047959923744201660
-1.048606514930725098
-1.048936605453491211
-0.473438620567321777
-1.046068906784057617
-1.049553394317626953
-1.047790050506591797
-1.046601653099060059
-1.045762777328491211
-1.046370863914489746
-1.047836422920227051
-1.047047495841979980
-1.047485351562500000
-1.048213839530944824
-1.048224329948425293
-1.048344612121582031
-0.512163579463958740
-1.046904087066650391
-1.049750208854675293
-1.047850012779235840
-1.046524167060852051
-1.041609287261962891
-1.043118953704833984
-1.047859668731689453
-1.047053098678588867
-1.047197103500366211
-1.047566294670104980
-1.049248456954956055
-1.050056457519531250
-0.694506168365478516
-1.047110557556152344
-1.049607157707214355
-1.048365831375122070
-1.047766566276550293
-1.048078894615173340
-1.048682808876037598
-1.048337340354919434
-1.041212677955627441
-1.043771028518676758
-1.047655940055847168
-1.048210144042968750
-1.048363327980041504
-0.699550509452819824
-0.193889647722244263
-0.193923771381378174
-0.193922579288482666
-0.193923115730285645
-0.193923145532608032
-0.193923592567443848
-0.193923681974411011
-0.193922787904739380
-0.193922296166419983
-0.193921923637390137
-0.193925052881240845
-0.193921178579330444
-0.193927377462387085
-0.193857938051223755
-0.193889364600181580
-0.193889304995536804
-0.193889722228050232
-0.193889707326889038
-0.193890661001205444
-0.193890675902366638
-0.193890884518623352
-0.193888574838638306
-0.193888843059539795
-0.193890601396560669
-0.193889871239662170
-0.193895921111106873
-0.193859308958053589
-0.193890303373336792
-0.193889051675796509
-0.193889081478118896
-0.193890720605850220
-0.193891435861587524
-0.193890392780303955
-0.193891033530235291
-0.193890184164047241
-0.193890511989593506
-0.193889468908309937
-0.193889051675796509
-0.193897828459739685
-0.193858906626701355
-0.193892598152160645
-0.193889155983924866
-0.193890526890754700
-0.193888351321220398
-0.193891480565071106
-0.193890526890754700
-0.193890392780303955
-0.193889662623405457
-0.193890795111656189
-0.193890124559402466
-0.193889588117599487
-0.193896844983100891
-0.193858444690704346
-0.193893015384674072
-0.193890303373336792
-0.193890616297721863
-0.193889096379280090
-0.193890094757080078
-0.193889692425727844
-0.193891227245330811
-0.193891003727912903
-0.193889364600181580
-0.193889498710632324
-0.193890854716300964
-0.193895712494850159
-0.193859130144119263
-0.193892925977706909
-0.193889409303665161
-0.193890765309333801
-0.193891361355781555
-0.193888798356056213
-0.193888977169990540
-0.193890854716300964
-0.193891882896423340
-0.193890333175659180
-0.193889603018760681
-0.193889498710632324
-0.193896025419235229
-0.193858981132507324
-0.193893834948539734
-0.193891212344169617
-0.193891078233718872
-0.193892955780029297
-0.193890854716300964
-0.193890973925590515
-0.193890392780303955
-0.193891450762748718
-0.193893462419509888
-0.193891808390617371
-0.193890124559402466
-0.193894788622856140
-0.332275271415710449
-0.332275211811065674
-0.332275211811065674
-0.332275211811065674
-0.332275211811065674
-0.332275211811065674
-0.332275211811065674
-0.332275211811065674
-0.332275211811065674
-0.332275211811065674
-0.332275211811065674
-0.332275211811065674
-0.332275211811065674
-0.332275211811065674
-0.332275092601776123
-0.332275092601776123
-0.332275092601776123
-0.332275092601776123
-0.332275092601776123
-0.332275092601776123
-0.332275092601776123
-0.332275092601776123
-0.332275092601776123
-0.332275092601776123
-0.332275092601776123
-0.332275092601776123
-0.332275211811065674
-0.332275092601776123
-0.332275092601776123
-0.332275092601776123
-0.332275092601776123
-0.332275092601776123
-0.332275092601776123
-0.332275092601776123
-0.332275092601776123
-0.332275092601776123
-0.332275092601776123
-0.332275092601776123
-0.332275092601776123
-0.332275211811065674
-0.332275092601776123
-0.332275092601776123
-0.332275092601776123
-0.332275092601776123
-0.332275092601776123
-0.332275092601776123
-0.332275092601776123
-0.332275092601776123
-0.332275092601776123
-0.332275092601776123
-0.332275092601776123
-0.332275092601776123
-0.332275211811065674
-0.332275092601776123
-0.332275092601776123
-0.332275092601776123
-0.332275092601776123
-0.332275092601776123
-0.332275092601776123
-0.332275092601776123
-0.332275092601776123
-0.332275092601776123
-0.332275092601776123
-0.332275092601776123
-0.332275092601776123
-0.332275211811065674
-0.332275092601776123
-0.332275092601776123
-0.332275092601776123
-0.332275092601776123
-0.332275092601776123
-0.332275092601776123
-0.332275092601776123
-0.332275092601776123
-0.332275092601776123
-0.332275092601776123
-0.332275092601776123
-0.332275092601776123
-0.332275211811065674
-0.332275092601776123
-0.332275092601776123
-0.332275092601776123
-0.332275092601776123
-0.332275092601776123
-0.332275092601776123
-0.332275092601776123
-0.332275092601776123
-0.332275092601776123
-0.332275092601776123
-0.332275092601776123
-0.332275092601776123
-0.032998934388160706
0.074103884398937225
0.131070584058761597
0.158081769943237305
0.184801340103149414
0.195479065179824829
0.138159215450286865
0.169427424669265747
0.151094675064086914
0.152451291680335999
0.189607143402099609
0.054221197962760925
0.391198366880416870
-0.060986980795860291
0.122761152684688568
0.323644191026687622
0.343620061874389648
0.358795464038848877
0.359755218029022217
0.315726876258850098
0.329403400421142578
0.351021349430084229
0.364078074693679810
0.339480698108673096
0.260303139686584473
0.750001132488250732
-0.088927909731864929
0.118059054017066956
0.410534977912902832
0.368119955062866211
0.352847516536712646
0.393825054168701172
0.435177505016326904
0.401488482952117920
0.394096851348876953
0.407344102859497070
0.392799735069274902
0.325007379055023193
0.836930572986602783
-0.061319857835769653
0.155306085944175720
0.371680408716201782
0.418096929788589478
0.343071818351745605
0.409440040588378906
0.425751090049743652
0.392783045768737793
0.409246295690536499
0.381977140903472900
0.411581814289093018
0.324097901582717896
0.795769751071929932
-0.064494565129280090
0.144153520464897156
0.328837811946868896
0.400120079517364502
0.391703844070434570
0.433005154132843018
0.413477271795272827
0.355702340602874756
0.407667815685272217
0.366868197917938232
0.393577098846435547
0.369320809841156006
0.734225988388061523
-0.020193427801132202
0.080026336014270782
0.337108463048934937
0.396070152521133423
0.350782901048660278
0.402168124914169312
0.360550701618194580
0.413282692432403564
0.419544935226440430
0.371237695217132568
0.414391070604324341
0.338180303573608398
0.699421644210815430
0.019630223512649536
0.043008182197809219
0.311598449945449829
0.412648767232894897
0.338156938552856445
0.350480318069458008
0.331301897764205933
0.452200859785079956
0.357659012079238892
0.438627630472183228
0.364860951900482178
0.268295496702194214
0.679845511913299561
0.687185704708099365
0.829030990600585938
0.828114092350006104
0.824236512184143066
0.828533351421356201
0.825251102447509766
0.825271964073181152
0.827432036399841309
0.824089884757995605
0.826560437679290771
0.826394796371459961
0.832113623619079590
0.812110126018524170
1.145092010498046875
1.635232448577880859
1.623245239257812500
1.619626522064208984
1.620979189872741699
1.621482968330383301
1.617464780807495117
1.615979909896850586
1.620401859283447266
1.617535710334777832
1.621374487876892090
1.610489845275878906
1.621943235397338867
1.141124129295349121
1.617861032485961914
1.605624794960021973
1.605017304420471191
1.597489714622497559
1.594850778579711914
1.591419935226440430
1.590573668479919434
1.598414897918701172
1.589028716087341309
1.590935111045837402
1.574854135513305664
1.644901633262634277
1.157060980796813965
1.624773979187011719
1.597624301910400391
1.584120154380798340
1.580388784408569336
1.606908798217773438
1.605265617370605469
1.591956496238708496
1.582225680351257324
1.580546021461486816
1.595220923423767090
1.581541776657104492
1.662314772605895996
1.134345412254333496
1.594416379928588867
1.600374341011047363
1.591053605079650879
1.571539044380187988
1.573987722396850586
1.574495792388916016
1.577489733695983887
1.580603480339050293
1.581456422805786133
1.599343419075012207
1.593479394912719727
1.648964047431945801
1.135380029678344727
1.627366662025451660
1.602684378623962402
1.595569014549255371
1.592762708663940430
1.607653379440307617
1.602180480957031250
1.584306836128234863
1.580239534378051758
1.583101391792297363
1.586368083953857422
1.582455635070800781
1.621701478958129883
1.152853488922119141
1.666061639785766602
1.656424045562744141
1.631298542022705078
1.596330881118774414
1.633368372917175293
1.635457634925842285
1.643414855003356934
1.622498869895935059
1.627463579177856445
1.634405493736267090
1.639683127403259277
1.676712393760681152
1.015736103057861328
0.050999015569686890
0.051923751831054688
0.047745823860168457
0.050583511590957642
0.050695806741714478
0.052287578582763672
0.044340640306472778
0.054509669542312622
0.046456336975097656
0.050040274858474731
0.051197916269302368
0.035644888877868652
1.179697751998901367
-0.433716475963592529
-0.453085482120513916
-0.446360647678375244
-0.448034942150115967
-0.451945245265960693
-0.440810322761535645
-0.444693148136138916
-0.447151422500610352
-0.449241816997528076
-0.445082068443298340
-0.447763681411743164
-0.493026494979858398
1.182351827621459961
-0.429406821727752686
-0.466919541358947754
-0.436096012592315674
-0.447133600711822510
-0.450759291648864746
-0.447807192802429199
-0.442749857902526855
-0.441121101379394531
-0.443452537059783936
-0.437161982059478760
-0.441416025161743164
-0.509539723396301270
1.180350780487060547
-0.430731296539306641
-0.464569807052612305
-0.436722934246063232
-0.443280458450317383
-0.455986618995666504
-0.446177363395690918
-0.434251010417938232
-0.447754561901092529
-0.441630840301513672
-0.437867283821105957
-0.445166766643524170
-0.489653348922729492
1.175687789916992188
-0.419956147670745850
-0.454656004905700684
-0.438766539096832275
-0.447589397430419922
-0.448235213756561279
-0.440671324729919434
-0.439022600650787354
-0.445198774337768555
-0.442083001136779785
-0.441427052021026611
-0.444981276988983154
-0.488060235977172852
1.174932837486267090
-0.414439380168914795
-0.453148186206817627
-0.440914094448089600
-0.432766199111938477
-0.441985666751861572
-0.437825858592987061
-0.447852551937103271
-0.440138399600982666
-0.445330739021301270
-0.439354479312896729
-0.449529230594635010
-0.494903087615966797
1.175541877746582031
-0.418246388435363770
-0.453295588493347168
-0.450809538364410400
-0.435651779174804688
-0.436801850795745850
-0.444940507411956787
-0.452761173248291016
-0.434710681438446045
-0.453437745571136475
-0.442832410335540771
-0.440795302391052246
-0.470197319984436035
0.216308593750000000
0.216308593750000000
0.216308593750000000
0.216308593750000000
0.216308593750000000
0.216308593750000000
0.216308593750000000
0.216308593750000000
0.216308593750000000
0.216308593750000000
0.216308593750000000
0.216308593750000000
0.216308593750000000
0.216308593750000000
0.216308593750000000
0.216308593750000000
0.216308593750000000
0.216308593750000000
0.216308593750000000
0.216308593750000000
0.216308593750000000
0.216308593750000000
0.216308593750000000
0.216308593750000000
0.216308593750000000
0.216308593750000000
0.216308593750000000
0.216308593750000000
0.216308593750000000
0.216308593750000000
0.216308593750000000
0.216308593750000000
0.216308593750000000
0.216308593750000000
0.216308593750000000
0.216308593750000000
0.216308593750000000
0.216308593750000000
0.216308593750000000
0.216308593750000000
0.216308593750000000
0.216308593750000000
0.216308593750000000
0.216308593750000000
0.216308593750000000
0.216308593750000000
0.216308593750000000
0.216308593750000000
0.216308593750000000
0.216308593750000000
0.216308593750000000
0.216308593750000000
0.216308593750000000
0.216308593750000000
0.216308593750000000
0.216308593750000000
0.216308593750000000
0.216308593750000000
0.216308593750000000
0.216308593750000000
0.216308593750000000
0.216308593750000000
0.216308593750000000
0.216308593750000000
0.216308593750000000
0.216308593750000000
0.216308593750000000
0.216308593750000000
0.216308593750000000
0.216308593750000000
0.216308593750000000
0.216308593750000000
0.216308593750000000
0.216308593750000000
0.216308593750000000
0.216308593750000000
0.216308593750000000
0.216308593750000000
0.216308593750000000
0.216308593750000000
0.216308593750000000
0.216308593750000000
0.216308593750000000
0.216308593750000000
0.216308593750000000
0.216308593750000000
0.216308593750000000
0.216308593750000000
0.216308593750000000
0.216308593750000000
0.216308593750000000
0.132020428776741028
0.181408464908599854
0.167352855205535889
0.170625150203704834
0.177707940340042114
0.180844604969024658
0.182363495230674744
0.175978153944015503
0.171096950769424438
0.165111213922500610
0.179857313632965088
0.158500045537948608
0.168642163276672363
0.208275586366653442
0.326490670442581177
0.288736253976821899
0.292982578277587891
0.303701460361480713
0.309900641441345215
0.317568242549896240
0.302138686180114746
0.294188171625137329
0.287447750568389893
0.298066556453704834
0.267370343208312988
0.302759945392608643
0.194054782390594482
0.301649332046508789
0.260525286197662354
0.266045063734054565
0.273502111434936523
0.283507227897644043
0.278463959693908691
0.270097821950912476
0.267787396907806396
0.273646146059036255
0.260636866092681885
0.254346668720245361
0.305245637893676758
0.191757127642631531
0.287151157855987549
0.257085442543029785
0.274430453777313232
0.292352348566055298
0.269507199525833130
0.278808534145355225
0.273376107215881348
0.268696486949920654
0.267295658588409424
0.259200513362884521
0.242964252829551697
0.307067334651947021
0.179182186722755432
0.289442062377929688
0.265300333499908447
0.272426009178161621
0.290127277374267578
0.271293699741363525
0.271962344646453857
0.278647541999816895
0.276402115821838379
0.262505352497100830
0.252601981163024902
0.249989643692970276
0.301275134086608887
0.164777338504791260
0.300540030002593994
0.260676294565200806
0.274078369140625000
0.282781124114990234
0.266575485467910767
0.254935890436172485
0.266362249851226807
0.279749393463134766
0.275687426328659058
0.261236488819122314
0.256343841552734375
0.299784272909164429
0.169072687625885010
0.281918704509735107
0.246596112847328186
0.271181851625442505
0.274041473865509033
0.258095920085906982
0.238438591361045837
0.250973343849182129
0.272600084543228149
0.274675130844116211
0.253848701715469360
0.241222426295280457
0.279988288879394531
-1.058149814605712891
-0.822106063365936279
-0.820226192474365234
-0.819859325885772705
-0.820679962635040283
-0.821380555629730225
-0.820939362049102783
-0.820674061775207520
-0.819804310798645020
-0.820254147052764893
-0.821609079837799072
-0.817680537700653076
-0.817430257797241211
-1.360920429229736328
-0.789424777030944824
-0.813938319683074951
-0.812457561492919922
-0.813043415546417236
-0.813200175762176514
-0.812921285629272461
-0.812907099723815918
-0.812867999076843262
-0.813014209270477295
-0.814596712589263916
-0.804899930953979492
-0.808801174163818359
-1.314737200736999512
-0.775849759578704834
-0.811605691909790039
-0.812564790248870850
-0.811991930007934570
-0.810402393341064453
-0.810841619968414307
-0.811311542987823486
-0.812531232833862305
-0.811772882938385010
-0.812897562980651855
-0.800554156303405762
-0.822289049625396729
-1.390385866165161133
-0.780707359313964844
-0.808967471122741699
-0.813465058803558350
-0.810043513774871826
-0.809746026992797852
-0.813141763210296631
-0.811005473136901855
-0.811270058155059814
-0.810980975627899170
-0.813232481479644775
-0.799779057502746582
-0.849058270454406738
-1.254844665527343750
-0.813764810562133789
-0.811136364936828613
-0.811346888542175293
-0.809384584426879883
-0.809902131557464600
-0.813218832015991211
-0.811881065368652344
-0.810638070106506348
-0.810509741306304932
-0.811962425708770752
-0.802200257778167725
-0.907903969287872314
-1.301016449928283691
-0.755401849746704102
-0.812112390995025635
-0.813601851463317871
-0.813531577587127686
-0.812409818172454834
-0.811197876930236816
-0.813828885555267334
-0.811515808105468750
-0.810474991798400879
-0.810452401638031006
-0.804189801216125488
-0.832505941390991211
-1.191045641899108887
-0.785754203796386719
-0.813133180141448975
-0.814690649509429932
-0.814265608787536621
-0.815589964389801025
-0.811895251274108887
-0.815697848796844482
-0.812724709510803223
-0.815047502517700195
-0.813744902610778809
-0.808104932308197021
-0.864552438259124756
0.248525172472000122
0.248513221740722656
0.248513221740722656
0.248513221740722656
0.248513221740722656
0.248513221740722656
0.248513221740722656
0.248513221740722656
0.248513221740722656
0.248513221740722656
0.248513221740722656
0.248513221740722656
0.248513221740722656
0.248516321182250977
0.248494133353233337
0.248494133353233337
0.248494133353233337
0.248494133353233337
0.248494133353233337
0.248494133353233337
0.248494133353233337
0.248494133353233337
0.248494133353233337
0.248494133353233337
0.248494133353233337
0.248494133353233337
0.248516321182250977
0.248494133353233337
0.248494133353233337
0.248494133353233337
0.248494133353233337
0.248494133353233337
0.248494133353233337
0.248494133353233337
0.248494133353233337
0.248494133353233337
0.248494133353233337
0.248494133353233337
0.248494133353233337
0.248516321182250977
0.248494133353233337
0.248494133353233337
0.248494133353233337
0.248494133353233337
0.248494133353233337
0.248494133353233337
0.248494133353233337
0.248494133353233337
0.248494133353233337
0.248494133353233337
0.248494133353233337
0.248494133353233337
0.248516321182250977
0.248494133353233337
0.248494133353233337
0.248494133353233337
0.248494133353233337
0.248494133353233337
0.248494133353233337
0.248494133353233337
0.248494133353233337
0.248494133353233337
0.248494133353233337
0.248494133353233337
0.248494133353233337
0.248516321182250977
0.248494133353233337
0.248494133353233337
0.248494133353233337
0.248494133353233337
0.248494133353233337
0.248494133353233337
0.248494133353233337
0.248494133353233337
0.248494133353233337
0.248494133353233337
0.248494133353233337
0.248494133353233337
0.248516321182250977
0.248494133353233337
0.248494133353233337
0.248494133353233337
0.248494133353233337
0.248494133353233337
0.248494133353233337
0.248494133353233337
0.248494133353233337
0.248494133353233337
0.248494133353233337
0.248494133353233337
0.248494133353233337
1.468848943710327148
2.470725536346435547
2.428795337677001953
2.442770719528198242
2.390306234359741211
2.381018400192260742
2.366638898849487305
2.289464473724365234
2.416732311248779297
2.456109046936035156
2.426947832107543945
2.349306583404541016
2.651893615722656250
-1.468956232070922852
-1.734028100967407227
-1.698310613632202148
-1.596511125564575195
-1.583815336227416992
-1.613201618194580078
-1.572339773178100586
-1.512305498123168945
-1.581752777099609375
-1.647939443588256836
-1.582785367965698242
-1.482575178146362305
-1.078453779220581055
-1.557449579238891602
-1.919164896011352539
-1.971603631973266602
-1.945071697235107422
-1.740727186203002930
-1.827548027038574219
-1.861257553100585938
-1.829028367996215820
-1.826268672943115234
-1.990693330764770508
-1.914950847625732422
-1.460483789443969727
-1.157995223999023438
-1.470885753631591797
-1.885211467742919922
-2.001321554183959961
-2.050321102142333984
-1.974342346191406250
-1.686856031417846680
-1.692893266677856445
-1.786589860916137695
-1.956033468246459961
-1.953390598297119141
-1.965120792388916016
-1.575773477554321289
-0.910245835781097412
-1.403024435043334961
-1.831322431564331055
-1.898417234420776367
-1.838501930236816406
-1.895943641662597656
-1.877862215042114258
-1.911087751388549805
-1.869850158691406250
-1.951798915863037109
-2.023010492324829102
-1.940889596939086914
-1.581793546676635742
-0.999037921428680420
-1.424208164215087891
-1.813794374465942383
-1.923008918762207031
-1.992026090621948242
-1.975602626800537109
-1.983327865600585938
-1.947204828262329102
-1.880522966384887695
-1.769851922988891602
-1.912286758422851562
-1.904443025588989258
-1.447547674179077148
-1.080943584442138672
-1.562311172485351562
-1.834560394287109375
-2.010359525680541992
-2.028166055679321289
-2.080515623092651367
-2.073743104934692383
-2.075924158096313477
-1.990809679031372070
-2.055304050445556641
-2.120084524154663086
-2.106772661209106445
-1.878468513488769531
-1.208139419555664062
-0.031357772648334503
-0.031337935477495193
-0.031337935477495193
-0.031337935477495193
-0.031337931752204895
-0.031337931752204895
-0.031337931752204895
-0.031337931752204895
-0.031337931752204895
-0.031337931752204895
-0.031337931752204895
-0.031337931752204895
-0.031337939202785492
-0.031312856823205948
-0.031269993633031845
-0.031269997358322144
-0.031269997358322144
-0.031269993633031845
-0.031269993633031845
-0.031269997358322144
-0.031269993633031845
-0.031269993633031845
-0.031269993633031845
-0.031269993633031845
-0.031270004808902740
-0.031270012259483337
-0.031312856823205948
-0.031269997358322144
-0.031270012259483337
-0.031270015984773636
-0.031270015984773636
-0.031270019710063934
-0.031270019710063934
-0.031270019710063934
-0.031270012259483337
-0.031270012259483337
-0.031270012259483337
-0.031270019710063934
-0.031270019710063934
-0.031312856823205948
-0.031270001083612442
-0.031270012259483337
-0.031270015984773636
-0.031270012259483337
-0.031270015984773636
-0.031270015984773636
-0.031270012259483337
-0.031270012259483337
-0.031270012259483337
-0.031270012259483337
-0.031270019710063934
-0.031270019710063934
-0.031312860548496246
-0.031270001083612442
-0.031270012259483337
-0.031270015984773636
-0.031270012259483337
-0.031270015984773636
-0.031270012259483337
-0.031270012259483337
-0.031270015984773636
-0.031270012259483337
-0.031270015984773636
-0.031270023435354233
-0.031270034611225128
-0.031312853097915649
-0.031270004808902740
-0.031270015984773636
-0.031270015984773636
-0.031270012259483337
-0.031270012259483337
-0.031270012259483337
-0.031270012259483337
-0.031270012259483337
-0.031270012259483337
-0.031270012259483337
-0.031270019710063934
-0.031270027160644531
-0.031312856823205948
-0.031270001083612442
-0.031270012259483337
-0.031270015984773636
-0.031270012259483337
-0.031270008534193039
-0.031270012259483337
-0.031270012259483337
-0.031270012259483337
-0.031270012259483337
-0.031270015984773636
-0.031270015984773636
-0.031270019710063934
1.653804063796997070
4.565924644470214844
4.614786148071289062
4.595603942871093750
4.555038452148437500
4.562504768371582031
4.591279983520507812
4.612025260925292969
4.581913948059082031
4.601622581481933594
4.590089797973632812
4.622283935546875000
4.647994995117187500
-0.735939979553222656
2.328655719757080078
2.426346540451049805
2.405106306076049805
2.398797273635864258
2.392088174819946289
2.349683761596679688
2.355298519134521484
2.366253614425659180
2.384173393249511719
2.381834506988525391
2.392642021179199219
2.487999439239501953
-0.751355171203613281
2.319674015045166016
2.378718614578247070
2.311712980270385742
2.353688001632690430
2.353984594345092773
2.368782758712768555
2.344656705856323242
2.333882808685302734
2.329313516616821289
2.324200153350830078
2.415685415267944336
2.388402462005615234
-0.809174656867980957
2.279283285140991211
2.377848863601684570
2.302844762802124023
2.280465126037597656
2.307221174240112305
2.287849187850952148
2.292704105377197266
2.328141927719116211
2.356038570404052734
2.330040931701660156
2.417862653732299805
2.497724056243896484
-0.751862823963165283
2.303387403488159180
2.341063737869262695
2.337089538574218750
2.325764179229736328
2.335393428802490234
2.354754447937011719
2.342928171157836914
2.341531038284301758
2.329896211624145508
2.339203357696533203
2.394475460052490234
2.529657363891601562
-0.778937697410583496
2.275568723678588867
2.361896514892578125
2.330553293228149414
2.325371503829956055
2.337417602539062500
2.328918933868408203
2.339881896972656250
2.307882785797119141
2.317176580429077148
2.314718723297119141
2.399669408798217773
2.501848459243774414
-0.784420251846313477
2.210214138031005859
2.276937484741210938
2.265261650085449219
2.189527034759521484
2.240437030792236328
2.280348539352416992
2.253968477249145508
2.218744039535522461
2.284080505371093750
2.228461027145385742
2.280723571777343750
2.522284984588623047
0.268975883722305298
0.480827629566192627
0.480635225772857666
0.480693221092224121
0.480765283107757568
0.480842351913452148
0.480873554944992065
0.480750709772109985
0.480660468339920044
0.480720400810241699
0.480726897716522217
0.480776369571685791
0.480817466974258423
0.269932895898818970
0.574131369590759277
0.573896527290344238
0.573902964591979980
0.574101269245147705
0.574367582798004150
0.574224472045898438
0.574056804180145264
0.574042916297912598
0.573914170265197754
0.573895573616027832
0.573994755744934082
0.574033141136169434
0.269936770200729370
0.574047803878784180
0.573940038681030273
0.573634982109069824
0.573793888092041016
0.574242055416107178
0.574166715145111084
0.573966383934020996
0.573917806148529053
0.573889970779418945
0.573733091354370117
0.573807477951049805
0.574159145355224609
0.269935816526412964
0.574373126029968262
0.574040472507476807
0.573689699172973633
0.574064373970031738
0.573968052864074707
0.574049115180969238
0.573851108551025391
0.573930501937866211
0.573733031749725342
0.573694169521331787
0.573890686035156250
0.574091494083404541
0.269933730363845825
0.574254393577575684
0.574013948440551758
0.573821127414703369
0.573907017707824707
0.573795199394226074
0.573805034160614014
0.573702156543731689
0.573901176452636719
0.573727428913116455
0.573682069778442383
0.573842704296112061
0.574007391929626465
0.269929319620132446
0.574235796928405762
0.573936939239501953
0.573799371719360352
0.573745191097259521
0.573854565620422363
0.573758482933044434
0.573741793632507324
0.573904097080230713
0.573800921440124512
0.573775470256805420
0.573775529861450195
0.574057400226593018
0.269933044910430908
0.574432075023651123
0.573951900005340576
0.573805987834930420
0.573700010776519775
0.573801994323730469
0.573772311210632324
0.573732495307922363
0.573798179626464844
0.573946595191955566
0.573856353759765625
0.573781609535217285
0.574082255363464355
-0.665320515632629395
-0.664724171161651611
-0.664583086967468262
-0.664625108242034912
-0.664594769477844238
-0.664587676525115967
-0.664522945880889893
-0.664557516574859619
-0.664553999900817871
-0.664576232433319092
-0.664660811424255371
-0.664506733417510986
-0.664750099182128906
-0.665078222751617432
-0.663095474243164062
-0.662774324417114258
-0.662873387336730957
-0.662689447402954102
-0.662629425525665283
-0.662533700466156006
-0.662599802017211914
-0.662641346454620361
-0.662791788578033447
-0.662875890731811523
-0.662571609020233154
-0.662896871566772461
-0.665125608444213867
-0.663049459457397461
-0.662954509258270264
-0.663084208965301514
-0.663042366504669189
-0.662968397140502930
-0.662955343723297119
-0.662980020046234131
-0.662940084934234619
-0.663008451461791992
-0.663151741027832031
-0.662932932376861572
-0.662890136241912842
-0.665079295635223389
-0.662997007369995117
-0.662999510765075684
-0.663096487522125244
-0.662980079650878906
-0.662932395935058594
-0.662847161293029785
-0.662958443164825439
-0.663000106811523438
-0.663049757480621338
-0.663223862648010254
-0.662949979305267334
-0.662899613380432129
-0.665082335472106934
-0.663056612014770508
-0.663044452667236328
-0.663164138793945312
-0.663065969944000244
-0.663104355335235596
-0.662987053394317627
-0.663072586059570312
-0.663037896156311035
-0.663043856620788574
-0.663253843784332275
-0.663102388381958008
-0.662754535675048828
-0.665104031562805176
-0.662927985191345215
-0.662832438945770264
-0.662962079048156738
-0.663019359111785889
-0.663163304328918457
-0.663086831569671631
-0.663073420524597168
-0.662973880767822266
-0.662947773933410645
-0.663151681423187256
-0.663016438484191895
-0.662771582603454590
-0.665098428726196289
-0.663103878498077393
-0.662754654884338379
-0.662897646427154541
-0.662973403930664062
-0.663003623485565186
-0.662939906120300293
-0.663052380084991455
-0.662962973117828369
-0.662807822227478027
-0.662948310375213623
-0.662888050079345703
-0.662958025932312012
0.065299540758132935
0.065292723476886749
0.065292723476886749
0.065292723476886749
0.065292723476886749
0.065292723476886749
0.065292723476886749
0.065292723476886749
0.065292723476886749
0.065292723476886749
0.065292723476886749
0.065292723476886749
0.065292723476886749
0.065270654857158661
0.065250724554061890
0.065250724554061890
0.065250724554061890
0.065250717103481293
0.065250717103481293
0.065250717103481293
0.065250724554061890
0.065250724554061890
0.065250724554061890
0.065250724554061890
0.065250724554061890
0.065250739455223083
0.065270654857158661
0.065250724554061890
0.065250732004642487
0.065250732004642487
0.065250724554061890
0.065250724554061890
0.065250724554061890
0.065250724554061890
0.065250724554061890
0.065250724554061890
0.065250724554061890
0.065250724554061890
0.065250739455223083
0.065270647406578064
0.065250724554061890
0.065250732004642487
0.065250732004642487
0.065250724554061890
0.065250717103481293
0.065250717103481293
0.065250724554061890
0.065250732004642487
0.065250732004642487
0.065250732004642487
0.065250724554061890
0.065250739455223083
0.065270654857158661
0.065250724554061890
0.065250724554061890
0.065250724554061890
0.065250732004642487
0.065250732004642487
0.065250732004642487
0.065250732004642487
0.065250724554061890
0.065250732004642487
0.065250732004642487
0.065250724554061890
0.065250739455223083
0.065270654857158661
0.065250724554061890
0.065250724554061890
0.065250724554061890
0.065250724554061890
0.065250724554061890
0.065250724554061890
0.065250732004642487
0.065250724554061890
0.065250724554061890
0.065250732004642487
0.065250732004642487
0.065250739455223083
0.065270654857158661
0.065250724554061890
0.065250724554061890
0.065250732004642487
0.065250732004642487
0.065250724554061890
0.065250732004642487
0.065250732004642487
0.065250724554061890
0.065250724554061890
0.065250724554061890
0.065250724554061890
0.065250732004642487
0.024420354515314102
0.022861476987600327
0.024032626301050186
0.024909686297178268
0.024172667413949966
0.023818371817469597
0.023271154612302780
0.025652321055531502
0.023920159786939621
0.024481290951371193
0.024311261251568794
0.021967213600873947
0.080048561096191406
0.048944480717182159
0.019253745675086975
0.023411463946104050
0.023327272385358810
0.022599142044782639
0.024524619802832603
0.023144198581576347
0.023953519761562347
0.022682603448629379
0.023425186052918434
0.022795733064413071
0.018831994384527206
0.816453754901885986
0.020942309871315956
0.018351294100284576
0.025451362133026123
0.022371035069227219
0.022055145353078842
0.023545421659946442
0.023097522556781769
0.023261882364749908
0.023449447005987167
0.023643255233764648
0.022607497870922089
0.017698219045996666
1.397485375404357910
0.043568819761276245
0.019539553672075272
0.025082364678382874
0.023375187069177628
0.021312043070793152
0.023846734315156937
0.023989843204617500
0.021718190982937813
0.022995501756668091
0.024212647229433060
0.023660941049456596
0.016606682911515236
1.005696058273315430
0.021016256883740425
0.020158231258392334
0.024314876645803452
0.023078551515936852
0.022864755243062973
0.022985994815826416
0.024092808365821838
0.022508956491947174
0.022546637803316116
0.024089884012937546
0.023164916783571243
0.016705356538295746
0.956861376762390137
0.021306343376636505
0.019640030339360237
0.024503391236066818
0.023523733019828796
0.024024922400712967
0.023031327873468399
0.021336890757083893
0.024241374805569649
0.022968810051679611
0.023473719134926796
0.022659584879875183
0.017959069460630417
0.744452178478240967
0.021439258009195328
0.019458200782537460
0.022968124598264694
0.024937793612480164
0.022766072303056717
0.022374249994754791
0.023303268477320671
0.025812948122620583
0.020166337490081787
0.024051370099186897
0.023083977401256561
0.019306365400552750
0.567348361015319824
3.058184146881103516
1.041544675827026367
0.386132240295410156
-0.306606769561767578
-0.659458160400390625
-0.405383110046386719
0.278115272521972656
0.245491981506347656
0.124377727508544922
-0.247116565704345703
-0.082665920257568359
0.203660011291503906
-1.488954067230224609
3.483106851577758789
0.290271282196044922
-1.604015350341796875
-2.343446254730224609
-2.405878543853759766
-2.597058296203613281
-2.305353641510009766
-2.035745620727539062
-2.268944740295410156
-2.404905319213867188
-2.164691448211669922
-2.523889064788818359
-4.961650371551513672
3.890396118164062500
1.139550685882568359
-1.591458797454833984
-1.585805416107177734
-1.667228221893310547
-2.247666835784912109
-2.165740966796875000
-1.868596553802490234
-1.785493373870849609
-1.938417911529541016
-1.703724861145019531
-2.921311855316162109
-5.337081432342529297
3.921009778976440430
1.159045219421386719
-1.826077938079833984
-2.047695159912109375
-2.167757511138916016
-2.201518535614013672
-1.783611297607421875
-1.752133846282958984
-1.905151367187500000
-2.100665092468261719
-1.898179531097412109
-2.759462833404541016
-5.279776096343994141
3.895648479461669922
1.218360424041748047
-0.945096969604492188
-1.860880851745605469
-2.311765193939208984
-2.451958179473876953
-1.959798812866210938
-1.769298076629638672
-1.828546047210693359
-1.944186687469482422
-1.829880237579345703
-2.671628475189208984
-4.852955341339111328
4.022565364837646484
1.204484701156616211
-1.106624126434326172
-1.692552566528320312
-1.514255046844482422
-1.903069019317626953
-2.145407199859619141
-2.063900470733642578
-1.789440631866455078
-1.802583694458007812
-1.862321376800537109
-2.495694637298583984
-4.612048625946044922
3.773115158081054688
1.404109954833984375
-1.038397312164306641
-2.183733940124511719
-1.565307140350341797
-1.226653099060058594
-1.690047264099121094
-2.383546352386474609
-2.103490829467773438
-1.831428527832031250
-1.183883666992187500
-1.377903938293457031
-3.692659854888916016
-0.635570049285888672
-0.306289672851562500
-0.306878089904785156
-0.064808487892150879
-0.149752259254455566
-0.415226340293884277
-0.364122986793518066
-0.277051568031311035
-0.205061554908752441
-0.195267081260681152
-0.332761883735656738
-0.195758223533630371
0.685517311096191406
-1.778829216957092285
-0.758944869041442871
-0.483970046043395996
-0.380918145179748535
-0.270031332969665527
-0.486593008041381836
-0.621093034744262695
-0.486543059349060059
-0.583119511604309082
-0.527788639068603516
-0.672095537185668945
0.140289425849914551
0.867157101631164551
-2.067553997039794922
-0.741464734077453613
-0.488015413284301758
-0.679216742515563965
-0.350409507751464844
-0.455894470214843750
-0.542526483535766602
-0.388570666313171387
-0.516005516052246094
-0.522672057151794434
-0.736770510673522949
0.243727087974548340
0.847528696060180664
-1.941486716270446777
-0.774881482124328613
-0.314149260520935059
-0.599715590476989746
-0.527825951576232910
-0.392761826515197754
-0.521772742271423340
-0.624903321266174316
-0.550031304359436035
-0.563748240470886230
-0.765392422676086426
0.158730268478393555
1.471713304519653320
-1.823233008384704590
-0.789959549903869629
-0.292800188064575195
-0.581344008445739746
-0.519176483154296875
-0.455309987068176270
-0.574104547500610352
-0.491663694381713867
-0.560241341590881348
-0.435608744621276855
-0.718514800071716309
0.061952829360961914
0.962930977344512939
-1.918862700462341309
-0.704125046730041504
-0.350184082984924316
-0.445833325386047363
-0.431812763214111328
-0.479118585586547852
-0.568925023078918457
-0.441099286079406738
-0.687980532646179199
-0.488201260566711426
-0.773351550102233887
0.057440161705017090
0.658469378948211670
-1.460129141807556152
-0.493460893630981445
-0.304929971694946289
-0.249209284782409668
-0.385410547256469727
-0.491124749183654785
-0.195956587791442871
-0.227637290954589844
-0.442533850669860840
-0.404684424400329590
-0.434623479843139648
0.066939473152160645
1.146018624305725098
-0.539921581745147705
-0.541267275810241699
-0.541339337825775146
-0.541468799114227295
-0.541599214076995850
-0.541534841060638428
-0.541076481342315674
-0.541442215442657471
-0.541152656078338623
-0.541362524032592773
-0.541336059570312500
-0.540993988513946533
-0.541932702064514160
-0.537615954875946045
-0.538940131664276123
-0.539195120334625244
-0.539119541645050049
-0.539223968982696533
-0.539545655250549316
-0.539228618144989014
-0.539158225059509277
-0.539129018783569336
-0.539141356945037842
-0.539179444313049316
-0.538645565509796143
-0.539528250694274902
-0.537322700023651123
-0.538461625576019287
-0.539057791233062744
-0.538966119289398193
-0.538794755935668945
-0.538558423519134521
-0.538740992546081543
-0.538927614688873291
-0.539096653461456299
-0.539002120494842529
-0.538777887821197510
-0.538398146629333496
-0.535208761692047119
-0.537475764751434326
-0.538144946098327637
-0.539088487625122070
-0.539673864841461182
-0.538699686527252197
-0.538964748382568359
-0.538823723793029785
-0.538699209690093994
-0.539109706878662109
-0.539237797260284424
-0.538778185844421387
-0.538674950599670410
-0.540230810642242432
-0.537445127964019775
-0.538407981395721436
-0.538944423198699951
-0.539200842380523682
-0.539306521415710449
-0.539074778556823730
-0.538935780525207520
-0.538815259933471680
-0.538897871971130371
-0.539108514785766602
-0.538871705532073975
-0.538806974887847900
-0.540425240993499756
-0.537041544914245605
-0.538248598575592041
-0.539069116115570068
-0.539325177669525146
-0.538913547992706299
-0.538761377334594727
-0.538854956626892090
-0.538759112358093262
-0.538824498653411865
-0.538708150386810303
-0.538953542709350586
-0.539243757724761963
-0.539614975452423096
-0.537735104560852051
-0.538175523281097412
-0.538949549198150635
-0.539785325527191162
-0.539117455482482910
-0.538780570030212402
-0.538761734962463379
-0.539118111133575439
-0.538581311702728271
-0.538730561733245850
-0.539038062095642090
-0.539038777351379395
-0.539325475692749023
0.176447674632072449
0.176492318511009216
0.176481902599334717
0.176472693681716919
0.176466584205627441
0.176475703716278076
0.176479518413543701
0.176476612687110901
0.176471561193466187
0.176474809646606445
0.176478147506713867
0.176478236913681030
0.176468491554260254
0.176429674029350281
0.176477223634719849
0.176477119326591492
0.176472470164299011
0.176467046141624451
0.176470637321472168
0.176464319229125977
0.176477625966072083
0.176461189985275269
0.176463544368743896
0.176469609141349792
0.176475778222084045
0.176469892263412476
0.176440909504890442
0.176478177309036255
0.176471859216690063
0.176465481519699097
0.176472425460815430
0.176472261548042297
0.176460295915603638
0.176469027996063232
0.176469281315803528
0.176460742950439453
0.176470294594764709
0.176473066210746765
0.176488459110260010
0.176441699266433716
0.176459625363349915
0.176489681005477905
0.176462858915328979
0.176474809646606445
0.176482155919075012
0.176466986536979675
0.176460132002830505
0.176473438739776611
0.176468670368194580
0.176469683647155762
0.176466390490531921
0.176481410861015320
0.176445752382278442
0.176455542445182800
0.176482319831848145
0.176462963223457336
0.176465377211570740
0.176462903618812561
0.176470980048179626
0.176468431949615479
0.176466912031173706
0.176468178629875183
0.176463589072227478
0.176473021507263184
0.176489382982254028
0.176448330283164978
0.176459386944770813
0.176479682326316833
0.176464900374412537
0.176476061344146729
0.176470413804054260
0.176468774676322937
0.176474586129188538
0.176460534334182739
0.176469683647155762
0.176465466618537903
0.176469177007675171
0.176480114459991455
0.176451802253723145
0.176455572247505188
0.176475003361701965
0.176468715071678162
0.176457911729812622
0.176469877362251282
0.176471993327140808
0.176470771431922913
0.176457419991493225
0.176469296216964722
0.176475256681442261
0.176464110612869263
0.176472917199134827
0.530536293983459473
0.530087113380432129
0.530087292194366455
0.530087888240814209
0.530088543891906738
0.530088841915130615
0.530088484287261963
0.530087888240814209
0.530087411403656006
0.530087769031524658
0.530088126659393311
0.530087530612945557
0.530086338520050049
0.529522418975830078
0.528901696205139160
0.528902292251586914
0.528903186321258545
0.528904855251312256
0.528904557228088379
0.528904139995574951
0.528903722763061523
0.528902769088745117
0.528902292251586914
0.528902828693389893
0.528901994228363037
0.528902292251586914
0.529521465301513672
0.528901100158691406
0.528900742530822754
0.528901576995849609
0.528903245925903320
0.528904616832733154
0.528903722763061523
0.528902947902679443
0.528902590274810791
0.528902292251586914
0.528901934623718262
0.528901398181915283
0.528902590274810791
0.529521882534027100
0.528901159763336182
0.528901398181915283
0.528902947902679443
0.528903186321258545
0.528902769088745117
0.528902888298034668
0.528903007507324219
0.528901755809783936
0.528901338577270508
0.528901815414428711
0.528901159763336182
0.528902113437652588
0.529520869255065918
0.528900146484375000
0.528901875019073486
0.528902888298034668
0.528902769088745117
0.528901994228363037
0.528901457786560059
0.528902411460876465
0.528902590274810791
0.528901040554046631
0.528900802135467529
0.528901100158691406
0.528901278972625732
0.529520094394683838
0.528901040554046631
0.528902053833007812
0.528902411460876465
0.528902411460876465
0.528901994228363037
0.528901994228363037
0.528902471065521240
0.528903067111968994
0.528902292251586914
0.528900861740112305
0.528900742530822754
0.528901696205139160
0.529518961906433105
0.528899490833282471
0.528900861740112305
0.528901219367980957
0.528900682926177979
0.528900861740112305
0.528900802135467529
0.528901755809783936
0.528903007507324219
0.528902232646942139
0.528900265693664551
0.528900325298309326
0.528900802135467529
0.010047543793916702
0.127558484673500061
0.127613931894302368
0.127300262451171875
0.127160578966140747
0.127293094992637634
0.127334222197532654
0.127430811524391174
0.127581104636192322
0.127427175641059875
0.127529412508010864
0.127454459667205811
0.127381294965744019
-0.072147466242313385
0.063207238912582397
0.062640115618705750
0.062795504927635193
0.062686711549758911
0.062764078378677368
0.062829956412315369
0.062386754900217056
0.062656253576278687
0.062571629881858826
0.062680825591087341
0.062521234154701233
0.062427874654531479
-0.073075726628303528
0.062431532889604568
0.062216650694608688
0.062508016824722290
0.062829211354255676
0.062380593270063400
0.062264960259199142
0.062502101063728333
0.062571585178375244
0.062474343925714493
0.062490742653608322
0.062621474266052246
0.061690714210271835
-0.072414219379425049
0.063474729657173157
0.062215428799390793
0.062398452311754227
0.062539428472518921
0.062936782836914062
0.062800109386444092
0.062857374548912048
0.062592476606369019
0.062757164239883423
0.062642037868499756
0.062402281910181046
0.062364209443330765
-0.073106661438941956
0.063452541828155518
0.062892079353332520
0.062855288386344910
0.062367755919694901
0.062382262200117111
0.062317486852407455
0.062742739915847778
0.062246438115835190
0.062489163130521774
0.062585011124610901
0.062657549977302551
0.062223535031080246
-0.072754010558128357
0.063716351985931396
0.062584936618804932
0.062581866979598999
0.062920421361923218
0.062539115548133850
0.062617316842079163
0.062616735696792603
0.062775611877441406
0.062592506408691406
0.062341105192899704
0.062625855207443237
0.062120821326971054
-0.073135793209075928
0.063887804746627808
0.063139319419860840
0.062618762254714966
0.062975168228149414
0.063068538904190063
0.062978312373161316
0.062515124678611755
0.062656909227371216
0.062933772802352905
0.063172429800033569
0.063182577490806580
0.062820762395858765
0.211064398288726807
0.233047604560852051
0.234594523906707764
0.236740708351135254
0.235949963331222534
0.234429478645324707
0.233342230319976807
0.235937356948852539
0.234651654958724976
0.235000163316726685
0.232507377862930298
0.233071655035018921
0.251903533935546875
0.292424798011779785
0.313032448291778564
0.316530227661132812
0.317517697811126709
0.317889034748077393
0.320002257823944092
0.320185154676437378
0.318632006645202637
0.319381117820739746
0.318725496530532837
0.315459638833999634
0.318225383758544922
0.350831389427185059
0.288396596908569336
0.311701476573944092
0.317615658044815063
0.315867692232131958
0.315256416797637939
0.317479282617568970
0.318457216024398804
0.316720575094223022
0.317178517580032349
0.318334907293319702
0.317599773406982422
0.324072569608688354
0.351323217153549194
0.289028078317642212
0.314346373081207275
0.320912182331085205
0.320708781480789185
0.317852556705474854
0.318690031766891479
0.318827241659164429
0.316747754812240601
0.316985130310058594
0.319084852933883667
0.316622942686080933
0.320323020219802856
0.347932547330856323
0.290825903415679932
0.313653320074081421
0.316910296678543091
0.319728940725326538
0.319429427385330200
0.319073945283889771
0.318676590919494629
0.318519681692123413
0.316652089357376099
0.317548543214797974
0.317634701728820801
0.320281714200973511
0.347982436418533325
0.289302110671997070
0.309578329324722290
0.315695464611053467
0.318049520254135132
0.320664942264556885
0.318580240011215210
0.317061126232147217
0.317489802837371826
0.317019611597061157
0.318157702684402466
0.315109223127365112
0.318295359611511230
0.345389425754547119
0.290399849414825439
0.306847393512725830
0.310852050781250000
0.316203147172927856
0.313393563032150269
0.310248792171478271
0.313707798719406128
0.317814409732818604
0.313618868589401245
0.312142640352249146
0.309185177087783813
0.312576085329055786
0.333597123622894287
-0.351602226495742798
-0.351658642292022705
-0.351659208536148071
-0.351659119129180908
-0.351659178733825684
-0.351659119129180908
-0.351659506559371948
-0.351659387350082397
-0.351659327745437622
-0.351659029722213745
-0.351659208536148071
-0.351659208536148071
-0.351658523082733154
-0.351637691259384155
-0.351708143949508667
-0.351707786321640015
-0.351707428693771362
-0.351706892251968384
-0.351706802845001221
-0.351707100868225098
-0.351707190275192261
-0.351707160472869873
-0.351707071065902710
-0.351707786321640015
-0.351707816123962402
-0.351706117391586304
-0.351638406515121460
-0.351708710193634033
-0.351708024740219116
-0.351707816123962402
-0.351706713438034058
-0.351707309484481812
-0.351707398891448975
-0.351707577705383301
-0.351707696914672852
-0.351707547903060913
-0.351708292961120605
-0.351708203554153442
-0.351706117391586304
-0.351637899875640869
-0.351708471775054932
-0.351707518100738525
-0.351707100868225098
-0.351707488298416138
-0.351707398891448975
-0.351707041263580322
-0.351707249879837036
-0.351707607507705688
-0.351708024740219116
-0.351708143949508667
-0.351707994937896729
-0.351704448461532593
-0.351638168096542358
-0.351708292961120605
-0.351707518100738525
-0.351707607507705688
-0.351707786321640015
-0.351707816123962402
-0.351707667112350464
-0.351707309484481812
-0.351707756519317627
-0.351707488298416138
-0.351708114147186279
-0.351707875728607178
-0.351705938577651978
-0.351637780666351318
-0.351708233356475830
-0.351707786321640015
-0.351707428693771362
-0.351707309484481812
-0.351707547903060913
-0.351707816123962402
-0.351707249879837036
-0.351707428693771362
-0.351707637310028076
-0.351708263158798218
-0.351707667112350464
-0.351706802845001221
-0.351637482643127441
-0.351708233356475830
-0.351708412170410156
-0.351707041263580322
-0.351707845926284790
-0.351707816123962402
-0.351708263158798218
-0.351707518100738525
-0.351708412170410156
-0.351707875728607178
-0.351707696914672852
-0.351707786321640015
-0.351705044507980347
-0.269287109375000000
-0.269287109375000000
-0.269287109375000000
-0.269287109375000000
-0.269287109375000000
-0.269287109375000000
-0.269287109375000000
-0.269287109375000000
-0.269287109375000000
-0.269287109375000000
-0.269287109375000000
-0.269287109375000000
-0.269287109375000000
-0.269287109375000000
-0.269287109375000000
-0.269287109375000000
-0.269287109375000000
-0.269287109375000000
-0.269287109375000000
-0.269287109375000000
-0.269287109375000000
-0.269287109375000000
-0.269287109375000000
-0.269287109375000000
-0.269287109375000000
-0.269287109375000000
-0.269287109375000000
-0.269287109375000000
-0.269287109375000000
-0.269287109375000000
-0.269287109375000000
-0.269287109375000000
-0.269287109375000000
-0.269287109375000000
-0.269287109375000000
-0.269287109375000000
-0.269287109375000000
-0.269287109375000000
-0.269287109375000000
-0.269287109375000000
-0.269287109375000000
-0.269287109375000000
-0.269287109375000000
-0.269287109375000000
-0.269287109375000000
-0.269287109375000000
-0.269287109375000000
-0.269287109375000000
-0.269287109375000000
-0.269287109375000000
-0.269287109375000000
-0.269287109375000000
-0.269287109375000000
-0.269287109375000000
-0.269287109375000000
-0.269287109375000000
-0.269287109375000000
-0.269287109375000000
-0.269287109375000000
-0.269287109375000000
-0.269287109375000000
-0.269287109375000000
-0.269287109375000000
-0.269287109375000000
-0.269287109375000000
-0.269287109375000000
-0.269287109375000000
-0.269287109375000000
-0.269287109375000000
-0.269287109375000000
-0.269287109375000000
-0.269287109375000000
-0.269287109375000000
-0.269287109375000000
-0.269287109375000000
-0.269287109375000000
-0.269287109375000000
-0.269287109375000000
-0.269287109375000000
-0.269287109375000000
-0.269287109375000000
-0.269287109375000000
-0.269287109375000000
-0.269287109375000000
-0.269287109375000000
-0.269287109375000000
-0.269287109375000000
-0.269287109375000000
-0.269287109375000000
-0.269287109375000000
-0.269287109375000000
0.626725673675537109
0.926363825798034668
0.824378788471221924
0.819791436195373535
0.819618582725524902
0.822312831878662109
0.835993707180023193
0.823310136795043945
0.853665888309478760
0.820242941379547119
0.823331117630004883
0.867336511611938477
0.823183894157409668
0.528041005134582520
1.206745624542236328
0.838165700435638428
0.822634100914001465
0.845269978046417236
0.819832324981689453
0.820462465286254883
0.800992846488952637
0.820334374904632568
0.822516322135925293
0.814259588718414307
0.858658611774444580
0.839289605617523193
0.542259871959686279
1.276935338973999023
0.820295989513397217
0.807750880718231201
0.821205615997314453
0.820034265518188477
0.820279181003570557
0.815355896949768066
0.790223956108093262
0.821884632110595703
0.815699636936187744
0.837582767009735107
0.885998368263244629
0.532664060592651367
1.272122383117675781
0.833858430385589600
0.816754758358001709
0.876531124114990234
0.819223940372467041
0.820751011371612549
0.872318506240844727
0.813773036003112793
0.819420814514160156
0.822288036346435547
0.872865200042724609
0.864572286605834961
0.567401289939880371
1.237225413322448730
0.816467106342315674
0.837087750434875488
0.803215980529785156
0.817350566387176514
0.845272779464721680
0.859748363494873047
0.838261127471923828
0.819704532623291016
0.820756673812866211
0.840578198432922363
0.877258539199829102
0.551378965377807617
1.245554089546203613
0.859840989112854004
0.854786813259124756
0.844001710414886475
0.841649472713470459
0.846986591815948486
0.816958785057067871
0.901733279228210449
0.834236979484558105
0.861743211746215820
0.846713900566101074
0.847374975681304932
0.646780371665954590
1.171072483062744141
0.865264236927032471
0.822745561599731445
0.850555717945098877
0.803268969058990479
0.819846689701080322
0.828360438346862793
0.902273178100585938
0.837230384349822998
0.899388790130615234
0.877966105937957764
0.852968752384185791
0.818207502365112305
0.826805472373962402
0.831350088119506836
0.834119081497192383
0.835485577583312988
0.834484636783599854
0.832483887672424316
0.832519412040710449
0.832884490489959717
0.833796679973602295
0.834111452102661133
0.832533299922943115
0.836759686470031738
0.802677989006042480
0.826862871646881104
0.839214920997619629
0.841265678405761719
0.841683387756347656
0.842622160911560059
0.840930938720703125
0.840420186519622803
0.841017723083496094
0.841804504394531250
0.841199159622192383
0.841519117355346680
0.845990836620330811
0.821383059024810791
0.827349364757537842
0.839339733123779297
0.838926136493682861
0.840678870677947998
0.842674195766448975
0.841923415660858154
0.841414511203765869
0.840651035308837891
0.840417683124542236
0.839718639850616455
0.842154979705810547
0.845635771751403809
0.813838899135589600
0.826381087303161621
0.837644994258880615
0.841053545475006104
0.840756416320800781
0.841956853866577148
0.840357303619384766
0.839642107486724854
0.841516017913818359
0.841268420219421387
0.839885115623474121
0.841650307178497314
0.845670998096466064
0.819036126136779785
0.825134575366973877
0.835219383239746094
0.839396834373474121
0.840900123119354248
0.841759324073791504
0.840177416801452637
0.839018404483795166
0.838910996913909912
0.840129911899566650
0.840470969676971436
0.842362999916076660
0.844321548938751221
0.814126312732696533
0.823667287826538086
0.835883677005767822
0.839161574840545654
0.837533116340637207
0.837843060493469238
0.840575158596038818
0.842473626136779785
0.838683545589447021
0.838515818119049072
0.839363574981689453
0.842041075229644775
0.845855414867401123
0.819952547550201416
0.821635365486145020
0.835644841194152832
0.839855253696441650
0.837663948535919189
0.835509240627288818
0.838985621929168701
0.841082215309143066
0.839409768581390381
0.839101731777191162
0.834899187088012695
0.836732864379882812
0.840525627136230469
0.204030051827430725
0.204030036926269531
0.204030036926269531
0.204030051827430725
0.204030066728591919
0.204030051827430725
0.204030036926269531
0.204030051827430725
0.204030051827430725
0.204030066728591919
0.204030022025108337
0.204030081629753113
0.204030126333236694
0.204028844833374023
0.204029604792594910
0.204029649496078491
0.204029634594917297
0.204029634594917297
0.204029470682144165
0.204029396176338196
0.204029649496078491
0.204029649496078491
0.204029649496078491
0.204029619693756104
0.204029679298400879
0.204029738903045654
0.204028829932212830
0.204029619693756104
0.204029679298400879
0.204029634594917297
0.204029634594917297
0.204029589891433716
0.204029649496078491
0.204029634594917297
0.204029649496078491
0.204029634594917297
0.204029604792594910
0.204029694199562073
0.204029396176338196
0.204028844833374023
0.204029589891433716
0.204029634594917297
0.204028800129890442
0.204029664397239685
0.204029634594917297
0.204029634594917297
0.204029604792594910
0.204029649496078491
0.204029649496078491
0.204029604792594910
0.204029694199562073
0.204029321670532227
0.204028859734535217
0.204029619693756104
0.204029649496078491
0.204029664397239685
0.204029634594917297
0.204029649496078491
0.204029649496078491
0.204029649496078491
0.204029634594917297
0.204029649496078491
0.204029634594917297
0.204029694199562073
0.204029679298400879
0.204028859734535217
0.204029589891433716
0.204029649496078491
0.204029649496078491
0.204029634594917297
0.204029649496078491
0.204029679298400879
0.204029664397239685
0.204029634594917297
0.204029649496078491
0.204029619693756104
0.204029679298400879
0.204029724001884460
0.204028859734535217
0.204029291868209839
0.204029634594917297
0.204029470682144165
0.204029574990272522
0.204029500484466553
0.204029619693756104
0.204029649496078491
0.204029664397239685
0.204028904438018799
0.204029381275177002
0.204029411077499390
0.204029574990272522
0.140243485569953918
0.140221163630485535
0.140225037932395935
0.140226289629936218
0.140226587653160095
0.140226081013679504
0.140223801136016846
0.140224993228912354
0.140225499868392944
0.140224009752273560
0.140224426984786987
0.140225231647491455
0.140225633978843689
0.140250653028488159
0.140219569206237793
0.140221774578094482
0.140223473310470581
0.140223816037178040
0.140223920345306396
0.140224888920783997
0.140223011374473572
0.140224888920783997
0.140224128961563110
0.140222489833831787
0.140225976705551147
0.140224054455757141
0.140251114964485168
0.140224784612655640
0.140224248170852661
0.140219539403915405
0.140222296118736267
0.140225216746330261
0.140226230025291443
0.140224695205688477
0.140225812792778015
0.140223607420921326
0.140222385525703430
0.140226498246192932
0.140223041176795959
0.140251278877258301
0.140219956636428833
0.140221372246742249
0.140223398804664612
0.140224218368530273
0.140221878886222839
0.140224739909172058
0.140222817659378052
0.140223950147628784
0.140223205089569092
0.140222951769828796
0.140224620699882507
0.140221074223518372
0.140252172946929932
0.140219032764434814
0.140218928456306458
0.140222609043121338
0.140223562717437744
0.140224844217300415
0.140222772955894470
0.140223175287246704
0.140223443508148193
0.140223622322082520
0.140225529670715332
0.140223950147628784
0.140222102403640747
0.140250205993652344
0.140215903520584106
0.140220284461975098
0.140221849083900452
0.140220612287521362
0.140222698450088501
0.140221536159515381
0.140224784612655640
0.140224173665046692
0.140225023031234741
0.140223547816276550
0.140223175287246704
0.140223026275634766
0.140249669551849365
0.140217766165733337
0.140221089124679565
0.140221878886222839
0.140222057700157166
0.140220344066619873
0.140221223235130310
0.140225112438201904
0.140225231647491455
0.140221133828163147
0.140222415328025818
0.140222713351249695
0.140218585729598999
