0.230027139186859131
-0.064960762858390808
-0.058680891990661621
-0.087327070534229279
-0.066417947411537170
-0.101417452096939087
-0.089092969894409180
-0.048138663172721863
-0.072201304137706757
-0.070669725537300110
-0.104576304554939270
-0.024585645645856857
-0.540076732635498047
0.549825012683868408
0.358267664909362793
0.283781468868255615
0.279526948928833008
0.297690957784652710
0.257233649492263794
0.243468746542930603
0.294232904911041260
0.272390455007553101
0.272072792053222656
0.269918203353881836
0.345496296882629395
-0.525663137435913086
0.531322181224822998
0.370725691318511963
0.279175698757171631
0.315358996391296387
0.323799610137939453
0.310396671295166016
0.277812719345092773
0.297053933143615723
0.300827741622924805
0.305446803569793701
0.297062695026397705
0.357488781213760376
-0.535192668437957764
0.561034202575683594
0.354886204004287720
0.316590756177902222
0.293737471103668213
0.306629180908203125
0.320339769124984741
0.290788978338241577
0.290106594562530518
0.302769750356674194
0.301179260015487671
0.294802010059356689
0.376466333866119385
-0.529409885406494141
0.539502978324890137
0.335501730442047119
0.318094760179519653
0.312780678272247314
0.317040294408798218
0.319083094596862793
0.291034966707229614
0.304282546043395996
0.295014202594757080
0.302025079727172852
0.288067489862442017
0.348853051662445068
-0.516077697277069092
0.518438935279846191
0.357632458209991455
0.305666565895080566
0.308586984872817993
0.312375068664550781
0.305048763751983643
0.320573359727859497
0.315909922122955322
0.262172460556030273
0.269848763942718506
0.292739361524581909
0.361685484647750854
-0.527771294116973877
0.504554152488708496
0.345662623643875122
0.317314565181732178
0.323270350694656372
0.346169590950012207
0.286450564861297607
0.280417621135711670
0.309748113155364990
0.285355865955352783
0.241977348923683167
0.318115353584289551
0.410530000925064087
-0.491491854190826416
0.080595195293426514
0.080552831292152405
0.080552816390991211
0.080552831292152405
0.080552823841571808
0.080552823841571808
0.080552816390991211
0.080552816390991211
0.080552823841571808
0.080552823841571808
0.080552823841571808
0.080552868545055389
0.080552883446216583
0.080602698028087616
0.080563552677631378
0.080563522875308990
0.080563567578792572
0.080563567578792572
0.080563567578792572
0.080563567578792572
0.080563560128211975
0.080563567578792572
0.080563552677631378
0.080563582479953766
0.080563604831695557
0.080563619732856750
0.080602690577507019
0.080563530325889587
0.080563567578792572
0.080563567578792572
0.080563545227050781
0.080563582479953766
0.080563567578792572
0.080563567578792572
0.080563567578792572
0.080563560128211975
0.080563575029373169
0.080563604831695557
0.080563619732856750
0.080602683126926422
0.080563545227050781
0.080563537776470184
0.080563552677631378
0.080563567578792572
0.080563582479953766
0.080563567578792572
0.080563567578792572
0.080563545227050781
0.080563575029373169
0.080563582479953766
0.080563589930534363
0.080563619732856750
0.080602698028087616
0.080563530325889587
0.080563545227050781
0.080563552677631378
0.080563560128211975
0.080563560128211975
0.080563567578792572
0.080563567578792572
0.080563575029373169
0.080563567578792572
0.080563567578792572
0.080563604831695557
0.080563619732856750
0.080602705478668213
0.080563522875308990
0.080563522875308990
0.080563604831695557
0.080563575029373169
0.080563522875308990
0.080563582479953766
0.080563567578792572
0.080563560128211975
0.080563560128211975
0.080563567578792572
0.080563604831695557
0.080563634634017944
0.080602727830410004
0.080563582479953766
0.080563485622406006
0.080563560128211975
0.080563589930534363
0.080563567578792572
0.080563537776470184
0.080563545227050781
0.080563575029373169
0.080563552677631378
0.080563552677631378
0.080563575029373169
0.080563612282276154
0.905996084213256836
0.703756213188171387
0.707860946655273438
0.766835510730743408
0.772556781768798828
0.859847247600555420
0.892358183860778809
0.799757122993469238
0.750371992588043213
0.718409597873687744
0.754243910312652588
0.688603579998016357
0.705537974834442139
1.212709784507751465
1.012184023857116699
0.930560588836669922
0.937356412410736084
0.916377305984497070
0.923572659492492676
0.939914703369140625
0.922898054122924805
0.900837600231170654
0.920686960220336914
0.940482199192047119
0.768612742424011230
0.831820547580718994
1.212654352188110352
1.049265146255493164
0.983317375183105469
0.931358456611633301
0.920046687126159668
0.901049852371215820
0.894564092159271240
0.914418220520019531
0.923779726028442383
0.895025491714477539
0.899773240089416504
0.787184953689575195
0.898135781288146973
1.199870467185974121
1.019706487655639648
0.914625048637390137
0.902315676212310791
0.847867369651794434
0.920264303684234619
0.947757244110107422
0.949375391006469727
0.907832384109497070
0.895596385002136230
0.901713073253631592
0.748668491840362549
0.935738563537597656
1.198081254959106445
1.027751684188842773
0.929269909858703613
0.896468698978424072
0.915323138236999512
0.906357288360595703
0.924625158309936523
0.935912013053894043
0.963814139366149902
0.944018542766571045
0.931256532669067383
0.762223899364471436
0.862898588180541992
1.177175521850585938
1.054661154747009277
0.989621281623840332
0.975827634334564209
0.945445179939270020
0.882279574871063232
0.913444519042968750
0.910935521125793457
0.904703140258789062
0.919294595718383789
0.921521902084350586
0.700950503349304199
0.834500014781951904
1.224875807762145996
0.963678956031799316
0.810254275798797607
0.884505569934844971
0.890253067016601562
0.852732419967651367
0.845515131950378418
0.874500632286071777
0.844687998294830322
0.878940939903259277
0.915645539760589600
0.745055913925170898
0.688179433345794678
-2.025891780853271484
-2.385839700698852539
-2.378562450408935547
-2.381256580352783203
-2.384682178497314453
-2.385634660720825195
-2.393625020980834961
-2.392399072647094727
-2.382494688034057617
-2.378189086914062500
-2.379516601562500000
-2.380331993103027344
-2.390881299972534180
-2.178223133087158203
-2.741986036300659180
-2.716827392578125000
-2.709497928619384766
-2.711125373840332031
-2.705731868743896484
-2.706212282180786133
-2.709158420562744141
-2.705945968627929688
-2.703136682510375977
-2.707607269287109375
-2.699764728546142578
-2.751417636871337891
-2.176506996154785156
-2.741079807281494141
-2.710202932357788086
-2.700607299804687500
-2.700147151947021484
-2.688849210739135742
-2.683131933212280273
-2.688818454742431641
-2.691188812255859375
-2.693605422973632812
-2.693109989166259766
-2.691273212432861328
-2.754271030426025391
-2.174185991287231445
-2.725862026214599609
-2.705307722091674805
-2.699480056762695312
-2.694585800170898438
-2.686131000518798828
-2.682873249053955078
-2.687988758087158203
-2.689623832702636719
-2.693167686462402344
-2.697332382202148438
-2.692371845245361328
-2.758032798767089844
-2.171841382980346680
-2.725745201110839844
-2.704284667968750000
-2.689756393432617188
-2.687955856323242188
-2.687121152877807617
-2.687371253967285156
-2.686470031738281250
-2.679452896118164062
-2.685693025588989258
-2.697112798690795898
-2.695603847503662109
-2.757617473602294922
-2.173357486724853516
-2.734668970108032227
-2.706511735916137695
-2.694916725158691406
-2.691723585128784180
-2.689065694808959961
-2.689929485321044922
-2.682856559753417969
-2.680039882659912109
-2.690410137176513672
-2.698837995529174805
-2.699279069900512695
-2.751518726348876953
-2.178450584411621094
-2.738717555999755859
-2.715143918991088867
-2.712436437606811523
-2.708393335342407227
-2.697489261627197266
-2.699363231658935547
-2.708557605743408203
-2.702207088470458984
-2.705664157867431641
-2.721757411956787109
-2.706135511398315430
-2.747149229049682617
-0.413025975227355957
-0.114743083715438843
-0.118900537490844727
-0.166068047285079956
-0.177057862281799316
-0.173828452825546265
-0.253284394741058350
-0.246875673532485962
-0.193009793758392334
-0.162073850631713867
-0.137171179056167603
-0.312845528125762939
0.603317975997924805
-0.458992928266525269
-0.311054348945617676
-0.297447144985198975
-0.195884943008422852
-0.207849293947219849
-0.146203845739364624
-0.190283209085464478
-0.188258379697799683
-0.215149432420730591
-0.194567531347274780
-0.266666382551193237
-0.406814903020858765
1.511460185050964355
-0.503943264484405518
-0.523409783840179443
-0.485079228878021240
-0.411702990531921387
-0.365584671497344971
-0.328061938285827637
-0.364372432231903076
-0.233470857143402100
-0.365839242935180664
-0.377968788146972656
-0.361801743507385254
-0.426457881927490234
1.546377778053283691
-0.504190683364868164
-0.522091925144195557
-0.487835675477981567
-0.394125521183013916
-0.327662795782089233
-0.300705492496490479
-0.362393230199813843
-0.286942690610885620
-0.326112091541290283
-0.330657422542572021
-0.395021826028823853
-0.377287030220031738
1.517766833305358887
-0.506988108158111572
-0.523715317249298096
-0.519176006317138672
-0.316911101341247559
-0.292114198207855225
-0.383884072303771973
-0.338604390621185303
-0.328377723693847656
-0.372415781021118164
-0.337254345417022705
-0.438576787710189819
-0.405458748340606689
1.486836552619934082
-0.521387457847595215
-0.524909198284149170
-0.460764706134796143
-0.283782392740249634
-0.310890674591064453
-0.275389134883880615
-0.270802319049835205
-0.301827222108840942
-0.308842062950134277
-0.331969678401947021
-0.446765750646591187
-0.469847738742828369
1.592393994331359863
-0.388291686773300171
-0.216264843940734863
-0.027427822351455688
0.187593638896942139
0.073970973491668701
0.221511662006378174
0.066030621528625488
0.056080460548400879
0.070392310619354248
0.106476545333862305
-0.039359211921691895
-0.166830599308013916
1.561299920082092285
0.255126953125000000
0.255126565694808960
0.255126565694808960
0.255126565694808960
0.255126565694808960
0.255126565694808960
0.255126565694808960
0.255126565694808960
0.255126565694808960
0.255126565694808960
0.255126565694808960
0.255126565694808960
0.255126565694808960
0.255126774311065674
0.255126208066940308
0.255126208066940308
0.255126208066940308
0.255126208066940308
0.255126208066940308
0.255126208066940308
0.255126208066940308
0.255126208066940308
0.255126208066940308
0.255126208066940308
0.255126208066940308
0.255126208066940308
0.255126774311065674
0.255126208066940308
0.255126208066940308
0.255126208066940308
0.255126208066940308
0.255126208066940308
0.255126208066940308
0.255126208066940308
0.255126208066940308
0.255126208066940308
0.255126208066940308
0.255126208066940308
0.255126208066940308
0.255126774311065674
0.255126208066940308
0.255126208066940308
0.255126208066940308
0.255126208066940308
0.255126208066940308
0.255126208066940308
0.255126208066940308
0.255126208066940308
0.255126208066940308
0.255126208066940308
0.255126208066940308
0.255126208066940308
0.255126774311065674
0.255126208066940308
0.255126208066940308
0.255126208066940308
0.255126208066940308
0.255126208066940308
0.255126208066940308
0.255126208066940308
0.255126208066940308
0.255126208066940308
0.255126208066940308
0.255126208066940308
0.255126208066940308
0.255126774311065674
0.255126208066940308
0.255126208066940308
0.255126208066940308
0.255126208066940308
0.255126208066940308
0.255126208066940308
0.255126208066940308
0.255126208066940308
0.255126208066940308
0.255126208066940308
0.255126208066940308
0.255126208066940308
0.255126774311065674
0.255126208066940308
0.255126208066940308
0.255126208066940308
0.255126208066940308
0.255126208066940308
0.255126208066940308
0.255126208066940308
0.255126208066940308
0.255126208066940308
0.255126208066940308
0.255126208066940308
0.255126208066940308
0.647772908210754395
-0.290269613265991211
-0.627686023712158203
-0.820427179336547852
-0.904751300811767578
-0.724685907363891602
-0.619317293167114258
-0.485430717468261719
-0.602228164672851562
-0.813633441925048828
-0.348875045776367188
-0.907660007476806641
-5.109954833984375000
0.405401110649108887
-0.234202623367309570
-0.540610074996948242
-0.534559249877929688
-0.694111347198486328
-0.649244785308837891
-0.667379140853881836
-0.567193031311035156
-0.555928230285644531
-0.725195646286010742
-0.242575645446777344
-2.448218584060668945
-7.614494323730468750
0.727149724960327148
0.260718345642089844
-0.213742017745971680
-0.105358839035034180
-0.171007394790649414
0.013879656791687012
-0.140852928161621094
0.222605347633361816
-0.329327106475830078
-0.262840270996093750
-0.000999212265014648
-2.303556203842163086
-6.421472549438476562
1.161307096481323242
0.451350808143615723
-0.224540233612060547
-0.390494585037231445
-0.148350954055786133
-0.358065128326416016
-0.191809892654418945
0.120421528816223145
-0.050436735153198242
-0.296896934509277344
0.277400493621826172
-2.093495607376098633
-6.314784049987792969
1.077202558517456055
0.547564983367919922
0.136668205261230469
-0.033397197723388672
-0.110838413238525391
-0.402600765228271484
-0.004654169082641602
0.049288630485534668
0.096567749977111816
-0.209729194641113281
0.148256659507751465
-2.188689947128295898
-6.354713439941406250
1.230352640151977539
0.639154314994812012
0.013377189636230469
0.221299886703491211
0.064527750015258789
-0.063012599945068359
-0.251286983489990234
-0.213585376739501953
-0.389753103256225586
0.270381450653076172
0.191779375076293945
-2.368643522262573242
-6.077335357666015625
1.149592399597167969
0.845059156417846680
-0.014985322952270508
-0.407220602035522461
-0.041951894760131836
0.509132742881774902
-0.274648904800415039
-0.135826587677001953
-0.324327945709228516
0.558679699897766113
0.643588304519653320
-1.077540636062622070
-5.308665275573730469
0.030942499637603760
-0.266439795494079590
-0.293400883674621582
-0.303801238536834717
-0.313444077968597412
-0.281322121620178223
-0.247450649738311768
-0.261824965476989746
-0.275688111782073975
-0.288702070713043213
-0.269265413284301758
-0.369513154029846191
-0.236165702342987061
0.086812674999237061
-0.247968196868896484
-0.309807240962982178
-0.323323011398315430
-0.341120004653930664
-0.330422401428222656
-0.323650121688842773
-0.338193833827972412
-0.351292252540588379
-0.346374511718750000
-0.323403060436248779
-0.449294328689575195
-0.247065782546997070
0.099995166063308716
-0.239989459514617920
-0.309253156185150146
-0.328512609004974365
-0.367725014686584473
-0.363375067710876465
-0.349573791027069092
-0.327476024627685547
-0.351817607879638672
-0.367382764816284180
-0.344709873199462891
-0.437333643436431885
-0.188614547252655029
0.117311060428619385
-0.217871844768524170
-0.327452898025512695
-0.353592097759246826
-0.356745243072509766
-0.356881856918334961
-0.335641741752624512
-0.326590120792388916
-0.337553024291992188
-0.376099944114685059
-0.351934432983398438
-0.446354269981384277
-0.180349647998809814
0.133276134729385376
-0.198895335197448730
-0.278843164443969727
-0.300258100032806396
-0.321901023387908936
-0.333331704139709473
-0.324758887290954590
-0.312677979469299316
-0.302938342094421387
-0.309592843055725098
-0.328537285327911377
-0.439958333969116211
-0.175846397876739502
0.106558263301849365
-0.232722103595733643
-0.323932707309722900
-0.315081357955932617
-0.318831562995910645
-0.358399868011474609
-0.358957946300506592
-0.332594096660614014
-0.310791432857513428
-0.285468995571136475
-0.305051147937774658
-0.477407574653625488
-0.216325581073760986
0.068360686302185059
-0.264973640441894531
-0.376421511173248291
-0.396043539047241211
-0.425486922264099121
-0.384845077991485596
-0.373165369033813477
-0.380188584327697754
-0.403825700283050537
-0.361039340496063232
-0.330566883087158203
-0.454191207885742188
-0.345845043659210205
0.869012355804443359
0.249560356140136719
0.143175601959228516
0.041607379913330078
0.074721217155456543
0.057857394218444824
0.175805211067199707
0.177958250045776367
0.147621989250183105
0.055149793624877930
0.306886196136474609
0.044696688652038574
-3.823308944702148438
1.081213712692260742
0.717669606208801270
0.080578923225402832
-0.190801978111267090
-0.196620702743530273
-0.259708523750305176
-0.251714825630187988
-0.186112761497497559
-0.089662194252014160
-0.080103516578674316
0.247580170631408691
-0.933832526206970215
-6.611974716186523438
1.254140615463256836
1.196863412857055664
0.516147375106811523
0.376441001892089844
0.218829512596130371
0.161800503730773926
-0.044755339622497559
0.050289273262023926
0.264463663101196289
0.290032625198364258
0.420765519142150879
-0.970949053764343262
-6.603109359741210938
1.256027102470397949
0.924394547939300537
0.343017339706420898
0.142766952514648438
0.143764019012451172
-0.199896097183227539
0.206369757652282715
0.193652749061584473
0.213936209678649902
0.305906057357788086
0.781041383743286133
-0.831392645835876465
-6.618370056152343750
1.398719668388366699
1.175536394119262695
0.539659738540649414
0.067085862159729004
-0.061043858528137207
0.088071227073669434
0.173509359359741211
0.144806504249572754
0.266793966293334961
0.363304018974304199
0.799103617668151855
-0.725868344306945801
-6.231315612792968750
1.513411283493041992
1.111173033714294434
0.265776515007019043
-0.157914757728576660
0.110604524612426758
-0.018125295639038086
-0.131916165351867676
-0.045610666275024414
-0.079173564910888672
0.245074748992919922
0.777401268482208252
-0.862219214439392090
-6.073396205902099609
1.214081406593322754
0.849258899688720703
0.176715850830078125
-0.881213784217834473
-0.275286793708801270
0.056428074836730957
-0.155009984970092773
-0.315452218055725098
-0.400681376457214355
0.161202669143676758
0.442794084548950195
-0.523358702659606934
-4.940696716308593750
0.788349211215972900
0.800341129302978516
0.805333852767944336
0.808285057544708252
0.809127449989318848
0.809107065200805664
0.809737622737884521
0.809951305389404297
0.808979332447052002
0.807464778423309326
0.807365894317626953
0.804996430873870850
0.812336921691894531
0.793150365352630615
0.811976015567779541
0.817505061626434326
0.822381198406219482
0.825086176395416260
0.824551224708557129
0.824626684188842773
0.825350999832153320
0.825573801994323730
0.824006915092468262
0.825768947601318359
0.821882307529449463
0.832655787467956543
0.792147994041442871
0.814417481422424316
0.820114433765411377
0.821565091609954834
0.825295448303222656
0.825354754924774170
0.823246359825134277
0.825029194355010986
0.823881566524505615
0.824462950229644775
0.823186278343200684
0.821780323982238770
0.834465622901916504
0.792175352573394775
0.809310913085937500
0.820645570755004883
0.822813868522644043
0.822017073631286621
0.823490202426910400
0.825044035911560059
0.823620617389678955
0.822183072566986084
0.824114084243774414
0.822145223617553711
0.817117333412170410
0.834029316902160645
0.792505443096160889
0.810647845268249512
0.818432450294494629
0.823011159896850586
0.824008226394653320
0.824738144874572754
0.825193464756011963
0.824152171611785889
0.823196053504943848
0.823278903961181641
0.822324931621551514
0.817440629005432129
0.832358956336975098
0.793028175830841064
0.811218559741973877
0.818581104278564453
0.820963621139526367
0.822026729583740234
0.823520779609680176
0.824502110481262207
0.823987662792205811
0.823575854301452637
0.823929488658905029
0.823387026786804199
0.818511724472045898
0.835189282894134521
0.794034779071807861
0.806928694248199463
0.812352299690246582
0.815924823284149170
0.819234967231750488
0.820181548595428467
0.820000410079956055
0.817932128906250000
0.817080020904541016
0.817663371562957764
0.816749036312103271
0.812251806259155273
0.823459327220916748
0.620424270629882812
0.634792327880859375
0.637111902236938477
0.632055699825286865
0.638720154762268066
0.636896431446075439
0.636542379856109619
0.638814032077789307
0.640482306480407715
0.638290286064147949
0.636814773082733154
0.655644595623016357
0.535097479820251465
0.513896107673645020
0.543469429016113281
0.544442355632781982
0.533259570598602295
0.542398333549499512
0.543638765811920166
0.547883629798889160
0.543532907962799072
0.549126803874969482
0.546347975730895996
0.540768504142761230
0.568608164787292480
0.279371976852416992
0.526276469230651855
0.580250978469848633
0.577531814575195312
0.562675595283508301
0.565423727035522461
0.568161129951477051
0.571631491184234619
0.564582824707031250
0.570102214813232422
0.571908593177795410
0.565738201141357422
0.570050239562988281
0.255882292985916138
0.529778480529785156
0.573092103004455566
0.571525335311889648
0.566488325595855713
0.569878458976745605
0.566178083419799805
0.571448922157287598
0.569194018840789795
0.573034465312957764
0.570108056068420410
0.575778543949127197
0.560352206230163574
0.259835422039031982
0.531754255294799805
0.578889131546020508
0.570116519927978516
0.561147391796112061
0.560806810855865479
0.569182753562927246
0.568683922290802002
0.566898882389068604
0.570352375507354736
0.570596575736999512
0.578482985496520996
0.568134188652038574
0.272406280040740967
0.536943316459655762
0.580929636955261230
0.571138501167297363
0.544018924236297607
0.560189127922058105
0.559193253517150879
0.553975462913513184
0.563711941242218018
0.565307319164276123
0.568349063396453857
0.569862008094787598
0.575217723846435547
0.281220167875289917
0.524673938751220703
0.555134952068328857
0.559877753257751465
0.498891800642013550
0.556166529655456543
0.538720190525054932
0.539139688014984131
0.548884391784667969
0.546243548393249512
0.545884191989898682
0.548204421997070312
0.563818991184234619
0.292689740657806396
0.008079562336206436
0.008079091086983681
0.008079091086983681
0.008079091086983681
0.008079091086983681
0.008079091086983681
0.008079091086983681
0.008079091086983681
0.008079091086983681
0.008079091086983681
0.008079091086983681
0.008079091086983681
0.008079091086983681
0.008079226128757000
0.008078585378825665
0.008078585378825665
0.008078585378825665
0.008078585378825665
0.008078585378825665
0.008078585378825665
0.008078585378825665
0.008078585378825665
0.008078585378825665
0.008078585378825665
0.008078585378825665
0.008078585378825665
0.008079226128757000
0.008078585378825665
0.008078585378825665
0.008078585378825665
0.008078585378825665
0.008078585378825665
0.008078585378825665
0.008078585378825665
0.008078585378825665
0.008078585378825665
0.008078585378825665
0.008078585378825665
0.008078585378825665
0.008079225197434425
0.008078585378825665
0.008078585378825665
0.008078585378825665
0.008078585378825665
0.008078585378825665
0.008078585378825665
0.008078585378825665
0.008078585378825665
0.008078585378825665
0.008078585378825665
0.008078585378825665
0.008078585378825665
0.008079225197434425
0.008078585378825665
0.008078585378825665
0.008078585378825665
0.008078585378825665
0.008078585378825665
0.008078585378825665
0.008078585378825665
0.008078585378825665
0.008078585378825665
0.008078585378825665
0.008078585378825665
0.008078585378825665
0.008079225197434425
0.008078585378825665
0.008078585378825665
0.008078585378825665
0.008078585378825665
0.008078585378825665
0.008078585378825665
0.008078585378825665
0.008078585378825665
0.008078585378825665
0.008078585378825665
0.008078585378825665
0.008078585378825665
0.008079226128757000
0.008078585378825665
0.008078585378825665
0.008078585378825665
0.008078585378825665
0.008078585378825665
0.008078585378825665
0.008078585378825665
0.008078585378825665
0.008078585378825665
0.008078585378825665
0.008078585378825665
0.008078585378825665
0.498336136341094971
0.226640790700912476
0.349905967712402344
0.421237677335739136
0.422141492366790771
0.425408244132995605
0.449665576219558716
0.510378837585449219
0.445228457450866699
0.404862880706787109
0.342711627483367920
0.641594171524047852
-0.064634859561920166
0.506616055965423584
0.366162359714508057
0.481180906295776367
0.447729080915451050
0.470629543066024780
0.411562025547027588
0.435685366392135620
0.466290950775146484
0.485419452190399170
0.460207551717758179
0.455302804708480835
0.761283278465270996
-0.638985037803649902
0.526035547256469727
0.566565573215484619
0.566897273063659668
0.563451886177062988
0.553762078285217285
0.563677787780761719
0.582590162754058838
0.455430328845977783
0.563250184059143066
0.566015422344207764
0.550016045570373535
0.750148534774780273
-0.644374489784240723
0.501902997493743896
0.564784467220306396
0.565823793411254883
0.557074189186096191
0.526928067207336426
0.520517885684967041
0.541325151920318604
0.513487517833709717
0.568229913711547852
0.537646293640136719
0.563935875892639160
0.706669986248016357
-0.563558220863342285
0.535804390907287598
0.566477596759796143
0.567819356918334961
0.549367487430572510
0.530617594718933105
0.566722452640533447
0.550650179386138916
0.546159207820892334
0.573712348937988281
0.532986223697662354
0.563831567764282227
0.723236143589019775
-0.562205433845520020
0.548601031303405762
0.566173493862152100
0.568225383758544922
0.519932329654693604
0.543142497539520264
0.535611569881439209
0.525741517543792725
0.543652772903442383
0.572004199028015137
0.480082213878631592
0.563417255878448486
0.764190554618835449
-0.704154372215270996
0.435508877038955688
0.502351045608520508
0.480053901672363281
0.201758623123168945
0.253544181585311890
0.217127293348312378
0.373271465301513672
0.363834649324417114
0.425262570381164551
0.407621622085571289
0.465494096279144287
0.696211874485015869
-0.543371796607971191
-0.412620544433593750
-0.455670118331909180
-0.698262095451354980
-0.739658772945404053
-0.782356917858123779
-0.682604312896728516
-0.450923442840576172
-0.485956907272338867
-0.678390979766845703
-0.797911286354064941
-0.646714270114898682
-0.784386575222015381
-1.065910339355468750
0.154474139213562012
0.479275226593017578
-0.187626481056213379
-0.521820783615112305
-0.626381278038024902
-0.718516945838928223
-0.649746179580688477
-0.590773463249206543
-0.621829867362976074
-0.588803887367248535
-0.239115595817565918
-0.709047198295593262
-1.180403590202331543
0.280214548110961914
0.866876363754272461
0.043764233589172363
-0.229188084602355957
-0.467208147048950195
-0.557683408260345459
-0.636802196502685547
-0.632227599620819092
-0.469824075698852539
-0.506496548652648926
-0.296580910682678223
-0.823110044002532959
-1.023123025894165039
0.286088943481445312
0.620193243026733398
-0.142309427261352539
-0.467731118202209473
-0.618975520133972168
-0.760619997978210449
-0.602101862430572510
-0.545590758323669434
-0.520498991012573242
-0.514560222625732422
-0.136140227317810059
-0.680387914180755615
-0.997682094573974609
0.374063491821289062
0.825241565704345703
0.046274900436401367
-0.464753270149230957
-0.580021739006042480
-0.573587179183959961
-0.560144722461700439
-0.560105979442596436
-0.427810192108154297
-0.399554491043090820
-0.054606914520263672
-0.674943566322326660
-0.996165692806243896
0.401580929756164551
0.781751394271850586
-0.113998293876647949
-0.457332253456115723
-0.394207954406738281
-0.588998496532440186
-0.651746928691864014
-0.648863077163696289
-0.635987937450408936
-0.458106398582458496
0.012743592262268066
-0.678532242774963379
-0.947626054286956787
0.373429417610168457
0.979464054107666016
0.089243769645690918
-0.351227879524230957
-0.409610986709594727
-0.361921072006225586
-0.252858281135559082
-0.280297994613647461
-0.396209120750427246
-0.148131966590881348
0.350136637687683105
-0.311086654663085938
-0.762049436569213867
0.256928086280822754
1.633369803428649902
1.474004507064819336
1.429281473159790039
1.516222953796386719
1.427814006805419922
1.445066452026367188
1.500085353851318359
1.461252927780151367
1.483444333076477051
1.361310482025146484
1.963412404060363770
1.473004102706909180
-1.322677373886108398
0.903068304061889648
0.699862718582153320
0.859893321990966797
0.866346359252929688
0.740641593933105469
0.881591677665710449
0.881605744361877441
0.787624239921569824
0.755838036537170410
0.715988993644714355
1.797937154769897461
0.528121590614318848
-1.512470483779907227
0.795787692070007324
0.584827661514282227
0.805010557174682617
0.800795435905456543
0.690718412399291992
0.773942947387695312
0.721639990806579590
0.671363711357116699
0.677469134330749512
0.651743888854980469
1.926634430885314941
0.079184532165527344
-1.526745319366455078
0.855708241462707520
0.762086033821105957
0.708814740180969238
0.795116066932678223
0.704938411712646484
0.636677980422973633
0.654139518737792969
0.709541678428649902
0.772719383239746094
0.570152282714843750
1.914260506629943848
-0.015921354293823242
-1.571389436721801758
0.810691714286804199
0.688206911087036133
0.766879796981811523
0.706069469451904297
0.752282381057739258
0.626777410507202148
0.681007742881774902
0.670230627059936523
0.719204068183898926
0.575397968292236328
1.861506700515747070
0.136733412742614746
-1.473607778549194336
0.798930764198303223
0.718276739120483398
0.594993472099304199
0.758520364761352539
0.742274761199951172
0.683765530586242676
0.669227123260498047
0.657729744911193848
0.624413728713989258
0.645300865173339844
1.917065978050231934
0.037520408630371094
-0.982090950012207031
0.944995403289794922
0.890648484230041504
0.683026671409606934
1.013466358184814453
0.496568560600280762
0.919324040412902832
0.913797855377197266
0.961130499839782715
0.631137728691101074
0.852199077606201172
1.739848971366882324
0.822581529617309570
-0.942260980606079102
-3.059368610382080078
-3.539833545684814453
-3.701486587524414062
-3.792473316192626953
-3.776004791259765625
-3.788392066955566406
-3.728467464447021484
-3.673133850097656250
-3.708033561706542969
-3.703403472900390625
-3.624235630035400391
-3.165305614471435547
-2.644884586334228516
-6.548680305480957031
-7.030836582183837891
-7.046918869018554688
-7.188003063201904297
-7.280828952789306641
-7.287168025970458984
-7.206457614898681641
-7.255158901214599609
-7.173366069793701172
-7.126459121704101562
-7.100345134735107422
-5.872203826904296875
-2.735342979431152344
-6.758405685424804688
-7.042677402496337891
-6.931900501251220703
-7.064599990844726562
-7.177525043487548828
-7.148366928100585938
-7.041655540466308594
-7.175266265869140625
-7.144835472106933594
-7.032763957977294922
-7.193522930145263672
-5.693072795867919922
-2.553147315979003906
-6.590280532836914062
-6.999687671661376953
-7.110662460327148438
-7.144332408905029297
-7.317348957061767578
-7.272364139556884766
-7.113658905029296875
-7.108046531677246094
-7.033452510833740234
-6.981366157531738281
-7.078899860382080078
-5.847594261169433594
-2.611033916473388672
-6.619045734405517578
-6.815577983856201172
-6.872594356536865234
-7.055550575256347656
-7.268625736236572266
-7.182579517364501953
-7.150730609893798828
-7.029242992401123047
-6.910022258758544922
-6.964815139770507812
-7.138790607452392578
-5.715688705444335938
-2.499261856079101562
-6.632776260375976562
-6.873473167419433594
-6.830723285675048828
-6.825651645660400391
-6.912625789642333984
-7.044778823852539062
-7.260143756866455078
-7.131138801574707031
-7.064439296722412109
-7.061458110809326172
-7.238457202911376953
-5.681751728057861328
-2.069284915924072266
-5.756849765777587891
-6.225100994110107422
-6.335211277008056641
-6.533141136169433594
-6.476501464843750000
-6.620485305786132812
-6.734341144561767578
-6.652783393859863281
-6.516848087310791016
-6.312510967254638672
-6.220242500305175781
-5.022843837738037109
-0.103651821613311768
0.585070312023162842
0.880697369575500488
0.930060386657714844
0.986672401428222656
0.950424194335937500
0.839596629142761230
0.857063889503479004
0.890585660934448242
0.966657638549804688
0.844774365425109863
1.084524273872375488
1.248660326004028320
-0.276386916637420654
0.362218916416168213
0.871479272842407227
0.947496175765991211
1.078838467597961426
1.127501726150512695
1.109823465347290039
1.114291787147521973
1.108013749122619629
1.100545525550842285
0.958197474479675293
1.582949876785278320
1.413074970245361328
-0.314920425415039062
0.261929750442504883
0.805877923965454102
0.840687394142150879
0.992684721946716309
0.963593721389770508
0.905999541282653809
0.854592204093933105
0.976881384849548340
1.081125855445861816
0.897011995315551758
1.612645983695983887
0.990141630172729492
-0.317386001348495483
0.173862189054489136
0.911842226982116699
1.093150258064270020
1.114826321601867676
1.025990366935729980
0.772504687309265137
0.816139459609985352
0.838869929313659668
1.052357196807861328
0.863016724586486816
1.595333456993103027
1.015957117080688477
-0.317693263292312622
0.047734409570693970
0.531179368495941162
0.801382064819335938
0.855335354804992676
0.935200572013854980
0.847186326980590820
0.818411946296691895
0.657986819744110107
0.779359340667724609
0.823752164840698242
1.605173230171203613
1.028331398963928223
-0.318550795316696167
0.136949777603149414
0.706773042678833008
0.564850091934204102
0.526861369609832764
0.856565594673156738
0.910095810890197754
0.822033405303955078
0.799730539321899414
0.655789256095886230
0.740611076354980469
1.699056506156921387
1.078935980796813965
-0.317032635211944580
0.038189709186553955
0.783877849578857422
0.721725702285766602
0.562174618244171143
0.616704821586608887
0.871488928794860840
0.896380901336669922
0.895428180694580078
0.620170533657073975
0.478694856166839600
1.151749372482299805
1.057638764381408691
-0.299184322357177734
-1.387565851211547852
-1.547446250915527344
-1.606363773345947266
-1.672051191329956055
-1.641246080398559570
-1.575824499130249023
-1.644625186920166016
-1.570559501647949219
-1.617253541946411133
-1.566227912902832031
-1.754971265792846680
-2.064423322677612305
-0.084549427032470703
-1.695457696914672852
-2.046093463897705078
-2.050116300582885742
-2.170407295227050781
-2.120826482772827148
-2.115921735763549805
-2.264155387878417969
-2.224763393402099609
-2.189593315124511719
-2.150694847106933594
-2.662724971771240234
-2.764152526855468750
0.020089775323867798
-1.547005653381347656
-1.858312606811523438
-1.848227024078369141
-2.033514499664306641
-2.097511529922485352
-2.007741451263427734
-1.936009168624877930
-1.985632181167602539
-2.010462999343872070
-1.920513153076171875
-2.654641389846801758
-2.349935770034790039
0.062139600515365601
-1.423052549362182617
-2.000296592712402344
-2.065991878509521484
-2.132451772689819336
-2.003879308700561523
-1.737418413162231445
-1.828744411468505859
-1.887001991271972656
-2.034385919570922852
-1.884095907211303711
-2.711034059524536133
-2.375021696090698242
0.145868748426437378
-1.201046466827392578
-1.618404626846313477
-1.799747467041015625
-1.879266977310180664
-1.953375339508056641
-1.820852518081665039
-1.765886306762695312
-1.666843652725219727
-1.636479616165161133
-1.711934328079223633
-2.605776071548461914
-2.287484407424926758
0.079033315181732178
-1.441945791244506836
-1.866780281066894531
-1.653268337249755859
-1.739048480987548828
-2.034846067428588867
-1.920120954513549805
-1.829395532608032227
-1.766871213912963867
-1.660840988159179688
-1.775765180587768555
-2.690737962722778320
-2.245435953140258789
0.093947499990463257
-1.481612205505371094
-2.326460123062133789
-2.119563579559326172
-2.073358774185180664
-2.165719747543334961
-2.244576930999755859
-2.360506772994995117
-2.394395828247070312
-2.224861383438110352
-2.070689678192138672
-2.641304254531860352
-2.738895177841186523
-1.046071052551269531
-1.047051310539245605
-1.047158002853393555
-1.046881079673767090
-1.047009825706481934
-1.046916723251342773
-1.046864032745361328
-1.046791672706604004
-1.046693682670593262
-1.046969413757324219
-1.047442793846130371
-1.047628045082092285
-0.745156764984130859
-1.046308755874633789
-1.048448681831359863
-1.046757102012634277
-1.045261383056640625
-1.045748949050903320
-1.046245932579040527
-1.045553803443908691
-1.044420361518859863
-1.045703649520874023
-1.045996665954589844
-1.047397613525390625
-1.047594308853149414
0.177138209342956543
-1.047158837318420410
-1.050934314727783203
-1.048593401908874512
-1.046575546264648438
-1.046244382858276367
-1.046212196350097656
-1.031164646148681641
-1.034061551094055176
-1.046930432319641113
-1.047483325004577637
-1.047791957855224609
-1.040528297424316406
0.512194633483886719
-1.045444726943969727
-1.048949122428894043
-1.048449635505676270
-1.047664403915405273
-1.047377467155456543
-1.047016143798828125
-1.046589851379394531
-1.046762824058532715
-1.047081947326660156
-1.047548532485961914
-1.049332261085510254
-1.048217415809631348
0.589265227317810059
-1.044020771980285645
-1.049873590469360352
-1.047865629196166992
-1.046378374099731445
-1.045734882354736328
-1.047450542449951172
-1.047629833221435547
-1.047779679298400879
-1.047182440757751465
-1.047963261604309082
-1.050260066986083984
-1.048801183700561523
0.508512258529663086
-1.047235131263732910
-1.050241589546203613
-1.048025846481323242
-1.028365850448608398
-1.040451765060424805
-1.045442342758178711
-1.045884490013122559
-1.046418070793151855
-1.046315431594848633
-1.046827793121337891
-1.049918413162231445
-1.041196584701538086
0.285746693611145020
-1.047712087631225586
-1.050131082534790039
-1.048661112785339355
-1.012203216552734375
-1.037220954895019531
-1.041035652160644531
-1.047516584396362305
-1.047151446342468262
-1.046275138854980469
-1.046542525291442871
-1.048622488975524902
-1.009926199913024902
-0.035645723342895508
-0.193890601396560669
-0.193923473358154297
-0.193923205137252808
-0.193923175334930420
-0.193922668695449829
-0.193923696875572205
-0.193923801183700562
-0.193923383951187134
-0.193923518061637878
-0.193922892212867737
-0.193924516439437866
-0.193921804428100586
-0.193930387496948242
-0.193858638405799866
-0.193890079855918884
-0.193891420960426331
-0.193889915943145752
-0.193889439105987549
-0.193890407681465149
-0.193889886140823364
-0.193890675902366638
-0.193890482187271118
-0.193890303373336792
-0.193890497088432312
-0.193889334797859192
-0.193902075290679932
-0.193859487771987915
-0.193890139460563660
-0.193890541791915894
-0.193890199065208435
-0.193890139460563660
-0.193891793489456177
-0.193889990448951721
-0.193890988826751709
-0.193889260292053223
-0.193890661001205444
-0.193890392780303955
-0.193889826536178589
-0.193903997540473938
-0.193860054016113281
-0.193890780210494995
-0.193889290094375610
-0.193889930844306946
-0.193890631198883057
-0.193890452384948730
-0.193891048431396484
-0.193891644477844238
-0.193890020251274109
-0.193888843059539795
-0.193891003727912903
-0.193890005350112915
-0.193904250860214233
-0.193859696388244629
-0.193890839815139771
-0.193890869617462158
-0.193890944123268127
-0.193890228867530823
-0.193890482187271118
-0.193891137838363647
-0.193891406059265137
-0.193890914320945740
-0.193889766931533813
-0.193889990448951721
-0.193890333175659180
-0.193903431296348572
-0.193859010934829712
-0.193892031908035278
-0.193890079855918884
-0.193891435861587524
-0.193890869617462158
-0.193890362977981567
-0.193890854716300964
-0.193891614675521851
-0.193890213966369629
-0.193891867995262146
-0.193889588117599487
-0.193889722228050232
-0.193903192877769470
-0.193858116865158081
-0.193893834948539734
-0.193891540169715881
-0.193893700838088989
-0.193890959024429321
-0.193893164396286011
-0.193891391158103943
-0.193892747163772583
-0.193891823291778564
-0.193893194198608398
-0.193892017006874084
-0.193889856338500977
-0.193899661302566528
-0.332275271415710449
-0.332275211811065674
-0.332275211811065674
-0.332275211811065674
-0.332275211811065674
-0.332275211811065674
-0.332275211811065674
-0.332275211811065674
-0.332275211811065674
-0.332275211811065674
-0.332275211811065674
-0.332275211811065674
-0.332275211811065674
-0.332275211811065674
-0.332275092601776123
-0.332275092601776123
-0.332275092601776123
-0.332275092601776123
-0.332275092601776123
-0.332275092601776123
-0.332275092601776123
-0.332275092601776123
-0.332275092601776123
-0.332275092601776123
-0.332275092601776123
-0.332275092601776123
-0.332275211811065674
-0.332275092601776123
-0.332275092601776123
-0.332275092601776123
-0.332275092601776123
-0.332275092601776123
-0.332275092601776123
-0.332275092601776123
-0.332275092601776123
-0.332275092601776123
-0.332275092601776123
-0.332275092601776123
-0.332275092601776123
-0.332275211811065674
-0.332275092601776123
-0.332275092601776123
-0.332275092601776123
-0.332275092601776123
-0.332275092601776123
-0.332275092601776123
-0.332275092601776123
-0.332275092601776123
-0.332275092601776123
-0.332275092601776123
-0.332275092601776123
-0.332275092601776123
-0.332275211811065674
-0.332275092601776123
-0.332275092601776123
-0.332275092601776123
-0.332275092601776123
-0.332275092601776123
-0.332275092601776123
-0.332275092601776123
-0.332275092601776123
-0.332275092601776123
-0.332275092601776123
-0.332275092601776123
-0.332275092601776123
-0.332275211811065674
-0.332275092601776123
-0.332275092601776123
-0.332275092601776123
-0.332275092601776123
-0.332275092601776123
-0.332275092601776123
-0.332275092601776123
-0.332275092601776123
-0.332275092601776123
-0.332275092601776123
-0.332275092601776123
-0.332275092601776123
-0.332275211811065674
-0.332275092601776123
-0.332275092601776123
-0.332275092601776123
-0.332275092601776123
-0.332275092601776123
-0.332275092601776123
-0.332275092601776123
-0.332275092601776123
-0.332275092601776123
-0.332275092601776123
-0.332275092601776123
-0.332275092601776123
-0.046596109867095947
0.094222992658615112
0.139671772718429565
0.164500951766967773
0.161168098449707031
0.188505172729492188
0.147568613290786743
0.124509237706661224
0.167913943529129028
0.164830997586250305
0.182245835661888123
0.084639385342597961
0.442300945520401001
-0.066984653472900391
0.132640644907951355
0.349622189998626709
0.322843194007873535
0.345819413661956787
0.359832972288131714
0.340656697750091553
0.331369131803512573
0.390521705150604248
0.356593728065490723
0.357378929853439331
0.308606326580047607
0.746387720108032227
-0.066767364740371704
0.123234145343303680
0.410914629697799683
0.331240147352218628
0.369242340326309204
0.408221900463104248
0.423572063446044922
0.416258245706558228
0.369890838861465454
0.411340802907943726
0.400227159261703491
0.370971024036407471
0.747650325298309326
-0.062234356999397278
0.130966842174530029
0.369669198989868164
0.377682596445083618
0.412964612245559692
0.408741295337677002
0.400022506713867188
0.386783123016357422
0.353451937437057495
0.409638941287994385
0.408849954605102539
0.331619918346405029
0.753236234188079834
-0.069256857037544250
0.135125592350959778
0.351403772830963135
0.377001047134399414
0.386758774518966675
0.388104230165481567
0.397954553365707397
0.399367719888687134
0.382874995470046997
0.371942549943923950
0.378962159156799316
0.339581906795501709
0.741636395454406738
-0.068735197186470032
0.125796124339103699
0.344664007425308228
0.375586152076721191
0.325509727001190186
0.391889363527297974
0.412579506635665894
0.379512757062911987
0.394086271524429321
0.371699362993240356
0.358884274959564209
0.338815599679946899
0.743115365505218506
-0.014032989740371704
0.109170198440551758
0.345450371503829956
0.417381256818771362
0.263334363698959351
0.365201741456985474
0.399809569120407104
0.360637456178665161
0.372832268476486206
0.411343514919281006
0.335676342248916626
0.287653177976608276
0.715782165527343750
0.687566280364990234
0.829333484172821045
0.818787634372711182
0.824637770652770996
0.822679400444030762
0.825263381004333496
0.825168669223785400
0.823499083518981934
0.823248445987701416
0.824924111366271973
0.824348747730255127
0.821841716766357422
0.842386603355407715
1.153955698013305664
1.632125973701477051
1.595656275749206543
1.615667939186096191
1.620048761367797852
1.613312840461730957
1.609341859817504883
1.610705733299255371
1.607067584991455078
1.607523918151855469
1.618792533874511719
1.596602320671081543
1.751417756080627441
1.146482944488525391
1.622194170951843262
1.588033795356750488
1.605276346206665039
1.612308740615844727
1.586622476577758789
1.572400569915771484
1.587570309638977051
1.596630334854125977
1.587324023246765137
1.596665501594543457
1.591186285018920898
1.809133887290954590
1.135941147804260254
1.621078848838806152
1.598545312881469727
1.586850762367248535
1.590077161788940430
1.582943677902221680
1.566402196884155273
1.586696863174438477
1.585778355598449707
1.600123643875122070
1.598587870597839355
1.598384976387023926
1.788905501365661621
1.127960681915283203
1.605417609214782715
1.602873086929321289
1.599199295043945312
1.584391236305236816
1.575565934181213379
1.567626595497131348
1.584607243537902832
1.569359779357910156
1.585363984107971191
1.586409687995910645
1.586054682731628418
1.795872449874877930
1.128525137901306152
1.618317961692810059
1.585311770439147949
1.599711179733276367
1.583431720733642578
1.596147656440734863
1.600619792938232422
1.576248764991760254
1.577111124992370605
1.577192902565002441
1.586778521537780762
1.576842665672302246
1.771420717239379883
1.155999660491943359
1.674115419387817383
1.654482126235961914
1.660015463829040527
1.594827771186828613
1.616323351860046387
1.640646576881408691
1.612548828125000000
1.613880157470703125
1.628228545188903809
1.660199999809265137
1.648837327957153320
1.816621303558349609
1.014563441276550293
0.052023202180862427
0.056314319372177124
0.050921410322189331
0.050723314285278320
0.049334555864334106
0.051383674144744873
0.048275858163833618
0.049071550369262695
0.051466703414916992
0.050931513309478760
0.049319475889205933
0.034286439418792725
1.179837226867675781
-0.428801059722900391
-0.451570093631744385
-0.436059117317199707
-0.448928833007812500
-0.446781456470489502
-0.444417238235473633
-0.441266357898712158
-0.449489355087280273
-0.443475961685180664
-0.439947664737701416
-0.454213380813598633
-0.493865489959716797
1.177612543106079102
-0.417355656623840332
-0.467703819274902344
-0.428703367710113525
-0.448818683624267578
-0.447223007678985596
-0.444466829299926758
-0.431095719337463379
-0.441258132457733154
-0.445231318473815918
-0.443063914775848389
-0.448618471622467041
-0.503880620002746582
1.172825813293457031
-0.420962572097778320
-0.455961406230926514
-0.439578413963317871
-0.451103746891021729
-0.448606669902801514
-0.442124009132385254
-0.431980609893798828
-0.438073992729187012
-0.448868453502655029
-0.442160904407501221
-0.444567859172821045
-0.506075143814086914
1.175806522369384766
-0.420673489570617676
-0.449706971645355225
-0.440961837768554688
-0.437205493450164795
-0.444367051124572754
-0.438074171543121338
-0.441758215427398682
-0.436207354068756104
-0.435404658317565918
-0.440710961818695068
-0.444185554981231689
-0.506386637687683105
1.172787308692932129
-0.425444126129150391
-0.448508858680725098
-0.436968088150024414
-0.430756628513336182
-0.442550897598266602
-0.443100869655609131
-0.439850926399230957
-0.436401128768920898
-0.426386833190917969
-0.440441489219665527
-0.454612731933593750
-0.503708600997924805
1.180996179580688477
-0.428670644760131836
-0.449649810791015625
-0.445382356643676758
-0.437982499599456787
-0.445557653903961182
-0.461565971374511719
-0.440027296543121338
-0.441389083862304688
-0.433043956756591797
-0.439502596855163574
-0.453567326068878174
-0.480205178260803223
0.216308593750000000
0.216308593750000000
0.216308593750000000
0.216308593750000000
0.216308593750000000
0.216308593750000000
0.216308593750000000
0.216308593750000000
0.216308593750000000
0.216308593750000000
0.216308593750000000
0.216308593750000000
0.216308593750000000
0.216308593750000000
0.216308593750000000
0.216308593750000000
0.216308593750000000
0.216308593750000000
0.216308593750000000
0.216308593750000000
0.216308593750000000
0.216308593750000000
0.216308593750000000
0.216308593750000000
0.216308593750000000
0.216308593750000000
0.216308593750000000
0.216308593750000000
0.216308593750000000
0.216308593750000000
0.216308593750000000
0.216308593750000000
0.216308593750000000
0.216308593750000000
0.216308593750000000
0.216308593750000000
0.216308593750000000
0.216308593750000000
0.216308593750000000
0.216308593750000000
0.216308593750000000
0.216308593750000000
0.216308593750000000
0.216308593750000000
0.216308593750000000
0.216308593750000000
0.216308593750000000
0.216308593750000000
0.216308593750000000
0.216308593750000000
0.216308593750000000
0.216308593750000000
0.216308593750000000
0.216308593750000000
0.216308593750000000
0.216308593750000000
0.216308593750000000
0.216308593750000000
0.216308593750000000
0.216308593750000000
0.216308593750000000
0.216308593750000000
0.216308593750000000
0.216308593750000000
0.216308593750000000
0.216308593750000000
0.216308593750000000
0.216308593750000000
0.216308593750000000
0.216308593750000000
0.216308593750000000
0.216308593750000000
0.216308593750000000
0.216308593750000000
0.216308593750000000
0.216308593750000000
0.216308593750000000
0.216308593750000000
0.216308593750000000
0.216308593750000000
0.216308593750000000
0.216308593750000000
0.216308593750000000
0.216308593750000000
0.216308593750000000
0.216308593750000000
0.216308593750000000
0.216308593750000000
0.216308593750000000
0.216308593750000000
0.216308593750000000
0.115445330739021301
0.179957523941993713
0.165070414543151855
0.171102911233901978
0.175168424844741821
0.175052314996719360
0.177895992994308472
0.176587030291557312
0.172491133213043213
0.169047623872756958
0.175027400255203247
0.151136845350265503
0.180843859910964966
0.183951020240783691
0.319809228181838989
0.282976567745208740
0.296857655048370361
0.298980534076690674
0.307335972785949707
0.306768357753753662
0.300244480371475220
0.296435832977294922
0.291793793439865112
0.291357576847076416
0.258677303791046143
0.336469084024429321
0.189702272415161133
0.292548477649688721
0.267583429813385010
0.272458016872406006
0.269789814949035645
0.283663928508758545
0.279325395822525024
0.282936125993728638
0.274145156145095825
0.269651889801025391
0.263470470905303955
0.243349447846412659
0.331898689270019531
0.184886008501052856
0.287899971008300781
0.260590195655822754
0.263784557580947876
0.266347467899322510
0.280378550291061401
0.287039577960968018
0.284087896347045898
0.277154713869094849
0.270768642425537109
0.265569746494293213
0.229557231068611145
0.331895977258682251
0.193959057331085205
0.292773216962814331
0.260733515024185181
0.272248446941375732
0.285383760929107666
0.287151515483856201
0.283265233039855957
0.283590048551559448
0.286088407039642334
0.275290250778198242
0.261670947074890137
0.235641404986381531
0.323836535215377808
0.179303616285324097
0.292079985141754150
0.267928481101989746
0.289572268724441528
0.304259717464447021
0.286617815494537354
0.280027449131011963
0.304379522800445557
0.294266343116760254
0.285813331604003906
0.262704551219940186
0.237214624881744385
0.329060435295104980
0.168321862816810608
0.277559638023376465
0.247996732592582703
0.269477784633636475
0.284488260746002197
0.281474500894546509
0.266021370887756348
0.288864135742187500
0.280227571725845337
0.280981004238128662
0.253644406795501709
0.228036239743232727
0.297892332077026367
-1.006885766983032227
-0.821216046810150146
-0.819866240024566650
-0.820918619632720947
-0.820203244686126709
-0.821204543113708496
-0.820957601070404053
-0.820545494556427002
-0.820270419120788574
-0.820425212383270264
-0.821384608745574951
-0.813433825969696045
-0.983800113201141357
-1.308042287826538086
-0.768774807453155518
-0.813088476657867432
-0.814471900463104248
-0.813219070434570312
-0.813537418842315674
-0.813421010971069336
-0.813536584377288818
-0.812531471252441406
-0.812955677509307861
-0.814747571945190430
-0.798636138439178467
-1.650908112525939941
-1.352644085884094238
-0.799042820930480957
-0.811922371387481689
-0.813954114913940430
-0.811818540096282959
-0.810910642147064209
-0.811984062194824219
-0.813430249691009521
-0.811276435852050781
-0.811201870441436768
-0.813171625137329102
-0.797129154205322266
-2.137716054916381836
-1.596489667892456055
-0.789954662322998047
-0.810913264751434326
-0.811434626579284668
-0.809498965740203857
-0.809213936328887939
-0.811625659465789795
-0.812448203563690186
-0.811522364616394043
-0.810765326023101807
-0.812076628208160400
-0.796831071376800537
-2.159721374511718750
-1.446127772331237793
-0.808735728263854980
-0.812384307384490967
-0.811398506164550781
-0.811168611049652100
-0.810634016990661621
-0.811502695083618164
-0.811046838760375977
-0.811269879341125488
-0.811138033866882324
-0.812531471252441406
-0.796528875827789307
-2.130132913589477539
-1.517364025115966797
-0.748396754264831543
-0.810962498188018799
-0.815654337406158447
-0.812156081199645996
-0.812804341316223145
-0.813133239746093750
-0.812003076076507568
-0.812843024730682373
-0.813157498836517334
-0.813202679157257080
-0.795489490032196045
-1.876221895217895508
-1.359670639038085938
-0.786428809165954590
-0.810729920864105225
-0.819782197475433350
-0.812415480613708496
-0.814434945583343506
-0.815122902393341064
-0.812482893466949463
-0.813094675540924072
-0.816522061824798584
-0.816520690917968750
-0.801132678985595703
-1.680736303329467773
0.248525172472000122
0.248513221740722656
0.248513221740722656
0.248513221740722656
0.248513221740722656
0.248513221740722656
0.248513221740722656
0.248513221740722656
0.248513221740722656
0.248513221740722656
0.248513221740722656
0.248513221740722656
0.248513221740722656
0.248516321182250977
0.248494133353233337
0.248494133353233337
0.248494133353233337
0.248494133353233337
0.248494133353233337
0.248494133353233337
0.248494133353233337
0.248494133353233337
0.248494133353233337
0.248494133353233337
0.248494133353233337
0.248494133353233337
0.248516321182250977
0.248494133353233337
0.248494133353233337
0.248494133353233337
0.248494133353233337
0.248494133353233337
0.248494133353233337
0.248494133353233337
0.248494133353233337
0.248494133353233337
0.248494133353233337
0.248494133353233337
0.248494133353233337
0.248516321182250977
0.248494133353233337
0.248494133353233337
0.248494133353233337
0.248494133353233337
0.248494133353233337
0.248494133353233337
0.248494133353233337
0.248494133353233337
0.248494133353233337
0.248494133353233337
0.248494133353233337
0.248494133353233337
0.248516321182250977
0.248494133353233337
0.248494133353233337
0.248494133353233337
0.248494133353233337
0.248494133353233337
0.248494133353233337
0.248494133353233337
0.248494133353233337
0.248494133353233337
0.248494133353233337
0.248494133353233337
0.248494133353233337
0.248516321182250977
0.248494133353233337
0.248494133353233337
0.248494133353233337
0.248494133353233337
0.248494133353233337
0.248494133353233337
0.248494133353233337
0.248494133353233337
0.248494133353233337
0.248494133353233337
0.248494133353233337
0.248494133353233337
0.248516321182250977
0.248494133353233337
0.248494133353233337
0.248494133353233337
0.248494133353233337
0.248494133353233337
0.248494133353233337
0.248494133353233337
0.248494133353233337
0.248494133353233337
0.248494133353233337
0.248494133353233337
0.248494133353233337
1.439883112907409668
2.512568950653076172
2.388671159744262695
2.435692310333251953
2.404436826705932617
2.425080776214599609
2.458354711532592773
2.352344989776611328
2.420327186584472656
2.401774168014526367
2.421775579452514648
2.480831623077392578
2.564370632171630859
-1.480634450912475586
-1.757621765136718750
-1.650081157684326172
-1.604651689529418945
-1.642707586288452148
-1.620380878448486328
-1.498056650161743164
-1.451154470443725586
-1.527972459793090820
-1.632913827896118164
-1.653015613555908203
-1.359437942504882812
-0.357962310314178467
-1.530232906341552734
-1.895264387130737305
-1.901701450347900391
-1.807518243789672852
-1.805506944656372070
-1.931902885437011719
-2.003542184829711914
-1.905205965042114258
-1.856528043746948242
-1.895561695098876953
-1.863423585891723633
-1.346224784851074219
-0.282392442226409912
-1.530511856079101562
-1.910652637481689453
-1.968255043029785156
-1.939868450164794922
-1.925921916961669922
-1.753221273422241211
-1.756698131561279297
-1.810369491577148438
-1.905295610427856445
-1.912513494491577148
-1.921178102493286133
-1.348129510879516602
-0.266836822032928467
-1.593679428100585938
-1.894060373306274414
-1.927809238433837891
-1.927353382110595703
-1.891206264495849609
-1.852180242538452148
-1.906505346298217773
-1.776407241821289062
-1.884751796722412109
-1.912742614746093750
-1.876209020614624023
-1.359888315200805664
-0.287629783153533936
-1.412165403366088867
-1.899697542190551758
-2.023305654525756836
-1.871577024459838867
-1.964623212814331055
-1.943443775177001953
-1.850617408752441406
-1.875136137008666992
-1.802576780319213867
-1.901264905929565430
-1.958553075790405273
-1.279782533645629883
-0.373145401477813721
-1.695089101791381836
-1.874089956283569336
-1.863643169403076172
-1.855506658554077148
-1.819124221801757812
-1.970742940902709961
-1.928985357284545898
-1.958473920822143555
-2.046167373657226562
-2.128432750701904297
-2.075914859771728516
-1.480734586715698242
-0.370969712734222412
-0.031357772648334503
-0.031337935477495193
-0.031337931752204895
-0.031337931752204895
-0.031337931752204895
-0.031337931752204895
-0.031337931752204895
-0.031337931752204895
-0.031337935477495193
-0.031337931752204895
-0.031337931752204895
-0.031337931752204895
-0.031337939202785492
-0.031312856823205948
-0.031269993633031845
-0.031269993633031845
-0.031269993633031845
-0.031269997358322144
-0.031269989907741547
-0.031269989907741547
-0.031269993633031845
-0.031269993633031845
-0.031269993633031845
-0.031269997358322144
-0.031270004808902740
-0.031270030885934830
-0.031312853097915649
-0.031269997358322144
-0.031270015984773636
-0.031270015984773636
-0.031270015984773636
-0.031270015984773636
-0.031270015984773636
-0.031270012259483337
-0.031270015984773636
-0.031270012259483337
-0.031270012259483337
-0.031270023435354233
-0.031270045787096024
-0.031312856823205948
-0.031270001083612442
-0.031270012259483337
-0.031270015984773636
-0.031270015984773636
-0.031270015984773636
-0.031270015984773636
-0.031270015984773636
-0.031270015984773636
-0.031270015984773636
-0.031270015984773636
-0.031270019710063934
-0.031270045787096024
-0.031312856823205948
-0.031269997358322144
-0.031270012259483337
-0.031270015984773636
-0.031270015984773636
-0.031270015984773636
-0.031270015984773636
-0.031270015984773636
-0.031270015984773636
-0.031270015984773636
-0.031270015984773636
-0.031270015984773636
-0.031270056962966919
-0.031312853097915649
-0.031270001083612442
-0.031270012259483337
-0.031270015984773636
-0.031270012259483337
-0.031270012259483337
-0.031270012259483337
-0.031270012259483337
-0.031270012259483337
-0.031270012259483337
-0.031270012259483337
-0.031270023435354233
-0.031270049512386322
-0.031312856823205948
-0.031270001083612442
-0.031270012259483337
-0.031270012259483337
-0.031270008534193039
-0.031270012259483337
-0.031270012259483337
-0.031270008534193039
-0.031270012259483337
-0.031270008534193039
-0.031270015984773636
-0.031270019710063934
-0.031270023435354233
1.660312056541442871
4.585987091064453125
4.574769020080566406
4.580333709716796875
4.576835632324218750
4.579927444458007812
4.584781646728515625
4.597024917602539062
4.597919464111328125
4.588161468505859375
4.573275566101074219
4.641156196594238281
4.398623466491699219
-0.737069606781005859
2.375782728195190430
2.421081781387329102
2.367612838745117188
2.386465311050415039
2.378884553909301758
2.370305061340332031
2.361958265304565430
2.392588853836059570
2.402991533279418945
2.393017530441284180
2.458386182785034180
2.513530492782592773
-0.775497555732727051
2.302019596099853516
2.383993148803710938
2.327666997909545898
2.352522850036621094
2.355711221694946289
2.373110294342041016
2.301097154617309570
2.332204103469848633
2.340967893600463867
2.296288490295410156
2.444744110107421875
2.516529560089111328
-0.803576350212097168
2.264125823974609375
2.360276460647583008
2.326368331909179688
2.317922830581665039
2.306613922119140625
2.297008037567138672
2.307425975799560547
2.294974803924560547
2.322422742843627930
2.340148687362670898
2.458006381988525391
2.532246351242065430
-0.764058291912078857
2.318113327026367188
2.339674711227416992
2.315461158752441406
2.289741754531860352
2.336369037628173828
2.333533763885498047
2.307702302932739258
2.342693567276000977
2.305152893066406250
2.308563709259033203
2.460342884063720703
2.523114204406738281
-0.779719531536102295
2.312309026718139648
2.377099275588989258
2.302188634872436523
2.331687927246093750
2.321908712387084961
2.319189310073852539
2.310321331024169922
2.303647279739379883
2.275799036026000977
2.303724765777587891
2.496192932128906250
2.485154151916503906
-0.796277165412902832
2.206900119781494141
2.273972272872924805
2.219244003295898438
2.188774108886718750
2.198923110961914062
2.270098209381103516
2.250947713851928711
2.269688367843627930
2.269446611404418945
2.212112665176391602
2.387738466262817383
2.587468147277832031
0.268974512815475464
0.480639517307281494
0.480538040399551392
0.480601578950881958
0.480724811553955078
0.480662941932678223
0.480759441852569580
0.480743288993835449
0.480696916580200195
0.480593681335449219
0.480609178543090820
0.480671286582946777
0.480657577514648438
0.269928425550460815
0.573838889598846436
0.573816776275634766
0.573804736137390137
0.574078798294067383
0.573940396308898926
0.573973178863525391
0.573935031890869141
0.574032187461853027
0.573909282684326172
0.573903918266296387
0.574002742767333984
0.573910117149353027
0.269933789968490601
0.573650956153869629
0.573890924453735352
0.573676943778991699
0.573932766914367676
0.573979496955871582
0.573905289173126221
0.573902130126953125
0.574057102203369141
0.573813319206237793
0.573838472366333008
0.573909819126129150
0.573961317539215088
0.269927471876144409
0.573887705802917480
0.574000000953674316
0.573790192604064941
0.573876857757568359
0.573876917362213135
0.574008941650390625
0.573822259902954102
0.573920845985412598
0.574005782604217529
0.573806941509246826
0.573807954788208008
0.573941946029663086
0.269928723573684692
0.573874950408935547
0.573809385299682617
0.573776483535766602
0.573831021785736084
0.573866248130798340
0.573830604553222656
0.573761820793151855
0.573744535446166992
0.573780536651611328
0.573683142662048340
0.573744118213653564
0.573879659175872803
0.269932091236114502
0.573932290077209473
0.573862254619598389
0.573830842971801758
0.574001491069793701
0.574050307273864746
0.573896765708923340
0.573863983154296875
0.573790132999420166
0.573729515075683594
0.573931336402893066
0.573791503906250000
0.573917865753173828
0.269930601119995117
0.574238300323486328
0.573902726173400879
0.573760330677032471
0.574238419532775879
0.574393033981323242
0.574453115463256836
0.573751866817474365
0.573913335800170898
0.573878407478332520
0.573981761932373047
0.573874711990356445
0.574008882045745850
-0.665276706218719482
-0.664763808250427246
-0.664628446102142334
-0.664570629596710205
-0.664570152759552002
-0.664635956287384033
-0.664560914039611816
-0.664476990699768066
-0.664561331272125244
-0.664569079875946045
-0.664631128311157227
-0.664540827274322510
-0.664790213108062744
-0.665103614330291748
-0.663156628608703613
-0.662764906883239746
-0.662751674652099609
-0.662672817707061768
-0.662771999835968018
-0.662651062011718750
-0.662585973739624023
-0.662677824497222900
-0.662711739540100098
-0.662812709808349609
-0.662667393684387207
-0.662827730178833008
-0.665081202983856201
-0.662981688976287842
-0.662894070148468018
-0.663016557693481445
-0.662924885749816895
-0.662974178791046143
-0.663017690181732178
-0.663171410560607910
-0.662967085838317871
-0.662954866886138916
-0.663119077682495117
-0.662947595119476318
-0.662810683250427246
-0.665077984333038330
-0.663173139095306396
-0.662906885147094727
-0.663069069385528564
-0.663071930408477783
-0.662944614887237549
-0.662872195243835449
-0.663091897964477539
-0.662935614585876465
-0.663048088550567627
-0.663033127784729004
-0.662893116474151611
-0.662741780281066895
-0.665102183818817139
-0.663129806518554688
-0.662955999374389648
-0.663159608840942383
-0.663053095340728760
-0.662947118282318115
-0.663068830966949463
-0.663083732128143311
-0.662904024124145508
-0.663064479827880859
-0.663095176219940186
-0.662867605686187744
-0.662723779678344727
-0.665032207965850830
-0.663100659847259521
-0.662971854209899902
-0.663067758083343506
-0.662835657596588135
-0.663028895854949951
-0.663019120693206787
-0.662982940673828125
-0.662852168083190918
-0.662900447845458984
-0.663149833679199219
-0.662979066371917725
-0.662846386432647705
-0.665118277072906494
-0.663203597068786621
-0.662759482860565186
-0.662929713726043701
-0.662698030471801758
-0.662806272506713867
-0.662939012050628662
-0.662827312946319580
-0.662846028804779053
-0.662890374660491943
-0.662914037704467773
-0.662806749343872070
-0.662785112857818604
0.065299540758132935
0.065292723476886749
0.065292723476886749
0.065292723476886749
0.065292723476886749
0.065292723476886749
0.065292723476886749
0.065292723476886749
0.065292723476886749
0.065292723476886749
0.065292723476886749
0.065292723476886749
0.065292723476886749
0.065270654857158661
0.065250732004642487
0.065250724554061890
0.065250724554061890
0.065250724554061890
0.065250724554061890
0.065250724554061890
0.065250724554061890
0.065250724554061890
0.065250724554061890
0.065250724554061890
0.065250724554061890
0.065250732004642487
0.065270654857158661
0.065250732004642487
0.065250732004642487
0.065250724554061890
0.065250724554061890
0.065250724554061890
0.065250724554061890
0.065250724554061890
0.065250724554061890
0.065250724554061890
0.065250724554061890
0.065250724554061890
0.065250732004642487
0.065270654857158661
0.065250724554061890
0.065250732004642487
0.065250732004642487
0.065250724554061890
0.065250724554061890
0.065250724554061890
0.065250724554061890
0.065250724554061890
0.065250724554061890
0.065250724554061890
0.065250724554061890
0.065250732004642487
0.065270654857158661
0.065250724554061890
0.065250724554061890
0.065250724554061890
0.065250724554061890
0.065250724554061890
0.065250732004642487
0.065250732004642487
0.065250724554061890
0.065250732004642487
0.065250732004642487
0.065250724554061890
0.065250732004642487
0.065270654857158661
0.065250732004642487
0.065250732004642487
0.065250724554061890
0.065250724554061890
0.065250724554061890
0.065250724554061890
0.065250724554061890
0.065250724554061890
0.065250724554061890
0.065250732004642487
0.065250732004642487
0.065250739455223083
0.065270654857158661
0.065250724554061890
0.065250724554061890
0.065250724554061890
0.065250724554061890
0.065250717103481293
0.065250724554061890
0.065250724554061890
0.065250724554061890
0.065250724554061890
0.065250724554061890
0.065250724554061890
0.065250739455223083
0.024373346939682961
0.023440102115273476
0.023844547569751740
0.024754464626312256
0.023898202925920486
0.024605663493275642
0.024018840864300728
0.023982143029570580
0.024487672373652458
0.024383109062910080
0.024186881259083748
0.021062325686216354
0.893967509269714355
0.046924866735935211
0.019310351461172104
0.024697020649909973
0.022818122059106827
0.022777291014790535
0.024049274623394012
0.023281468078494072
0.021910764276981354
0.023230519145727158
0.023678438737988472
0.022022562101483345
0.018426956608891487
2.892683982849121094
0.019872197881340981
0.018082667142152786
0.025432212278246880
0.021659828722476959
0.022509630769491196
0.023013923317193985
0.024908721446990967
0.022174298763275146
0.022359684109687805
0.023729087784886360
0.022626081481575966
0.017175912857055664
3.673346996307373047
0.067457936704158783
0.019443111494183540
0.023774757981300354
0.022410327568650246
0.022410146892070770
0.024188479408621788
0.024404088035225868
0.022627390921115875
0.023007625713944435
0.022797441110014915
0.021704640239477158
0.016978871077299118
3.719611883163452148
0.014172278344631195
0.019780796021223068
0.023504327982664108
0.023627853021025658
0.022632654756307602
0.023270748555660248
0.023141451179981232
0.023416865617036819
0.023327682167291641
0.022740218788385391
0.022135458886623383
0.016281245276331902
3.642560958862304688
0.022936236113309860
0.020283984020352364
0.024000035598874092
0.024353219196200371
0.023089777678251266
0.023595470935106277
0.023706512525677681
0.023574156686663628
0.024548914283514023
0.022720260545611382
0.021417342126369476
0.017871541902422905
3.356957674026489258
0.020406339317560196
0.020467881113290787
0.024315588176250458
0.025722188875079155
0.021339064463973045
0.023345585912466049
0.024451019242405891
0.022492043673992157
0.023337250575423241
0.022371027618646622
0.021972609683871269
0.019100949168205261
1.992291212081909180
3.371361255645751953
0.715129375457763672
-0.076816082000732422
-0.359730720520019531
-0.306192398071289062
-0.277596473693847656
0.185644626617431641
0.215447425842285156
0.021988868713378906
-0.332829952239990234
-0.248722076416015625
-0.838475227355957031
-1.761510848999023438
3.690921783447265625
0.189601898193359375
-1.547542095184326172
-2.081555843353271484
-2.307921886444091797
-2.436896324157714844
-2.250597953796386719
-2.130260944366455078
-2.367822170257568359
-2.287492752075195312
-2.017670631408691406
-3.685755252838134766
-5.052278041839599609
3.897474288940429688
0.925766468048095703
-1.263048171997070312
-1.432004928588867188
-1.860110759735107422
-2.144717216491699219
-2.046024799346923828
-1.777766227722167969
-1.984428882598876953
-2.105291843414306641
-1.680161476135253906
-3.888702869415283203
-4.559078693389892578
3.947661161422729492
0.801242113113403320
-1.634322643280029297
-1.980338096618652344
-2.204213619232177734
-2.307381629943847656
-1.789260387420654297
-1.771233558654785156
-1.660206317901611328
-2.067136287689208984
-1.640064239501953125
-3.714692592620849609
-4.517903804779052734
3.918269395828247070
1.020833015441894531
-0.897954463958740234
-1.740518569946289062
-1.953602790832519531
-2.017168998718261719
-1.989148139953613281
-2.114746093750000000
-1.707739830017089844
-1.758918762207031250
-1.537282943725585938
-3.567273616790771484
-4.329948902130126953
3.936622619628906250
1.063247680664062500
-1.217920780181884766
-1.534587383270263672
-1.459774017333984375
-1.811332225799560547
-1.951969623565673828
-1.980727195739746094
-2.003148078918457031
-1.519240856170654297
-1.180639743804931641
-3.726160526275634766
-4.709411144256591797
3.746910810470581055
1.059439659118652344
-1.304418563842773438
-1.485745429992675781
-1.560516834259033203
-1.591117382049560547
-1.635633945465087891
-1.892167568206787109
-2.135992527008056641
-1.621737957000732422
-0.828574657440185547
-2.714122772216796875
-4.827451229095458984
-0.507555723190307617
-0.124515414237976074
-0.202720642089843750
-0.252029776573181152
-0.284314155578613281
-0.330633997917175293
-0.421328783035278320
-0.281209588050842285
-0.236678481101989746
-0.243610978126525879
-0.273729085922241211
0.256295561790466309
1.300059676170349121
-1.789163470268249512
-0.717872023582458496
-0.397013425827026367
-0.529688715934753418
-0.540335536003112793
-0.512425899505615234
-0.506939411163330078
-0.499774813652038574
-0.494638442993164062
-0.519022583961486816
-0.694700121879577637
0.705885589122772217
1.724504828453063965
-2.027283191680908203
-0.903943896293640137
-0.405425548553466797
-0.629915118217468262
-0.491981744766235352
-0.476659536361694336
-0.382195830345153809
-0.534344315528869629
-0.639860391616821289
-0.537755370140075684
-0.688783049583435059
0.717918872833251953
1.828933238983154297
-1.839123606681823730
-0.744620442390441895
-0.521075606346130371
-0.616895675659179688
-0.435182452201843262
-0.446020603179931641
-0.528307199478149414
-0.585829257965087891
-0.488476753234863281
-0.568597793579101562
-0.764931559562683105
0.643467187881469727
1.873028755187988281
-1.998171687126159668
-0.713420271873474121
-0.445164322853088379
-0.419695854187011719
-0.562227964401245117
-0.523201942443847656
-0.617522716522216797
-0.475721597671508789
-0.489158034324645996
-0.598649621009826660
-0.753425955772399902
0.631191015243530273
1.849245429039001465
-1.942185521125793457
-0.680799722671508789
-0.386675357818603516
-0.304804444313049316
-0.346321821212768555
-0.468774199485778809
-0.501398801803588867
-0.383513331413269043
-0.485715866088867188
-0.674812912940979004
-0.857602238655090332
0.717611134052276611
1.806419014930725098
-1.496632456779479980
-0.435860395431518555
-0.258596420288085938
-0.153831839561462402
-0.050625562667846680
-0.515517354011535645
-0.403304696083068848
-0.270797729492187500
-0.207025527954101562
-0.503158092498779297
-0.516364574432373047
0.799392342567443848
1.827908515930175781
-0.539573729038238525
-0.541095077991485596
-0.541320800781250000
-0.541628539562225342
-0.541441440582275391
-0.541533768177032471
-0.541287302970886230
-0.541230738162994385
-0.541441321372985840
-0.541346967220306396
-0.541239261627197266
-0.540990293025970459
-0.517648696899414062
-0.537464797496795654
-0.538556814193725586
-0.539135634899139404
-0.539413034915924072
-0.539315998554229736
-0.539475500583648682
-0.539091944694519043
-0.539021551609039307
-0.539327025413513184
-0.539281189441680908
-0.539070248603820801
-0.539243578910827637
-0.500175952911376953
-0.537741243839263916
-0.538254797458648682
-0.538702249526977539
-0.538821280002593994
-0.538858056068420410
-0.538828551769256592
-0.538635015487670898
-0.538817763328552246
-0.539024889469146729
-0.538968503475189209
-0.539062917232513428
-0.538993239402770996
-0.511221587657928467
-0.537781894207000732
-0.538460373878479004
-0.538942515850067139
-0.539002001285552979
-0.538782238960266113
-0.539328396320343018
-0.538830578327178955
-0.538974583148956299
-0.538868665695190430
-0.539028882980346680
-0.538944482803344727
-0.539301693439483643
-0.513089597225189209
-0.537628829479217529
-0.538359463214874268
-0.538758158683776855
-0.539061069488525391
-0.539387881755828857
-0.539023756980895996
-0.538993656635284424
-0.539102613925933838
-0.538917541503906250
-0.539140462875366211
-0.538876295089721680
-0.538977980613708496
-0.516892075538635254
-0.537323713302612305
-0.538231015205383301
-0.538846969604492188
-0.539626181125640869
-0.538880169391632080
-0.539034187793731689
-0.539147794246673584
-0.539132058620452881
-0.539022386074066162
-0.538679003715515137
-0.538893342018127441
-0.538836538791656494
-0.522724092006683350
-0.537471652030944824
-0.538634240627288818
-0.538357019424438477
-0.540267705917358398
-0.538484513759613037
-0.539185225963592529
-0.538964509963989258
-0.538857817649841309
-0.538892090320587158
-0.538506865501403809
-0.538562297821044922
-0.538583219051361084
-0.536730289459228516
0.176442176103591919
0.176487401127815247
0.176475837826728821
0.176471874117851257
0.176472261548042297
0.176472216844558716
0.176477715373039246
0.176474571228027344
0.176465019583702087
0.176475733518600464
0.176473021507263184
0.176481798291206360
0.176472887396812439
0.176429167389869690
0.176475226879119873
0.176478639245033264
0.176469251513481140
0.176468431949615479
0.176467627286911011
0.176470533013343811
0.176463127136230469
0.176463931798934937
0.176462367177009583
0.176467895507812500
0.176471680402755737
0.176466956734657288
0.176439061760902405
0.176479682326316833
0.176471859216690063
0.176465705037117004
0.176478371024131775
0.176467254757881165
0.176465138792991638
0.176452293992042542
0.176475316286087036
0.176468089222908020
0.176468610763549805
0.176476508378982544
0.176473408937454224
0.176437661051750183
0.176469668745994568
0.176478639245033264
0.176463171839714050
0.176474496722221375
0.176475614309310913
0.176467925310134888
0.176465809345245361
0.176469683647155762
0.176469847559928894
0.176469013094902039
0.176481217145919800
0.176481381058692932
0.176446810364723206
0.176468670368194580
0.176481559872627258
0.176475510001182556
0.176464408636093140
0.176465705037117004
0.176470682024955750
0.176466062664985657
0.176471322774887085
0.176463827490806580
0.176466152071952820
0.176481500267982483
0.176479652523994446
0.176436588168144226
0.176479592919349670
0.176471278071403503
0.176463186740875244
0.176470831036567688
0.176460355520248413
0.176464870572090149
0.176472201943397522
0.176469042897224426
0.176453351974487305
0.176479220390319824
0.176479712128639221
0.176471665501594543
0.176447331905364990
0.176454901695251465
0.176477357745170593
0.176477625966072083
0.176466926932334900
0.176472395658493042
0.176480725407600403
0.176467522978782654
0.176470831036567688
0.176453664898872375
0.176484167575836182
0.176475405693054199
0.176460579037666321
0.530535757541656494
0.530087172985076904
0.530087232589721680
0.530087947845458984
0.530088126659393311
0.530088305473327637
0.530088424682617188
0.530088484287261963
0.530087888240814209
0.530087769031524658
0.530087530612945557
0.530086874961853027
0.530087172985076904
0.529521465301513672
0.528902232646942139
0.528902649879455566
0.528903901576995850
0.528903901576995850
0.528903484344482422
0.528903722763061523
0.528904736042022705
0.528903901576995850
0.528903663158416748
0.528903543949127197
0.528901100158691406
0.528903663158416748
0.529520750045776367
0.528900802135467529
0.528901338577270508
0.528902888298034668
0.528903305530548096
0.528903722763061523
0.528903543949127197
0.528904199600219727
0.528902769088745117
0.528902053833007812
0.528902471065521240
0.528901398181915283
0.528904557228088379
0.529521167278289795
0.528901398181915283
0.528901875019073486
0.528902351856231689
0.528902530670166016
0.528902888298034668
0.528902411460876465
0.528902709484100342
0.528902292251586914
0.528902113437652588
0.528901219367980957
0.528900146484375000
0.528905451297760010
0.529520511627197266
0.528899848461151123
0.528901457786560059
0.528902471065521240
0.528903007507324219
0.528902769088745117
0.528901875019073486
0.528902113437652588
0.528902113437652588
0.528901338577270508
0.528900265693664551
0.528899967670440674
0.528903961181640625
0.529520213603973389
0.528900921344757080
0.528901875019073486
0.528903484344482422
0.528903484344482422
0.528903543949127197
0.528903901576995850
0.528903663158416748
0.528902828693389893
0.528902590274810791
0.528900980949401855
0.528900027275085449
0.528902590274810791
0.529518902301788330
0.528899431228637695
0.528900027275085449
0.528902649879455566
0.528902292251586914
0.528901875019073486
0.528901755809783936
0.528903067111968994
0.528902769088745117
0.528902828693389893
0.528901696205139160
0.528900444507598877
0.528901398181915283
0.010202039033174515
0.127783030271530151
0.127521753311157227
0.127533718943595886
0.127319782972335815
0.127532884478569031
0.127573668956756592
0.127609238028526306
0.127395436167716980
0.127485767006874084
0.127396270632743835
0.127325654029846191
0.127205640077590942
-0.072653122246265411
0.063051000237464905
0.062490250915288925
0.062595233321189880
0.062512457370758057
0.062465373426675797
0.062667414546012878
0.062685459852218628
0.062302913516759872
0.062456425279378891
0.062456239014863968
0.062161814421415329
0.062095154076814651
-0.072772920131683350
0.062897771596908569
0.062483873218297958
0.062706872820854187
0.062556192278862000
0.062464889138936996
0.062390189617872238
0.062659218907356262
0.062430310994386673
0.062686726450920105
0.062794804573059082
0.062681019306182861
0.061849806457757950
-0.072833627462387085
0.063201278448104858
0.062140990048646927
0.062378864735364914
0.062419202178716660
0.062671720981597900
0.062714055180549622
0.062782466411590576
0.062670886516571045
0.062422644346952438
0.062600702047348022
0.062789008021354675
0.062027607113122940
-0.072856083512306213
0.063116535544395447
0.062992393970489502
0.062845498323440552
0.062594950199127197
0.062463540583848953
0.062458943575620651
0.062598884105682373
0.062583923339843750
0.062568813562393188
0.062446143478155136
0.062715008854866028
0.062154244631528854
-0.073039606213569641
0.063283041119575500
0.062370542436838150
0.062549591064453125
0.062955796718597412
0.062292348593473434
0.062612548470497131
0.062843665480613708
0.062571898102760315
0.062721282243728638
0.062367077916860580
0.062656939029693604
0.061446454375982285
-0.072771668434143066
0.064114168286323547
0.063289836049079895
0.063023805618286133
0.063127383589744568
0.062848493456840515
0.062362749129533768
0.062932834029197693
0.062806874513626099
0.063397258520126343
0.063136383891105652
0.063341990113258362
0.062391508370637894
0.209232032299041748
0.235684007406234741
0.234667658805847168
0.235375970602035522
0.235140830278396606
0.234418660402297974
0.234051465988159180
0.234446913003921509
0.235827028751373291
0.236564040184020996
0.233594924211502075
0.235150367021560669
0.255025297403335571
0.288061022758483887
0.313700795173645020
0.317497640848159790
0.316633969545364380
0.318133026361465454
0.319775819778442383
0.320578396320343018
0.317524284124374390
0.318068623542785645
0.318146556615829468
0.314781695604324341
0.324152052402496338
0.353029042482376099
0.287436634302139282
0.313265949487686157
0.318332433700561523
0.315191775560379028
0.316898077726364136
0.317988723516464233
0.321841061115264893
0.317535787820816040
0.317775905132293701
0.317947596311569214
0.315369993448257446
0.326578229665756226
0.349926233291625977
0.288182467222213745
0.313115745782852173
0.317222505807876587
0.317761600017547607
0.316812276840209961
0.319410771131515503
0.320402413606643677
0.318382322788238525
0.318293601274490356
0.316618770360946655
0.312534153461456299
0.323678910732269287
0.349249273538589478
0.291282683610916138
0.313462823629379272
0.317411363124847412
0.319033980369567871
0.317228645086288452
0.319723874330520630
0.319768220186233521
0.317461371421813965
0.319077700376510620
0.317184895277023315
0.314018309116363525
0.325062364339828491
0.350538909435272217
0.288765102624893188
0.311941385269165039
0.316323906183242798
0.315777391195297241
0.318682521581649780
0.317547470331192017
0.317619651556015015
0.317728608846664429
0.321754276752471924
0.319338053464889526
0.313285768032073975
0.325402140617370605
0.347883850336074829
0.287962287664413452
0.308061301708221436
0.311305552721023560
0.313748598098754883
0.313724517822265625
0.317053765058517456
0.316802859306335449
0.315644592046737671
0.315484970808029175
0.312628120183944702
0.307534754276275635
0.318931072950363159
0.336840212345123291
-0.351602196693420410
-0.351658552885055542
-0.351659148931503296
-0.351658999919891357
-0.351659059524536133
-0.351658910512924194
-0.351658940315246582
-0.351658940315246582
-0.351658940315246582
-0.351658999919891357
-0.351659387350082397
-0.351658761501312256
-0.351656943559646606
-0.351638138294219971
-0.351708114147186279
-0.351707071065902710
-0.351706981658935547
-0.351706922054290771
-0.351706862449645996
-0.351706892251968384
-0.351707100868225098
-0.351707190275192261
-0.351707428693771362
-0.351708054542541504
-0.351707041263580322
-0.351703047752380371
-0.351638376712799072
-0.351708561182022095
-0.351707607507705688
-0.351707905530929565
-0.351707607507705688
-0.351707816123962402
-0.351707100868225098
-0.351706951856613159
-0.351707965135574341
-0.351707398891448975
-0.351707935333251953
-0.351706951856613159
-0.351702511310577393
-0.351637333631515503
-0.351707994937896729
-0.351707726716995239
-0.351707726716995239
-0.351707637310028076
-0.351706862449645996
-0.351707160472869873
-0.351707309484481812
-0.351707249879837036
-0.351707935333251953
-0.351708322763442993
-0.351707637310028076
-0.351702570915222168
-0.351638615131378174
-0.351708412170410156
-0.351707518100738525
-0.351707398891448975
-0.351707339286804199
-0.351707637310028076
-0.351707339286804199
-0.351707398891448975
-0.351707369089126587
-0.351707220077514648
-0.351708263158798218
-0.351707428693771362
-0.351703584194183350
-0.351637512445449829
-0.351708233356475830
-0.351707577705383301
-0.351706743240356445
-0.351707071065902710
-0.351707518100738525
-0.351707130670547485
-0.351707011461257935
-0.351706892251968384
-0.351707190275192261
-0.351708352565765381
-0.351707696914672852
-0.351704388856887817
-0.351637631654739380
-0.351708054542541504
-0.351708590984344482
-0.351706475019454956
-0.351706087589263916
-0.351707905530929565
-0.351708114147186279
-0.351707905530929565
-0.351707994937896729
-0.351707488298416138
-0.351708143949508667
-0.351707249879837036
-0.351702332496643066
-0.269287109375000000
-0.269287109375000000
-0.269287109375000000
-0.269287109375000000
-0.269287109375000000
-0.269287109375000000
-0.269287109375000000
-0.269287109375000000
-0.269287109375000000
-0.269287109375000000
-0.269287109375000000
-0.269287109375000000
-0.269287109375000000
-0.269287109375000000
-0.269287109375000000
-0.269287109375000000
-0.269287109375000000
-0.269287109375000000
-0.269287109375000000
-0.269287109375000000
-0.269287109375000000
-0.269287109375000000
-0.269287109375000000
-0.269287109375000000
-0.269287109375000000
-0.269287109375000000
-0.269287109375000000
-0.269287109375000000
-0.269287109375000000
-0.269287109375000000
-0.269287109375000000
-0.269287109375000000
-0.269287109375000000
-0.269287109375000000
-0.269287109375000000
-0.269287109375000000
-0.269287109375000000
-0.269287109375000000
-0.269287109375000000
-0.269287109375000000
-0.269287109375000000
-0.269287109375000000
-0.269287109375000000
-0.269287109375000000
-0.269287109375000000
-0.269287109375000000
-0.269287109375000000
-0.269287109375000000
-0.269287109375000000
-0.269287109375000000
-0.269287109375000000
-0.269287109375000000
-0.269287109375000000
-0.269287109375000000
-0.269287109375000000
-0.269287109375000000
-0.269287109375000000
-0.269287109375000000
-0.269287109375000000
-0.269287109375000000
-0.269287109375000000
-0.269287109375000000
-0.269287109375000000
-0.269287109375000000
-0.269287109375000000
-0.269287109375000000
-0.269287109375000000
-0.269287109375000000
-0.269287109375000000
-0.269287109375000000
-0.269287109375000000
-0.269287109375000000
-0.269287109375000000
-0.269287109375000000
-0.269287109375000000
-0.269287109375000000
-0.269287109375000000
-0.269287109375000000
-0.269287109375000000
-0.269287109375000000
-0.269287109375000000
-0.269287109375000000
-0.269287109375000000
-0.269287109375000000
-0.269287109375000000
-0.269287109375000000
-0.269287109375000000
-0.269287109375000000
-0.269287109375000000
-0.269287109375000000
-0.269287109375000000
0.606474757194519043
0.942709922790527344
0.816989719867706299
0.821174860000610352
0.820405483245849609
0.823109924793243408
0.847633242607116699
0.852071285247802734
0.820337295532226562
0.820093929767608643
0.812614023685455322
0.822418093681335449
0.842437148094177246
0.514722049236297607
1.250818848609924316
0.829087316989898682
0.872783303260803223
0.853064060211181641
0.820075035095214844
0.836409568786621094
0.846483051776885986
0.820324778556823730
0.820564448833465576
0.792301476001739502
0.822703778743743896
0.875153839588165283
0.510697424411773682
1.338854908943176270
0.854028344154357910
0.957276344299316406
0.838660001754760742
0.820885062217712402
0.831415593624114990
0.845416069030761719
0.820376276969909668
0.820237398147583008
0.788380086421966553
0.821742236614227295
0.918956995010375977
0.466305762529373169
1.318292617797851562
0.898874759674072266
0.850476801395416260
0.820163071155548096
0.819706082344055176
0.815295696258544922
0.829151928424835205
0.821541070938110352
0.820073246955871582
0.814810037612915039
0.823393642902374268
0.926707506179809570
0.525113344192504883
1.284595251083374023
0.899288594722747803
0.806074202060699463
0.815205514430999756
0.812618136405944824
0.818390071392059326
0.819687426090240479
0.820556521415710449
0.841659665107727051
0.799069225788116455
0.824612081050872803
0.944264292716979980
0.487967044115066528
1.238985300064086914
0.884469032287597656
0.762553632259368896
0.966959238052368164
0.853356361389160156
0.799598395824432373
0.812052667140960693
0.832857370376586914
0.925053417682647705
0.786646068096160889
0.821366012096405029
0.933565974235534668
0.659856796264648438
1.056240439414978027
0.835956156253814697
0.768035113811492920
0.951153993606567383
0.861681044101715088
0.814015924930572510
0.819887518882751465
0.832602620124816895
0.869188129901885986
0.833320319652557373
0.821053743362426758
0.938918709754943848
0.825023531913757324
0.826767086982727051
0.832624971866607666
0.834217488765716553
0.834299862384796143
0.834585011005401611
0.832684040069580078
0.832857728004455566
0.833610475063323975
0.833946585655212402
0.833867013454437256
0.833526134490966797
0.835477352142333984
0.815062344074249268
0.827211439609527588
0.837890982627868652
0.838875532150268555
0.840762495994567871
0.841554284095764160
0.839983344078063965
0.840614438056945801
0.841809570789337158
0.841088652610778809
0.840260088443756104
0.842216491699218750
0.614564061164855957
0.825877070426940918
0.826419949531555176
0.837547183036804199
0.837315440177917480
0.840801596641540527
0.841710686683654785
0.839899420738220215
0.839703142642974854
0.840215325355529785
0.841551899909973145
0.840449929237365723
0.843323230743408203
0.427630811929702759
0.816329717636108398
0.825107038021087646
0.837738513946533203
0.840318024158477783
0.841490507125854492
0.841464519500732422
0.839946389198303223
0.839176356792449951
0.839319944381713867
0.840851128101348877
0.841270625591278076
0.842810034751892090
0.365787625312805176
0.827720880508422852
0.824189424514770508
0.835462868213653564
0.837946593761444092
0.839274406433105469
0.840040266513824463
0.840652823448181152
0.839470565319061279
0.838461220264434814
0.838034749031066895
0.839407205581665039
0.841997385025024414
0.403236359357833862
0.815686702728271484
0.825437963008880615
0.836521327495574951
0.837891459465026855
0.836534440517425537
0.838670790195465088
0.840390801429748535
0.840203106403350830
0.838786244392395020
0.837392389774322510
0.837646603584289551
0.843065977096557617
0.447274535894393921
0.826398730278015137
0.824591517448425293
0.835483253002166748
0.838493347167968750
0.837429285049438477
0.839822113513946533
0.837650895118713379
0.838228464126586914
0.838683545589447021
0.838609993457794189
0.834999680519104004
0.839375495910644531
0.707427203655242920
0.204030051827430725
0.204030036926269531
0.204030066728591919
0.204030051827430725
0.204030066728591919
0.204030051827430725
0.204030051827430725
0.204030051827430725
0.204030051827430725
0.204030051827430725
0.204030022025108337
0.204030111432075500
0.204029798507690430
0.204028844833374023
0.204029604792594910
0.204029649496078491
0.204029619693756104
0.204029634594917297
0.204029649496078491
0.204029649496078491
0.204029634594917297
0.204029634594917297
0.204029634594917297
0.204029604792594910
0.204029709100723267
0.204029664397239685
0.204028844833374023
0.204029589891433716
0.204029664397239685
0.204029619693756104
0.204029649496078491
0.204029649496078491
0.204029649496078491
0.204029634594917297
0.204029649496078491
0.204029634594917297
0.204029619693756104
0.204029724001884460
0.204029679298400879
0.204028844833374023
0.204029589891433716
0.204029634594917297
0.204029634594917297
0.204029649496078491
0.204029440879821777
0.204029634594917297
0.204029634594917297
0.204029634594917297
0.204029649496078491
0.204029619693756104
0.204029709100723267
0.204028725624084473
0.204028844833374023
0.204029619693756104
0.204029649496078491
0.204029634594917297
0.204029634594917297
0.204029649496078491
0.204029634594917297
0.204029649496078491
0.204029649496078491
0.204029619693756104
0.204029604792594910
0.204029724001884460
0.204029649496078491
0.204028844833374023
0.204029604792594910
0.204029664397239685
0.204029530286788940
0.204029649496078491
0.204029649496078491
0.204029649496078491
0.204029589891433716
0.204029664397239685
0.204029634594917297
0.204029604792594910
0.204029709100723267
0.204029694199562073
0.204028874635696411
0.204029366374015808
0.204029649496078491
0.204028397798538208
0.204029217362403870
0.204029321670532227
0.204029530286788940
0.204029306769371033
0.204029381275177002
0.204029068350791931
0.204029470682144165
0.204029679298400879
0.204029008746147156
0.140245005488395691
0.140221297740936279
0.140224263072013855
0.140225648880004883
0.140227571129798889
0.140225321054458618
0.140223607420921326
0.140225991606712341
0.140227869153022766
0.140225499868392944
0.140224799513816833
0.140225827693939209
0.140226259827613831
0.140249803662300110
0.140219122171401978
0.140220910310745239
0.140223577618598938
0.140225246548652649
0.140224903821945190
0.140223711729049683
0.140224516391754150
0.140226811170578003
0.140223696827888489
0.140223518013954163
0.140229269862174988
0.140226915478706360
0.140251055359840393
0.140221923589706421
0.140223413705825806
0.140221074223518372
0.140226095914840698
0.140224933624267578
0.140225440263748169
0.140224769711494446
0.140223562717437744
0.140224963426589966
0.140223369002342224
0.140226721763610840
0.140224575996398926
0.140252783894538879
0.140220105648040771
0.140223190188407898
0.140223726630210876
0.140222176909446716
0.140222743153572083
0.140223711729049683
0.140222072601318359
0.140223264694213867
0.140224188566207886
0.140222221612930298
0.140221893787384033
0.140221253037452698
0.140253022313117981
0.140220597386360168
0.140219196677207947
0.140221387147903442
0.140221685171127319
0.140223950147628784
0.140223026275634766
0.140222102403640747
0.140222221612930298
0.140221774578094482
0.140223398804664612
0.140223264694213867
0.140222802758216858
0.140252277255058289
0.140218213200569153
0.140221968293190002
0.140221476554870605
0.140223667025566101
0.140224590897560120
0.140222832560539246
0.140223622322082520
0.140223950147628784
0.140224337577819824
0.140221789479255676
0.140225812792778015
0.140224963426589966
0.140250608325004578
0.140215918421745300
0.140219375491142273
0.140218004584312439
0.140226140618324280
0.140222921967506409
0.140223011374473572
0.140221431851387024
0.140221431851387024
0.140220418572425842
0.140218704938888550
0.140224233269691467
0.140220537781715393
