-1.113215446472167969
-1.113320350646972656
-1.113319396972656250
-1.113318800926208496
-1.113319158554077148
-1.113319754600524902
-1.113320231437683105
-1.113319396972656250
-1.113319516181945801
-1.113318920135498047
-1.113320350646972656
-1.113319039344787598
-1.113315701484680176
-1.113113522529602051
-1.113232016563415527
-1.113228440284729004
-1.113228678703308105
-1.113228917121887207
-1.113228917121887207
-1.113229632377624512
-1.113228440284729004
-1.113228201866149902
-1.113227844238281250
-1.113229155540466309
-1.113226890563964844
-1.113221883773803711
-1.113112449645996094
-1.113230228424072266
-1.113226294517517090
-1.113227248191833496
-1.113228082656860352
-1.113227844238281250
-1.113227248191833496
-1.113227248191833496
-1.113227128982543945
-1.113227248191833496
-1.113226652145385742
-1.113225340843200684
-1.113220691680908203
-1.113113045692443848
-1.113229990005493164
-1.113225460052490234
-1.113226413726806641
-1.113228559494018555
-1.113227367401123047
-1.113227725028991699
-1.113227963447570801
-1.113227367401123047
-1.113227009773254395
-1.113226890563964844
-1.113225102424621582
-1.113221645355224609
-1.113111257553100586
-1.113230228424072266
-1.113227486610412598
-1.113227128982543945
-1.113227844238281250
-1.113226890563964844
-1.113226890563964844
-1.113227844238281250
-1.113227486610412598
-1.113226771354675293
-1.113226175308227539
-1.113225817680358887
-1.113221526145935059
-1.113111019134521484
-1.113232016563415527
-1.113227009773254395
-1.113227248191833496
-1.113227725028991699
-1.113226771354675293
-1.113226532936096191
-1.113227128982543945
-1.113228201866149902
-1.113227605819702148
-1.113227009773254395
-1.113226413726806641
-1.113222360610961914
-1.113110423088073730
-1.113231182098388672
-1.113227486610412598
-1.113227248191833496
-1.113228559494018555
-1.113228321075439453
-1.113226413726806641
-1.113225579261779785
-1.113228082656860352
-1.113228797912597656
-1.113228321075439453
-1.113226890563964844
-1.113224148750305176
0.760060191154479980
0.756829679012298584
0.639225184917449951
0.498759508132934570
0.450333952903747559
0.527314066886901855
0.668300390243530273
0.586205005645751953
0.578033387660980225
0.501545846462249756
0.606710135936737061
0.683190941810607910
0.125395596027374268
0.625834047794342041
0.576374053955078125
0.347790747880935669
0.257497400045394897
0.236242681741714478
0.140684217214584351
0.179460227489471436
0.271380871534347534
0.202827244997024536
0.168798565864562988
0.294574022293090820
0.237231582403182983
-0.543081223964691162
0.742541432380676270
0.774504005908966064
0.365829944610595703
0.352322369813919067
0.433724343776702881
0.375305294990539551
0.350307881832122803
0.404954969882965088
0.363585442304611206
0.350483834743499756
0.359078586101531982
0.141315400600433350
-0.598736584186553955
0.780983626842498779
0.843715369701385498
0.346831381320953369
0.188698530197143555
0.270079642534255981
0.343173444271087646
0.372849851846694946
0.372071444988250732
0.371308147907257080
0.321363836526870728
0.338896989822387695
0.253925561904907227
-0.645204484462738037
0.798509538173675537
0.908709228038787842
0.520258724689483643
0.302382141351699829
0.263736009597778320
0.295645684003829956
0.364567339420318604
0.415312528610229492
0.395307034254074097
0.359635829925537109
0.325578451156616211
0.248313903808593750
-0.464185297489166260
0.862502813339233398
0.925780773162841797
0.501173734664916992
0.397871226072311401
0.446685075759887695
0.367057442665100098
0.266471713781356812
0.330678999423980713
0.398461401462554932
0.385757565498352051
0.380591094493865967
0.282028168439865112
-0.309821069240570068
0.865268707275390625
0.924453616142272949
0.523390054702758789
0.278112292289733887
0.477005571126937866
0.533382356166839600
0.439613580703735352
0.238994717597961426
0.331978172063827515
0.483956694602966309
0.607325673103332520
0.555117249488830566
0.107171148061752319
-1.239858865737915039
-0.951743543148040771
-0.690674126148223877
-0.414344996213912964
-0.346331000328063965
-0.474984556436538696
-0.677736401557922363
-0.507396757602691650
-0.557659864425659180
-0.433179646730422974
-0.576558947563171387
-0.670727908611297607
0.403497934341430664
-0.586392939090728760
0.293979525566101074
0.913859963417053223
1.064243555068969727
1.097334384918212891
1.172714471817016602
1.035084962844848633
0.950871288776397705
1.074478149414062500
1.163778305053710938
0.946523308753967285
1.208484649658203125
2.718677043914794922
-0.785595059394836426
0.073475047945976257
0.956149399280548096
0.864257156848907471
0.799481809139251709
0.957198381423950195
0.954035937786102295
0.851654291152954102
0.867499887943267822
0.946450710296630859
0.883837759494781494
1.371872186660766602
2.915872097015380859
-0.833161175251007080
-0.044484533369541168
1.027875661849975586
1.156632661819458008
1.052744150161743164
0.932352960109710693
0.806311786174774170
0.816664814949035645
0.887146413326263428
0.987056374549865723
0.943611443042755127
1.209817647933959961
3.007441759109497070
-0.896862626075744629
-0.203007429838180542
0.665465414524078369
0.956843018531799316
1.086963653564453125
1.060564041137695312
0.897379636764526367
0.819319427013397217
0.849563479423522949
0.937832295894622803
0.920387864112854004
1.168671607971191406
2.602928161621093750
-0.983925640583038330
-0.210446834564208984
0.723899304866790771
0.859764873981475830
0.746728539466857910
0.889465868473052979
1.026201248168945312
0.993319451808929443
0.804137945175170898
0.876159608364105225
0.861350834369659424
1.109678506851196289
2.275694847106933594
-0.892243683338165283
-0.187460646033287048
0.743723213672637939
1.096694469451904297
0.724936485290527344
0.671928346157073975
0.956964254379272461
1.208775997161865234
1.002938032150268555
0.894971072673797607
0.590076982975006104
0.681510448455810547
1.761115789413452148
0.404369801282882690
0.404369056224822998
0.404369056224822998
0.404369056224822998
0.404369056224822998
0.404369056224822998
0.404369056224822998
0.404369056224822998
0.404369056224822998
0.404369056224822998
0.404369056224822998
0.404369056224822998
0.404369056224822998
0.404368042945861816
0.404366999864578247
0.404366999864578247
0.404366999864578247
0.404366999864578247
0.404366999864578247
0.404366999864578247
0.404366999864578247
0.404366999864578247
0.404366999864578247
0.404366999864578247
0.404366999864578247
0.404366999864578247
0.404368042945861816
0.404366999864578247
0.404366999864578247
0.404366999864578247
0.404366999864578247
0.404366999864578247
0.404366999864578247
0.404366999864578247
0.404366999864578247
0.404366999864578247
0.404366999864578247
0.404366999864578247
0.404367029666900635
0.404368042945861816
0.404366999864578247
0.404366999864578247
0.404366999864578247
0.404366999864578247
0.404366999864578247
0.404366999864578247
0.404366999864578247
0.404366999864578247
0.404366999864578247
0.404366999864578247
0.404366999864578247
0.404366999864578247
0.404368042945861816
0.404366999864578247
0.404366999864578247
0.404366999864578247
0.404366999864578247
0.404366999864578247
0.404366999864578247
0.404366999864578247
0.404366999864578247
0.404366999864578247
0.404366999864578247
0.404366999864578247
0.404366999864578247
0.404368042945861816
0.404366999864578247
0.404366999864578247
0.404366999864578247
0.404366999864578247
0.404366999864578247
0.404366999864578247
0.404366999864578247
0.404366999864578247
0.404366999864578247
0.404366999864578247
0.404366999864578247
0.404366999864578247
0.404368042945861816
0.404366999864578247
0.404366999864578247
0.404366999864578247
0.404366999864578247
0.404366999864578247
0.404366999864578247
0.404366999864578247
0.404366999864578247
0.404366999864578247
0.404366999864578247
0.404366999864578247
0.404366999864578247
0.272101670503616333
0.565944671630859375
0.298222094774246216
0.115148693323135376
0.031475745141506195
0.091487601399421692
0.320382118225097656
0.199990391731262207
0.223270386457443237
0.103689968585968018
0.197233468294143677
0.397198110818862915
-0.388698130846023560
-0.437143802642822266
0.273580908775329590
-0.291993796825408936
-0.432217121124267578
-0.428313165903091431
-0.619531512260437012
-0.543246507644653320
-0.423262625932693481
-0.523294985294342041
-0.575619220733642578
-0.424940705299377441
-0.289664417505264282
-1.688900351524353027
-0.333447575569152832
0.514627337455749512
-0.307640433311462402
-0.323617547750473022
-0.178958252072334290
-0.332699924707412720
-0.364494770765304565
-0.269198566675186157
-0.329537153244018555
-0.352470666170120239
-0.354034632444381714
-0.402004420757293701
-1.881164431571960449
-0.272773206233978271
0.573824048042297363
-0.283362150192260742
-0.613948941230773926
-0.393182009458541870
-0.355628937482833862
-0.290486335754394531
-0.279716610908508301
-0.303717792034149170
-0.427961707115173340
-0.397471249103546143
-0.243290677666664124
-1.756188273429870605
-0.167311117053031921
0.653872847557067871
-0.023170366883277893
-0.412031501531600952
-0.463243097066879272
-0.438587993383407593
-0.325976639986038208
-0.240332782268524170
-0.248241379857063293
-0.302876889705657959
-0.387797266244888306
-0.287298887968063354
-1.552249670028686523
-0.128148376941680908
0.736595511436462402
-0.063572339713573456
-0.271022021770477295
-0.167729616165161133
-0.254351228475570679
-0.411855667829513550
-0.397921234369277954
-0.280675739049911499
-0.248261764645576477
-0.314963996410369873
-0.264861941337585449
-1.355901360511779785
0.068210944533348083
0.823615074157714844
0.005169525742530823
-0.374877154827117920
-0.079166531562805176
-0.001224435865879059
-0.156339585781097412
-0.429447829723358154
-0.268408387899398804
-0.161401629447937012
0.117336541414260864
0.171204090118408203
-0.589854240417480469
0.261082261800765991
0.261494696140289307
0.261521220207214355
0.261557966470718384
0.261544376611709595
0.261518299579620361
0.261499673128128052
0.261544197797775269
0.261522203683853149
0.261528134346008301
0.261485397815704346
0.261495113372802734
0.261817842721939087
0.262555509805679321
0.262957155704498291
0.263016998767852783
0.263033866882324219
0.263040125370025635
0.263076335191726685
0.263079524040222168
0.263052910566329956
0.263065844774246216
0.263054668903350830
0.262998640537261963
0.263046085834503174
0.263604640960693359
0.262486547231674194
0.262934386730194092
0.263035744428634644
0.263005763292312622
0.262995123863220215
0.263033092021942139
0.263049960136413574
0.263020247220993042
0.263028115034103394
0.263047993183135986
0.263035386800765991
0.263146311044692993
0.263613015413284302
0.262497335672378540
0.262979745864868164
0.263092130422592163
0.263088583946228027
0.263039588928222656
0.263053953647613525
0.263056337833404541
0.263020724058151245
0.263024866580963135
0.263060867786407471
0.263018667697906494
0.263082116842269897
0.263554990291595459
0.262528210878372192
0.262967973947525024
0.263023555278778076
0.263071805238723755
0.263066679239273071
0.263060659170150757
0.263053864240646362
0.263051122426986694
0.263019114732742310
0.263034582138061523
0.263036102056503296
0.263081401586532593
0.263555884361267090
0.262502163648605347
0.262898087501525879
0.263002723455429077
0.263043075799942017
0.263087838888168335
0.263052165508270264
0.263026148080825806
0.263033449649810791
0.263025373220443726
0.263044923543930054
0.262992829084396362
0.263047397136688232
0.263511449098587036
0.262521028518676758
0.262851417064666748
0.262919872999191284
0.263011515140533447
0.262963473796844482
0.262909531593322754
0.262968808412551880
0.263039082288742065
0.262967139482498169
0.262941896915435791
0.262891352176666260
0.262949466705322266
0.263309538364410400
0.547632694244384766
0.791269898414611816
0.777044177055358887
0.793886899948120117
0.773766815662384033
0.731787383556365967
0.723070979118347168
0.769615292549133301
0.763347566127777100
0.806706190109252930
0.741212487220764160
0.759510040283203125
1.128798842430114746
-0.435370326042175293
-0.396898508071899414
-0.359255790710449219
-0.335369706153869629
-0.345610260963439941
-0.401063680648803711
-0.434481263160705566
-0.394896984100341797
-0.362153053283691406
-0.361833691596984863
-0.398045778274536133
-0.216545343399047852
0.320014864206314087
-0.538860201835632324
-0.507936239242553711
-0.370890021324157715
-0.402038574218750000
-0.436656713485717773
-0.470146059989929199
-0.459870219230651855
-0.427353143692016602
-0.395173549652099609
-0.414477705955505371
-0.429070353507995605
-0.206564426422119141
0.390862733125686646
-0.513794541358947754
-0.523820638656616211
-0.361885547637939453
-0.427367806434631348
-0.481732606887817383
-0.425622463226318359
-0.433143377304077148
-0.441567897796630859
-0.442290425300598145
-0.417663216590881348
-0.427873015403747559
-0.244070410728454590
0.509677529335021973
-0.473235130310058594
-0.509522914886474609
-0.403215646743774414
-0.398168563842773438
-0.432584524154663086
-0.408296227455139160
-0.414282798767089844
-0.435487031936645508
-0.432956457138061523
-0.399568915367126465
-0.387980341911315918
-0.262360811233520508
0.395797222852706909
-0.495203137397766113
-0.491915106773376465
-0.369262814521789551
-0.404919147491455078
-0.406893849372863770
-0.364690065383911133
-0.363903045654296875
-0.415424346923828125
-0.454327464103698730
-0.415981888771057129
-0.438888192176818848
-0.262628555297851562
0.207942724227905273
-0.370256304740905762
-0.302625298500061035
-0.283370137214660645
-0.257381439208984375
-0.350567579269409180
-0.315816402435302734
-0.283849120140075684
-0.222926616668701172
-0.348370313644409180
-0.380995512008666992
-0.324065089225769043
-0.211964964866638184
0.330539256334304810
0.886103034019470215
0.886102557182312012
0.886102557182312012
0.886102557182312012
0.886102557182312012
0.886102557182312012
0.886102557182312012
0.886102557182312012
0.886102557182312012
0.886102557182312012
0.886102557182312012
0.886102557182312012
0.886102557182312012
0.886102378368377686
0.886101722717285156
0.886101722717285156
0.886101722717285156
0.886101722717285156
0.886101722717285156
0.886101722717285156
0.886101722717285156
0.886101722717285156
0.886101722717285156
0.886101722717285156
0.886101722717285156
0.886101722717285156
0.886102378368377686
0.886101722717285156
0.886101722717285156
0.886101722717285156
0.886101722717285156
0.886101722717285156
0.886101722717285156
0.886101722717285156
0.886101722717285156
0.886101722717285156
0.886101722717285156
0.886101722717285156
0.886101722717285156
0.886102378368377686
0.886101722717285156
0.886101722717285156
0.886101722717285156
0.886101722717285156
0.886101722717285156
0.886101722717285156
0.886101722717285156
0.886101722717285156
0.886101722717285156
0.886101722717285156
0.886101722717285156
0.886101722717285156
0.886102378368377686
0.886101722717285156
0.886101722717285156
0.886101722717285156
0.886101722717285156
0.886101722717285156
0.886101722717285156
0.886101722717285156
0.886101722717285156
0.886101722717285156
0.886101722717285156
0.886101722717285156
0.886101722717285156
0.886102378368377686
0.886101722717285156
0.886101722717285156
0.886101722717285156
0.886101722717285156
0.886101722717285156
0.886101722717285156
0.886101722717285156
0.886101722717285156
0.886101722717285156
0.886101722717285156
0.886101722717285156
0.886101722717285156
0.886102378368377686
0.886101722717285156
0.886101722717285156
0.886101722717285156
0.886101722717285156
0.886101722717285156
0.886101722717285156
0.886101722717285156
0.886101722717285156
0.886101722717285156
0.886101722717285156
0.886101722717285156
0.886101722717285156
-0.892469108104705811
-0.892469108104705811
-0.892469108104705811
-0.892469108104705811
-0.892469108104705811
-0.892469108104705811
-0.892469108104705811
-0.892469108104705811
-0.892469108104705811
-0.892469108104705811
-0.892469108104705811
-0.892469108104705811
-0.892469108104705811
-0.892469108104705811
-0.892469108104705811
-0.892469108104705811
-0.892469108104705811
-0.892469108104705811
-0.892469108104705811
-0.892469108104705811
-0.892469108104705811
-0.892469108104705811
-0.892469108104705811
-0.892469108104705811
-0.892469108104705811
-0.892469108104705811
-0.892469108104705811
-0.892469108104705811
-0.892469108104705811
-0.892469108104705811
-0.892469108104705811
-0.892469108104705811
-0.892469108104705811
-0.892469108104705811
-0.892469108104705811
-0.892469108104705811
-0.892469108104705811
-0.892469108104705811
-0.892469108104705811
-0.892469108104705811
-0.892469108104705811
-0.892469108104705811
-0.892469108104705811
-0.892469108104705811
-0.892469108104705811
-0.892469108104705811
-0.892469108104705811
-0.892469108104705811
-0.892469108104705811
-0.892469108104705811
-0.892469108104705811
-0.892469108104705811
-0.892469108104705811
-0.892469108104705811
-0.892469108104705811
-0.892469108104705811
-0.892469108104705811
-0.892469108104705811
-0.892469108104705811
-0.892469108104705811
-0.892469108104705811
-0.892469108104705811
-0.892469108104705811
-0.892469108104705811
-0.892469108104705811
-0.892469108104705811
-0.892469108104705811
-0.892469108104705811
-0.892469108104705811
-0.892469108104705811
-0.892469108104705811
-0.892469108104705811
-0.892469108104705811
-0.892469108104705811
-0.892469108104705811
-0.892469108104705811
-0.892469108104705811
-0.892469108104705811
-0.892469108104705811
-0.892469108104705811
-0.892469108104705811
-0.892469108104705811
-0.892469108104705811
-0.892469108104705811
-0.892469108104705811
-0.892469108104705811
-0.892469108104705811
-0.892469108104705811
-0.892469108104705811
-0.892469108104705811
-0.892469108104705811
0.776160836219787598
0.810054123401641846
0.823243319988250732
0.831242561340332031
0.835323095321655273
0.836342215538024902
0.829383730888366699
0.828753292560577393
0.827041327953338623
0.829714536666870117
0.828915417194366455
0.827304899692535400
0.832951247692108154
0.852405190467834473
0.939290225505828857
0.963987767696380615
0.969107747077941895
0.971528828144073486
0.978771865367889404
0.978682279586791992
0.972867190837860107
0.970923423767089844
0.974078416824340820
0.969367742538452148
0.970779061317443848
0.969419836997985840
0.851324081420898438
0.937940835952758789
0.966881632804870605
0.967315018177032471
0.969894409179687500
0.977344155311584473
0.977509737014770508
0.971710264682769775
0.967973351478576660
0.972653567790985107
0.970036327838897705
0.981587290763854980
0.973027944564819336
0.848076581954956055
0.935141801834106445
0.970713973045349121
0.976228713989257812
0.983248054981231689
0.975820362567901611
0.970950841903686523
0.969566822052001953
0.973226070404052734
0.973068177700042725
0.971006155014038086
0.978370785713195801
0.967859208583831787
0.843538045883178711
0.933432638645172119
0.961551547050476074
0.969557702541351318
0.980603635311126709
0.978371143341064453
0.972655057907104492
0.970408916473388672
0.973295509815216064
0.972061395645141602
0.966606199741363525
0.977358281612396240
0.965894222259521484
0.841096818447113037
0.930216789245605469
0.958743929862976074
0.968058347702026367
0.966086566448211670
0.967828154563903809
0.970522522926330566
0.972762227058410645
0.971897006034851074
0.972332358360290527
0.969824731349945068
0.973875403404235840
0.970611453056335449
0.833599925041198730
0.911377549171447754
0.945638418197631836
0.959470510482788086
0.954286932945251465
0.950228095054626465
0.954130232334136963
0.955443084239959717
0.961655735969543457
0.963953316211700439
0.948229312896728516
0.946153223514556885
0.941816091537475586
0.473733812570571899
0.473733723163604736
0.473733723163604736
0.473733723163604736
0.473733723163604736
0.473733723163604736
0.473733723163604736
0.473733723163604736
0.473733723163604736
0.473733723163604736
0.473733723163604736
0.473733723163604736
0.473733723163604736
0.473734378814697266
0.473734378814697266
0.473734378814697266
0.473734378814697266
0.473734378814697266
0.473734378814697266
0.473734378814697266
0.473734378814697266
0.473734378814697266
0.473734378814697266
0.473734378814697266
0.473734378814697266
0.473734378814697266
0.473734378814697266
0.473734378814697266
0.473734378814697266
0.473734378814697266
0.473734378814697266
0.473734378814697266
0.473734378814697266
0.473734378814697266
0.473734378814697266
0.473734378814697266
0.473734378814697266
0.473734378814697266
0.473734378814697266
0.473734378814697266
0.473734378814697266
0.473734378814697266
0.473734378814697266
0.473734378814697266
0.473734378814697266
0.473734378814697266
0.473734378814697266
0.473734378814697266
0.473734378814697266
0.473734378814697266
0.473734378814697266
0.473734378814697266
0.473734378814697266
0.473734378814697266
0.473734378814697266
0.473734378814697266
0.473734378814697266
0.473734378814697266
0.473734378814697266
0.473734378814697266
0.473734378814697266
0.473734378814697266
0.473734378814697266
0.473734378814697266
0.473734378814697266
0.473734378814697266
0.473734378814697266
0.473734378814697266
0.473734378814697266
0.473734378814697266
0.473734378814697266
0.473734378814697266
0.473734378814697266
0.473734378814697266
0.473734378814697266
0.473734378814697266
0.473734378814697266
0.473734378814697266
0.473734378814697266
0.473734378814697266
0.473734378814697266
0.473734378814697266
0.473734378814697266
0.473734378814697266
0.473734378814697266
0.473734378814697266
0.473734378814697266
0.473734378814697266
0.473734378814697266
0.473734378814697266
0.473734378814697266
-0.894888579845428467
-0.828548848628997803
-0.827952146530151367
-0.828869819641113281
-0.829946756362915039
-0.829593658447265625
-0.828492999076843262
-0.828216969966888428
-0.828743636608123779
-0.828660666942596436
-0.828810811042785645
-0.827732384204864502
-0.829059600830078125
-0.955772995948791504
-0.870649337768554688
-0.871282637119293213
-0.872169017791748047
-0.872508943080902100
-0.872777283191680908
-0.873317003250122070
-0.873000502586364746
-0.872877418994903564
-0.872603118419647217
-0.872537016868591309
-0.872148036956787109
-0.873513817787170410
-0.953514099121093750
-0.869486749172210693
-0.872025907039642334
-0.873346030712127686
-0.872643053531646729
-0.872968018054962158
-0.872638404369354248
-0.872885107994079590
-0.873087286949157715
-0.873227477073669434
-0.873162388801574707
-0.871746718883514404
-0.876717746257781982
-0.958401799201965332
-0.870472133159637451
-0.872127056121826172
-0.874085605144500732
-0.874271690845489502
-0.873759269714355469
-0.874034345149993896
-0.873782277107238770
-0.873177349567413330
-0.872744917869567871
-0.873216450214385986
-0.871529340744018555
-0.876122474670410156
-0.950446546077728271
-0.871602475643157959
-0.872332930564880371
-0.873067677021026611
-0.873475968837738037
-0.873347818851470947
-0.872777223587036133
-0.872862458229064941
-0.872848451137542725
-0.873119175434112549
-0.872909128665924072
-0.872011125087738037
-0.877842605113983154
-0.953101992607116699
-0.869242489337921143
-0.872107386589050293
-0.873188793659210205
-0.873142421245574951
-0.873067259788513184
-0.873311460018157959
-0.873216629028320312
-0.873499810695648193
-0.873315036296844482
-0.873292326927185059
-0.871952414512634277
-0.874036908149719238
-0.947974026203155518
-0.871966958045959473
-0.873806774616241455
-0.875003933906555176
-0.875860214233398438
-0.874640285968780518
-0.874043524265289307
-0.875413894653320312
-0.875628948211669922
-0.874238431453704834
-0.874810039997100830
-0.873662233352661133
-0.874364554882049561
0.057426638901233673
0.061031609773635864
0.061025146394968033
0.061054196208715439
0.061050206422805786
0.061039883643388748
0.061041601002216339
0.061022877693176270
0.061049290001392365
0.061051569879055023
0.061053730547428131
0.061048075556755066
0.061084140092134476
0.055000938475131989
0.059671081602573395
0.059668794274330139
0.059693470597267151
0.059722281992435455
0.059693258255720139
0.059684317559003830
0.059694390743970871
0.059661313891410828
0.059669584035873413
0.059676863253116608
0.059773117303848267
0.059631578624248505
0.054981477558612823
0.059657692909240723
0.059615835547447205
0.059605989605188370
0.059704974293708801
0.059674493968486786
0.059651039540767670
0.059667281806468964
0.059633865952491760
0.059618130326271057
0.059597976505756378
0.059772022068500519
0.059580791741609573
0.054984930902719498
0.059628736227750778
0.059621687978506088
0.059605371206998825
0.059673745185136795
0.059678182005882263
0.059652335941791534
0.059653405100107193
0.059634067118167877
0.059614948928356171
0.059599127620458603
0.059767354279756546
0.059723954647779465
0.054992161691188812
0.059631489217281342
0.059652894735336304
0.059627156704664230
0.059657219797372818
0.059649705886840820
0.059623345732688904
0.059645991772413254
0.059641256928443909
0.059625238180160522
0.059581842273473740
0.059744231402873993
0.059631086885929108
0.054973773658275604
0.059675641357898712
0.059646513313055038
0.059623345732688904
0.059600632637739182
0.059601835906505585
0.059616617858409882
0.059650436043739319
0.059660173952579498
0.059643790125846863
0.059618890285491943
0.059785798192024231
0.059636324644088745
0.054996125400066376
0.059638872742652893
0.059620812535285950
0.059615496546030045
0.059607081115245819
0.059593487530946732
0.059609241783618927
0.059590004384517670
0.059623435139656067
0.059628680348396301
0.059616204351186752
0.059667844325304031
0.059659451246261597
0.259089261293411255
0.259338706731796265
0.259372770786285400
0.259414643049240112
0.259423702955245972
0.259374022483825684
0.259346336126327515
0.259373903274536133
0.259397685527801514
0.259420067071914673
0.259381473064422607
0.259441733360290527
0.259372502565383911
0.259013742208480835
0.259349226951599121
0.259446889162063599
0.259463667869567871
0.259476661682128906
0.259465068578720093
0.259411394596099854
0.259404957294464111
0.259442716836929321
0.259458094835281372
0.259431868791580200
0.259528666734695435
0.259434849023818970
0.259029448032379150
0.259356856346130371
0.259431988000869751
0.259430110454559326
0.259463608264923096
0.259471297264099121
0.259455084800720215
0.259445697069168091
0.259434372186660767
0.259429901838302612
0.259421139955520630
0.259520232677459717
0.259394198656082153
0.259032100439071655
0.259320229291915894
0.259427905082702637
0.259453833103179932
0.259457528591156006
0.259440630674362183
0.259421020746231079
0.259429216384887695
0.259449124336242676
0.259457319974899292
0.259436428546905518
0.259506523609161377
0.259389609098434448
0.259027272462844849
0.259309053421020508
0.259383797645568848
0.259421825408935547
0.259436249732971191
0.259440928697586060
0.259441435337066650
0.259418904781341553
0.259410738945007324
0.259443849325180054
0.259450405836105347
0.259489893913269043
0.259355813264846802
0.258998185396194458
0.259305119514465332
0.259412050247192383
0.259421378374099731
0.259390950202941895
0.259430527687072754
0.259488165378570557
0.259459793567657471
0.259398758411407471
0.259399116039276123
0.259419798851013184
0.259525299072265625
0.259395122528076172
0.259026497602462769
0.259341210126876831
0.259464234113693237
0.259485155344009399
0.259431898593902588
0.259420275688171387
0.259493291378021240
0.259522140026092529
0.259496122598648071
0.259439557790756226
0.259407192468643188
0.259485453367233276
0.259426683187484741
0.657505631446838379
0.652689635753631592
0.651240527629852295
0.649562895298004150
0.649044930934906006
0.649741947650909424
0.651270866394042969
0.650676727294921875
0.650520026683807373
0.649735927581787109
0.650576829910278320
0.651290655136108398
0.646062672138214111
0.659323275089263916
0.652567923069000244
0.649327814579010010
0.648091912269592285
0.647652328014373779
0.646915793418884277
0.647458970546722412
0.648308932781219482
0.647804379463195801
0.647418439388275146
0.648558735847473145
0.647601306438446045
0.640368640422821045
0.660433173179626465
0.654376208782196045
0.649638473987579346
0.649668514728546143
0.649576365947723389
0.648649454116821289
0.648640334606170654
0.649452507495880127
0.649436473846435547
0.649256110191345215
0.649534225463867188
0.646439075469970703
0.639656782150268555
0.660612761974334717
0.654939949512481689
0.649163186550140381
0.647992551326751709
0.648087739944458008
0.648703277111053467
0.649272501468658447
0.649315714836120605
0.649250507354736328
0.648924827575683594
0.649214327335357666
0.647350788116455078
0.639422953128814697
0.660873711109161377
0.655548989772796631
0.651065111160278320
0.648912608623504639
0.648089349269866943
0.648341417312622070
0.649292588233947754
0.649639070034027100
0.649480581283569336
0.649304151535034180
0.649282276630401611
0.647514224052429199
0.641024529933929443
0.661445498466491699
0.655673623085021973
0.650908827781677246
0.649792850017547607
0.650271534919738770
0.649457931518554688
0.648582577705383301
0.648834884166717529
0.649522006511688232
0.649438381195068359
0.649466037750244141
0.647835314273834229
0.642232239246368408
0.661463558673858643
0.656367480754852295
0.651515245437622070
0.649027585983276367
0.650967955589294434
0.651596963405609131
0.650391936302185059
0.648510277271270752
0.649291694164276123
0.650416195392608643
0.652098715305328369
0.651437878608703613
0.646250903606414795
0.881801545619964600
0.881586492061614990
0.881578326225280762
0.881587266921997070
0.881587803363800049
0.881590604782104492
0.881584048271179199
0.881581425666809082
0.881585121154785156
0.881585776805877686
0.881591141223907471
0.881568849086761475
0.881596863269805908
0.880882740020751953
0.880103945732116699
0.880111098289489746
0.880119442939758301
0.880121767520904541
0.880119025707244873
0.880110859870910645
0.880119323730468750
0.880108654499053955
0.880118310451507568
0.880122780799865723
0.880108416080474854
0.880096256732940674
0.880890667438507080
0.880107223987579346
0.880126953125000000
0.880138814449310303
0.880150675773620605
0.880140662193298340
0.880145430564880371
0.880155861377716064
0.880143761634826660
0.880156040191650391
0.880152404308319092
0.880147278308868408
0.880028963088989258
0.880858719348907471
0.880087852478027344
0.880138218402862549
0.880182385444641113
0.880161941051483154
0.880123674869537354
0.880121409893035889
0.880145370960235596
0.880168139934539795
0.880170345306396484
0.880151748657226562
0.880149304866790771
0.880089402198791504
0.880888640880584717
0.880139708518981934
0.880138337612152100
0.880163788795471191
0.880189359188079834
0.880182206630706787
0.880175828933715820
0.880169153213500977
0.880169391632080078
0.880166947841644287
0.880142748355865479
0.880137264728546143
0.880091845989227295
0.880885660648345947
0.880089342594146729
0.880135357379913330
0.880153596401214600
0.880145907402038574
0.880127310752868652
0.880136609077453613
0.880163729190826416
0.880167782306671143
0.880157589912414551
0.880166530609130859
0.880168735980987549
0.880106031894683838
0.880874931812286377
0.880048990249633789
0.880065977573394775
0.880119681358337402
0.880164206027984619
0.880103170871734619
0.880093038082122803
0.880089282989501953
0.880115807056427002
0.880106925964355469
0.880109071731567383
0.880092859268188477
0.880031466484069824
0.493496000766754150
0.494085848331451416
0.494167983531951904
0.494268387556076050
0.494290083646774292
0.494170665740966797
0.494104266166687012
0.494170695543289185
0.494227886199951172
0.494281709194183350
0.494188159704208374
0.494333922863006592
0.494166016578674316
0.493323564529418945
0.494121044874191284
0.494355559349060059
0.494395703077316284
0.494426965713500977
0.494398891925811768
0.494270056486129761
0.494254529476165771
0.494345784187316895
0.494382619857788086
0.494319140911102295
0.494551807641983032
0.494324862957000732
0.493360877037048340
0.494139045476913452
0.494319826364517212
0.494315236806869507
0.494395285844802856
0.494413524866104126
0.494374901056289673
0.494352191686630249
0.494325280189514160
0.494314402341842651
0.494293630123138428
0.494531691074371338
0.494226783514022827
0.493367373943328857
0.494050562381744385
0.494309991598129272
0.494371920824050903
0.494381338357925415
0.494339942932128906
0.494293153285980225
0.494312793016433716
0.494360774755477905
0.494380146265029907
0.494330137968063354
0.494498610496520996
0.494215995073318481
0.493355900049209595
0.494023591279983521
0.494203746318817139
0.494294911623001099
0.494330018758773804
0.494340956211090088
0.494342356920242310
0.494287788867950439
0.494268298149108887
0.494348227977752686
0.494363874197006226
0.494458317756652832
0.494135200977325439
0.493285864591598511
0.494014173746109009
0.494271904230117798
0.494293898344039917
0.494220703840255737
0.494316339492797852
0.494454681873321533
0.494386047124862671
0.494239270687103271
0.494240522384643555
0.494290381669998169
0.494543671607971191
0.494229435920715332
0.493353903293609619
0.494100570678710938
0.494396686553955078
0.494446933269500732
0.494318544864654541
0.494291216135025024
0.494466483592987061
0.494535863399505615
0.494473159313201904
0.494336903095245361
0.494259595870971680
0.494447946548461914
0.494305551052093506
0.445018708705902100
0.860510408878326416
0.982208132743835449
1.163336515426635742
1.203984141349792480
1.105645775794982910
0.974738121032714844
1.049945473670959473
1.050911664962768555
1.118777394294738770
1.039577245712280273
0.996462881565093994
1.560746550559997559
0.288746565580368042
1.035517454147338867
1.342831969261169434
1.462885022163391113
1.530598640441894531
1.562739849090576172
1.493889570236206055
1.433074235916137695
1.461292982101440430
1.491602182388305664
1.386998891830444336
1.567149877548217773
2.299488544464111328
0.173165410757064819
0.881986260414123535
1.305723309516906738
1.282138347625732422
1.337480545043945312
1.426802635192871094
1.411886215209960938
1.340402841567993164
1.323456048965454102
1.343799233436584473
1.289808988571166992
1.663336992263793945
2.370310068130493164
0.171070575714111328
0.830444335937500000
1.383455753326416016
1.452749013900756836
1.444791913032531738
1.395893573760986328
1.336148738861083984
1.328928947448730469
1.338719844818115234
1.359166979789733887
1.321983218193054199
1.584704279899597168
2.461656808853149414
0.147208929061889648
0.763357579708099365
1.214547872543334961
1.368884921073913574
1.449020624160766602
1.425370454788208008
1.323615789413452148
1.311142206192016602
1.320997238159179688
1.339311838150024414
1.307208538055419922
1.552146434783935547
2.237950086593627930
0.077316761016845703
0.777533233165740967
1.230040550231933594
1.308244466781616211
1.265575051307678223
1.330077409744262695
1.389609336853027344
1.380945086479187012
1.297411203384399414
1.333165764808654785
1.291767835617065430
1.531024098396301270
2.108568906784057617
0.146800279617309570
0.759948372840881348
1.223254203796386719
1.437050223350524902
1.241358995437622070
1.178743839263916016
1.319131135940551758
1.492455482482910156
1.397552967071533203
1.302298784255981445
1.150559782981872559
1.257138490676879883
1.827559947967529297
0.677835345268249512
0.689475476741790771
0.687017202377319336
0.686919331550598145
0.686941087245941162
0.686911284923553467
0.687789142131805420
0.686807274818420410
0.686916112899780273
0.686212718486785889
0.686662256717681885
0.687279343605041504
0.681590735912322998
0.676914870738983154
0.689778149127960205
0.682082712650299072
0.682266294956207275
0.682913839817047119
0.684054851531982422
0.685842990875244141
0.683999180793762207
0.682625889778137207
0.681699097156524658
0.683014154434204102
0.681053757667541504
0.674468815326690674
0.677418708801269531
0.689003527164459229
0.679039061069488525
0.680645883083343506
0.681642293930053711
0.682003021240234375
0.680748045444488525
0.680671513080596924
0.680544912815093994
0.680750250816345215
0.680311918258666992
0.679322004318237305
0.672450959682464600
0.676232695579528809
0.687646985054016113
0.680110692977905273
0.681874275207519531
0.683861196041107178
0.680143058300018311
0.680587649345397949
0.681516766548156738
0.680631637573242188
0.681246757507324219
0.679782330989837646
0.678869009017944336
0.672281265258789062
0.675724983215332031
0.688591599464416504
0.681824266910552979
0.681277036666870117
0.682690501213073730
0.680285811424255371
0.680536210536956787
0.682854413986206055
0.681138455867767334
0.681029438972473145
0.679535686969757080
0.678111970424652100
0.673632919788360596
0.673967659473419189
0.689908921718597412
0.681171298027038574
0.681126236915588379
0.682783663272857666
0.679609417915344238
0.679986357688903809
0.680369377136230469
0.681371092796325684
0.681971788406372070
0.680026352405548096
0.679493904113769531
0.675302863121032715
0.671963155269622803
0.687967181205749512
0.679530024528503418
0.679688930511474609
0.682970285415649414
0.679780006408691406
0.678746998310089111
0.677391648292541504
0.681490063667297363
0.679044604301452637
0.679551362991333008
0.679449498653411865
0.670503854751586914
0.793995797634124756
0.788092672824859619
0.784667968750000000
0.781312108039855957
0.781151175498962402
0.783883631229400635
0.786427974700927734
0.783675312995910645
0.782739341259002686
0.781273126602172852
0.783656835556030273
0.782725751399993896
0.777059912681579590
0.799583554267883301
0.794073641300201416
0.785280168056488037
0.783908009529113770
0.783879697322845459
0.784261703491210938
0.786370396614074707
0.787122189998626709
0.783878564834594727
0.782056212425231934
0.785268485546112061
0.780678153038024902
0.782029628753662109
0.800046920776367188
0.795834720134735107
0.786196887493133545
0.786504924297332764
0.785500705242156982
0.784670352935791016
0.785244226455688477
0.787409007549285889
0.787030220031738281
0.786719143390655518
0.786895215511322021
0.780043303966522217
0.789139091968536377
0.799796402454376221
0.797662854194641113
0.785097599029541016
0.783722281455993652
0.783976733684539795
0.786405980587005615
0.788105785846710205
0.786582171916961670
0.785438656806945801
0.784772872924804688
0.785551786422729492
0.781175851821899414
0.789839863777160645
0.799935102462768555
0.800101101398468018
0.790415465831756592
0.786087989807128906
0.783990740776062012
0.784930884838104248
0.786779940128326416
0.787159204483032227
0.787908375263214111
0.785919904708862305
0.785015344619750977
0.782002270221710205
0.791259348392486572
0.800192415714263916
0.798920094966888428
0.789213120937347412
0.787983715534210205
0.789833843708038330
0.786769747734069824
0.783336877822875977
0.784495115280151367
0.788572967052459717
0.787784576416015625
0.786080062389373779
0.781484425067901611
0.787603497505187988
0.799221456050872803
0.798153877258300781
0.788005292415618896
0.785074889659881592
0.790452420711517334
0.790092229843139648
0.784220874309539795
0.781710982322692871
0.785626828670501709
0.788442909717559814
0.791497647762298584
0.788143396377563477
0.791154861450195312
0.862311184406280518
0.862292647361755371
0.862296104431152344
0.862275838851928711
0.862277209758758545
0.862299442291259766
0.862308621406555176
0.862292826175689697
0.862295329570770264
0.862290263175964355
0.862296044826507568
0.862294852733612061
0.862192571163177490
0.862302541732788086
0.862300336360931396
0.862270891666412354
0.862251341342926025
0.862239181995391846
0.862255871295928955
0.862267136573791504
0.862262964248657227
0.862262606620788574
0.862268030643463135
0.862269639968872070
0.862228214740753174
0.862077295780181885
0.862318813800811768
0.862324476242065430
0.862285375595092773
0.862291932106018066
0.862265765666961670
0.862258136272430420
0.862268865108489990
0.862275779247283936
0.862278044223785400
0.862282872200012207
0.862295508384704590
0.862232983112335205
0.862068891525268555
0.862299203872680664
0.862315952777862549
0.862263679504394531
0.862278044223785400
0.862284123897552490
0.862269461154937744
0.862275242805480957
0.862279653549194336
0.862281680107116699
0.862281322479248047
0.862290561199188232
0.862234532833099365
0.862051308155059814
0.862297654151916504
0.862318098545074463
0.862274944782257080
0.862276136875152588
0.862273156642913818
0.862275183200836182
0.862288057804107666
0.862273395061492920
0.862286150455474854
0.862280130386352539
0.862286984920501709
0.862243175506591797
0.862083256244659424
0.862303614616394043
0.862300574779510498
0.862271785736083984
0.862276256084442139
0.862269878387451172
0.862271785736083984
0.862279951572418213
0.862275660037994385
0.862293362617492676
0.862277448177337646
0.862294018268585205
0.862238109111785889
0.862103879451751709
0.862263679504394531
0.862262427806854248
0.862242817878723145
0.862230241298675537
0.862252354621887207
0.862259685993194580
0.862237095832824707
0.862210273742675781
0.862248837947845459
0.862257838249206543
0.862252891063690186
0.862223446369171143
0.862082242965698242
0.767618000507354736
0.681190490722656250
0.598770499229431152
0.513498663902282715
0.478320211172103882
0.524501800537109375
0.619580745697021484
0.592220127582550049
0.568971276283264160
0.523478388786315918
0.552407622337341309
0.603040277957916260
0.434872150421142578
0.929115116596221924
0.933743536472320557
0.725180506706237793
0.646689772605895996
0.636924803256988525
0.598951041698455811
0.637849509716033936
0.686538755893707275
0.629182219505310059
0.614622354507446289
0.656000256538391113
0.669216573238372803
0.437242895364761353
0.957744181156158447
1.047450661659240723
0.756892025470733643
0.737961888313293457
0.750117838382720947
0.668749809265136719
0.675042867660522461
0.736173510551452637
0.722532033920288086
0.717388510704040527
0.720706880092620850
0.644812941551208496
0.488154321908950806
0.971041440963745117
1.057714223861694336
0.738524794578552246
0.663787186145782471
0.683982133865356445
0.701178073883056641
0.729788303375244141
0.712365448474884033
0.708379268646240234
0.683112263679504395
0.690197050571441650
0.674945473670959473
0.507657647132873535
0.976643741130828857
1.094124555587768555
0.854945361614227295
0.697098076343536377
0.664451897144317627
0.666146159172058105
0.721245288848876953
0.742935955524444580
0.740399122238159180
0.727881073951721191
0.692411720752716064
0.672257065773010254
0.536385416984558105
0.989077568054199219
1.092961907386779785
0.826036751270294189
0.757392823696136475
0.786912620067596436
0.726127564907073975
0.664663136005401611
0.690290987491607666
0.735310554504394531
0.746473193168640137
0.700453281402587891
0.689333438873291016
0.520081758499145508
1.012898683547973633
1.103949189186096191
0.805410683155059814
0.682945966720581055
0.777932584285736084
0.801574587821960449
0.733353137969970703
0.623735606670379639
0.676677942276000977
0.751563549041748047
0.839165508747100830
0.823141336441040039
0.670636117458343506
0.449601650238037109
0.470605671405792236
0.485844135284423828
0.509284138679504395
0.511031985282897949
0.489801824092864990
0.476794928312301636
0.489825606346130371
0.493242859840393066
0.499731123447418213
0.488964706659317017
0.493078529834747314
0.526262342929840088
0.451122224330902100
0.501599669456481934
0.538510560989379883
0.547699511051177979
0.554569721221923828
0.555817127227783203
0.544557929039001465
0.536830484867095947
0.547003924846649170
0.552574515342712402
0.538507819175720215
0.563747048377990723
0.603480577468872070
0.443364441394805908
0.490621685981750488
0.532967746257781982
0.533368408679962158
0.535984933376312256
0.548151195049285889
0.547498404979705811
0.535690546035766602
0.534679651260375977
0.541280269622802734
0.536018967628479004
0.572311997413635254
0.598974764347076416
0.441434502601623535
0.483331143856048584
0.545179903507232666
0.550816535949707031
0.550669074058532715
0.537315368652343750
0.531574249267578125
0.537412583827972412
0.543428897857666016
0.545500457286834717
0.540516734123229980
0.563347220420837402
0.601643145084381104
0.439043819904327393
0.475085318088531494
0.521257400512695312
0.541381239891052246
0.552239418029785156
0.549264311790466309
0.539020419120788574
0.533961057662963867
0.534971952438354492
0.539489567279815674
0.537970840930938721
0.560341536998748779
0.583040773868560791
0.433096051216125488
0.473419368267059326
0.525706291198730469
0.533640563488006592
0.526681900024414062
0.538520812988281250
0.550313293933868408
0.544458150863647461
0.530633568763732910
0.533903956413269043
0.536675631999969482
0.559251606464385986
0.581932008266448975
0.435253292322158813
0.473684012889862061
0.532131791114807129
0.552690565586090088
0.529935359954833984
0.524302363395690918
0.547357439994812012
0.561545073986053467
0.552966237068176270
0.536254405975341797
0.516523301601409912
0.534314155578613281
0.562990307807922363
0.948244273662567139
0.949181318283081055
0.949246704578399658
0.949337422847747803
0.949303984642028809
0.949239730834960938
0.949193775653839111
0.949303448200225830
0.949249148368835449
0.949263870716094971
0.949158489704132080
0.949182331562042236
0.949978351593017578
0.951701045036315918
0.952583014965057373
0.952730834484100342
0.952772557735443115
0.952788233757019043
0.952877521514892578
0.952885270118713379
0.952819645404815674
0.952851295471191406
0.952823638916015625
0.952685534954071045
0.952802479267120361
0.954180657863616943
0.951530814170837402
0.952526748180389404
0.952776730060577393
0.952702820301055908
0.952676951885223389
0.952770888805389404
0.952812254428863525
0.952738881111145020
0.952758252620697021
0.952807128429412842
0.952776014804840088
0.953049659729003906
0.954201400279998779
0.951557517051696777
0.952638506889343262
0.952916026115417480
0.952907443046569824
0.952786684036254883
0.952822089195251465
0.952827930450439453
0.952740013599395752
0.952750086784362793
0.952838838100433350
0.952734768390655518
0.952891170978546143
0.954058110713958740
0.951633512973785400
0.952609241008758545
0.952746868133544922
0.952866017818450928
0.952853381633758545
0.952838361263275146
0.952821552753448486
0.952814936637878418
0.952735960483551025
0.952773869037628174
0.952777564525604248
0.952889382839202881
0.954060256481170654
0.951569139957427979
0.952436983585357666
0.952695548534393311
0.952795028686523438
0.952905595302581787
0.952817499637603760
0.952753245830535889
0.952771365642547607
0.952751517295837402
0.952799618244171143
0.952670812606811523
0.952805459499359131
0.953950643539428711
0.951615512371063232
0.952321588993072510
0.952490866184234619
0.952717006206512451
0.952598273754119873
0.952465355396270752
0.952611565589904785
0.952785134315490723
0.952607750892639160
0.952545344829559326
0.952420413494110107
0.952563703060150146
0.953452229499816895
-0.312119066715240479
-0.595262169837951660
-0.578420639038085938
-0.594590902328491211
-0.583919167518615723
-0.568019986152648926
-0.568201422691345215
-0.578512728214263916
-0.575263500213623047
-0.586085677146911621
-0.552664756774902344
-0.617823958396911621
-0.616645574569702148
0.060624837875366211
-0.474058687686920166
-0.438057482242584229
-0.441353738307952881
-0.470965385437011719
-0.425896048545837402
-0.430581450462341309
-0.430794835090637207
-0.432932555675506592
-0.432950317859649658
-0.413380563259124756
-0.568762838840484619
-0.404397428035736084
0.089902371168136597
-0.433174610137939453
-0.396692574024200439
-0.402371525764465332
-0.442366063594818115
-0.428576856851577759
-0.422114908695220947
-0.394839912652969360
-0.392729580402374268
-0.388476192951202393
-0.384770154953002930
-0.587583839893341064
-0.362293124198913574
0.071146458387374878
-0.405497640371322632
-0.446349561214447021
-0.368015587329864502
-0.451844483613967896
-0.402866899967193604
-0.408620238304138184
-0.421787917613983154
-0.414585262537002563
-0.372048974037170410
-0.390333771705627441
-0.589791357517242432
-0.421006560325622559
0.062512844800949097
-0.389718681573867798
-0.420667588710784912
-0.395646721124649048
-0.427658319473266602
-0.399016916751861572
-0.389631330966949463
-0.401732146739959717
-0.421915352344512939
-0.409250020980834961
-0.393961846828460693
-0.555694937705993652
-0.406635016202926636
0.086850136518478394
-0.434853225946426392
-0.417055845260620117
-0.380428910255432129
-0.398396760225296021
-0.434272915124893188
-0.433767318725585938
-0.386544555425643921
-0.387314677238464355
-0.429952383041381836
-0.399585545063018799
-0.542100191116333008
-0.401801884174346924
0.006037607789039612
-0.493795007467269897
-0.455095976591110229
-0.428157091140747070
-0.399394333362579346
-0.442540109157562256
-0.446889758110046387
-0.450300514698028564
-0.446149289608001709
-0.409727334976196289
-0.436487257480621338
-0.520958483219146729
-0.486723542213439941
-1.432839155197143555
-1.440253376960754395
-1.438545584678649902
-1.438921689987182617
-1.439714789390563965
-1.440086603164672852
-1.440281510353088379
-1.439470767974853516
-1.438978195190429688
-1.438292980194091797
-1.440021872520446777
-1.437437534332275391
-1.438869714736938477
-1.440179228782653809
-1.455178380012512207
-1.450699090957641602
-1.451252222061157227
-1.452522754669189453
-1.453223705291748047
-1.454159736633300781
-1.452389597892761230
-1.451403141021728516
-1.450564742088317871
-1.451867222785949707
-1.448292970657348633
-1.452822089195251465
-1.438420414924621582
-1.452097654342651367
-1.447138190269470215
-1.447804093360900879
-1.448835492134094238
-1.449926376342773438
-1.449296355247497559
-1.448327898979187012
-1.448064804077148438
-1.448648214340209961
-1.447162032127380371
-1.446767091751098633
-1.453068256378173828
-1.438217043876647949
-1.450399279594421387
-1.446695089340209961
-1.448700308799743652
-1.450877785682678223
-1.448374152183532715
-1.449452400207519531
-1.448763489723205566
-1.448086261749267578
-1.447914600372314453
-1.446961522102355957
-1.445341110229492188
-1.453478932380676270
-1.436774492263793945
-1.450691103935241699
-1.447731018066406250
-1.448616266250610352
-1.450665831565856934
-1.448447227478027344
-1.448501348495483398
-1.449335932731628418
-1.448990225791931152
-1.447290301322937012
-1.446196913719177246
-1.446157813072204590
-1.452715158462524414
-1.435048937797546387
-1.452010989189147949
-1.447179794311523438
-1.448703050613403320
-1.449736475944519043
-1.447821259498596191
-1.446471929550170898
-1.447868347167968750
-1.449539661407470703
-1.448935627937316895
-1.447247862815856934
-1.447014570236206055
-1.452440738677978516
-1.435461521148681641
-1.449816465377807617
-1.445479154586791992
-1.448351860046386719
-1.448633551597595215
-1.446761369705200195
-1.444446921348571777
-1.445979952812194824
-1.448497056961059570
-1.448684096336364746
-1.446254014968872070
-1.444905161857604980
-1.449990630149841309
1.402581453323364258
1.410133242607116699
1.374464750289916992
1.261926889419555664
1.249124646186828613
1.342687129974365234
1.423698902130126953
1.347229242324829102
1.343892931938171387
1.302296519279479980
1.372308135032653809
1.395009756088256836
0.985955238342285156
1.756236433982849121
1.807818412780761719
1.697412729263305664
1.630304336547851562
1.565916657447814941
1.561530590057373047
1.610482931137084961
1.647951006889343262
1.627549886703491211
1.620770931243896484
1.692070841789245605
1.569054722785949707
1.002362489700317383
1.837425947189331055
1.932301163673400879
1.748715400695800781
1.747515678405761719
1.712651133537292480
1.682652711868286133
1.690086007118225098
1.730007171630859375
1.721919775009155273
1.734012603759765625
1.766308665275573730
1.542457222938537598
0.968383908271789551
1.817126989364624023
1.967058897018432617
1.694408774375915527
1.628645062446594238
1.680421710014343262
1.712370395660400391
1.717883944511413574
1.718605399131774902
1.729593038558959961
1.727934360504150391
1.745031833648681641
1.592194795608520508
0.872383534908294678
1.842710494995117188
2.008001327514648438
1.773660540580749512
1.689433336257934570
1.676959633827209473
1.708668947219848633
1.757185339927673340
1.748248577117919922
1.749222517013549805
1.733366250991821289
1.733383655548095703
1.608266353607177734
1.035539627075195312
1.892831087112426758
1.984493732452392578
1.760989546775817871
1.736260890960693359
1.753600835800170898
1.718333125114440918
1.682103872299194336
1.707597136497497559
1.778545260429382324
1.736440300941467285
1.772539377212524414
1.609881639480590820
1.159166932106018066
1.826700448989868164
1.907553195953369141
1.711595058441162109
1.594662427902221680
1.733036279678344727
1.767369985580444336
1.687087416648864746
1.538396239280700684
1.643685460090637207
1.751370906829833984
1.792067050933837891
1.694010853767395020
1.289769172668457031
-0.391694396734237671
-0.391694366931915283
-0.391694366931915283
-0.391694366931915283
-0.391694366931915283
-0.391694366931915283
-0.391694366931915283
-0.391694366931915283
-0.391694366931915283
-0.391694366931915283
-0.391694366931915283
-0.391694366931915283
-0.391694366931915283
-0.391694784164428711
-0.391694545745849609
-0.391694515943527222
-0.391694515943527222
-0.391694515943527222
-0.391694575548171997
-0.391694605350494385
-0.391694515943527222
-0.391694515943527222
-0.391694515943527222
-0.391694545745849609
-0.391694515943527222
-0.391694486141204834
-0.391694784164428711
-0.391694545745849609
-0.391694515943527222
-0.391694515943527222
-0.391694515943527222
-0.391694545745849609
-0.391694515943527222
-0.391694515943527222
-0.391694515943527222
-0.391694515943527222
-0.391694545745849609
-0.391694515943527222
-0.391694605350494385
-0.391694784164428711
-0.391694545745849609
-0.391694515943527222
-0.391694784164428711
-0.391694515943527222
-0.391694515943527222
-0.391694515943527222
-0.391694545745849609
-0.391694515943527222
-0.391694515943527222
-0.391694545745849609
-0.391694515943527222
-0.391694635152816772
-0.391694784164428711
-0.391694545745849609
-0.391694515943527222
-0.391694515943527222
-0.391694515943527222
-0.391694515943527222
-0.391694515943527222
-0.391694515943527222
-0.391694515943527222
-0.391694515943527222
-0.391694515943527222
-0.391694515943527222
-0.391694515943527222
-0.391694784164428711
-0.391694545745849609
-0.391694515943527222
-0.391694515943527222
-0.391694515943527222
-0.391694515943527222
-0.391694515943527222
-0.391694515943527222
-0.391694515943527222
-0.391694515943527222
-0.391694545745849609
-0.391694515943527222
-0.391694486141204834
-0.391694784164428711
-0.391694635152816772
-0.391694515943527222
-0.391694575548171997
-0.391694545745849609
-0.391694575548171997
-0.391694545745849609
-0.391694515943527222
-0.391694515943527222
-0.391694754362106323
-0.391694605350494385
-0.391694605350494385
-0.391694545745849609
-0.773663759231567383
-0.244656652212142944
-0.067698091268539429
0.222881078720092773
0.325995951890945435
0.156125605106353760
-0.089692592620849609
0.002639740705490112
0.049627855420112610
0.181358829140663147
0.051140442490577698
-0.061769038438796997
0.873185992240905762
-1.271485328674316406
-0.412048429250717163
0.102845549583435059
0.346195727586746216
0.410021245479583740
0.473895192146301270
0.347142636775970459
0.236259803175926208
0.338905394077301025
0.382287204265594482
0.229911610484123230
0.453871428966522217
1.766693949699401855
-1.501446843147277832
-0.768635392189025879
0.049115002155303955
0.027880638837814331
0.033428251743316650
0.200416401028633118
0.182017043232917786
0.092215716838836670
0.095635995268821716
0.122894078493118286
0.039637327194213867
0.583414435386657715
1.883342742919921875
-1.515580296516418457
-0.829124927520751953
0.137597799301147461
0.263734370470046997
0.215345770120620728
0.191082015633583069
0.084697648882865906
0.076731979846954346
0.095356300473213196
0.166641399264335632
0.100616544485092163
0.460490524768829346
2.033398389816284180
-1.499774098396301270
-0.915344476699829102
-0.168648064136505127
0.158540531992912292
0.252361953258514404
0.269139826297760010
0.102409914135932922
0.043461322784423828
0.063412740826606750
0.120309099555015564
0.108101814985275269
0.431094437837600708
1.699700117111206055
-1.600910782814025879
-0.898369789123535156
-0.106801599264144897
0.057114452123641968
-0.013275444507598877
0.128828912973403931
0.239182546734809875
0.176737219095230103
0.037355363368988037
0.074010983109474182
0.060625284910202026
0.370214253664016724
1.457738995552062988
-1.430032610893249512
-0.833664298057556152
-0.044054687023162842
0.362988829612731934
0.062921926379203796
-0.066139727830886841
0.134445607662200928
0.475270271301269531
0.297481626272201538
0.089150905609130859
-0.118324279785156250
0.036411941051483154
1.102051854133605957
0.101049356162548065
0.117180831730365753
0.119428321719169617
0.122176088392734528
0.122769676148891449
0.119501695036888123
0.117684081196784973
0.119502790272235870
0.121067717671394348
0.122540630400180817
0.119979336857795715
0.123969383537769318
0.119376882910728455
0.096360817551612854
0.118172638118267059
0.124590240418910980
0.125688582658767700
0.126544505357742310
0.125775888562202454
0.122250944375991821
0.121825501322746277
0.124323785305023193
0.125331118702888489
0.123593300580978394
0.129960075020790100
0.123755820095539093
0.097380593419075012
0.118664458394050598
0.123612880706787109
0.123487435281276703
0.125676691532135010
0.126175731420516968
0.125119820237159729
0.124497190117835999
0.123761445283889771
0.123464003205299377
0.122896447777748108
0.129411518573760986
0.121071428060531616
0.097558341920375824
0.116242438554763794
0.123344428837299347
0.125038519501686096
0.125296577811241150
0.124162547290325165
0.122882626950740814
0.123419724404811859
0.124733075499534607
0.125263631343841553
0.123894788324832916
0.128505349159240723
0.120776139199733734
0.097245067358016968
0.115504212677478790
0.120436407625675201
0.122931458055973053
0.123892530798912048
0.124190762639045715
0.124229192733764648
0.122735440731048584
0.122201621532440186
0.124389782547950745
0.124818332493305206
0.127402797341346741
0.118565261363983154
0.095328517258167267
0.115246050059795380
0.122301340103149414
0.122903324663639069
0.120900206267833710
0.123518273234367371
0.127303257584571838
0.125424474477767944
0.121407449245452881
0.121442884206771851
0.122806861996650696
0.129738375544548035
0.121143192052841187
0.097190544009208679
0.117608703672885895
0.125713765621185303
0.127089723944664001
0.123575299978256226
0.122828155755996704
0.127624049782752991
0.129523649811744690
0.127806991338729858
0.124077312648296356
0.121962070465087891
0.127117425203323364
0.123224340379238129
0.166217327117919922
0.419367700815200806
0.374955385923385620
0.275185704231262207
0.233373790979385376
0.286736011505126953
0.380105137825012207
0.304101169109344482
0.357466340065002441
0.325327783823013306
0.332452118396759033
0.450787574052810669
-0.135554298758506775
-0.094985261559486389
0.340269207954406738
0.213123977184295654
0.134024113416671753
0.072178743779659271
0.007322765886783600
0.053011126816272736
0.090250857174396515
0.129358470439910889
0.145114362239837646
0.161170840263366699
0.229112118482589722
-0.742278516292572021
-0.070651695132255554
0.419459313154220581
0.206058949232101440
0.216347336769104004
0.197208136320114136
0.136751770973205566
0.140182435512542725
0.156091868877410889
0.167142927646636963
0.163255393505096436
0.215250104665756226
0.224222451448440552
-0.893063187599182129
-0.065682709217071533
0.408285170793533325
0.180429846048355103
-0.002118572592735291
0.179429501295089722
0.151813596487045288
0.166225552558898926
0.195507675409317017
0.212933570146560669
0.160330444574356079
0.197351157665252686
0.259733974933624268
-0.960157513618469238
-0.001754879951477051
0.405733138322830200
0.217691749334335327
0.123273797333240509
0.139148592948913574
0.152403026819229126
0.195729851722717285
0.177011549472808838
0.205102056264877319
0.201205015182495117
0.220410764217376709
0.257543712854385376
-0.743095338344573975
0.043655358254909515
0.420761972665786743
0.199632108211517334
0.127053380012512207
0.164655566215515137
0.214185327291488647
0.215667366981506348
0.156202882528305054
0.191294223070144653
0.193289130926132202
0.249527573585510254
0.211217015981674194
-0.610736846923828125
0.036075882613658905
0.432764858007431030
0.206658661365509033
0.020503409206867218
0.139087408781051636
0.260761290788650513
0.211093425750732422
0.029792718589305878
0.128235101699829102
0.162609845399856567
0.219459921121597290
0.269050866365432739
-0.289197206497192383
1.453393459320068359
1.007949113845825195
0.746291458606719971
0.404763877391815186
0.290915071964263916
0.453433781862258911
0.771594166755676270
0.606918692588806152
0.580339372158050537
0.435027867555618286
0.644206345081329346
0.821188867092132568
-0.387858927249908447
1.094689607620239258
0.136486589908599854
-0.359337389469146729
-0.577035844326019287
-0.676758348941802979
-0.884415924549102783
-0.803028404712677002
-0.584223926067352295
-0.692593038082122803
-0.765533626079559326
-0.490740954875946045
-0.646701276302337646
-2.336730480194091797
1.364037752151489258
0.550826787948608398
-0.277636826038360596
-0.299323260784149170
-0.226108253002166748
-0.374455869197845459
-0.409018814563751221
-0.254382193088531494
-0.301178395748138428
-0.323877751827239990
-0.297762453556060791
-0.886696517467498779
-2.524520874023437500
1.427479505538940430
0.714210152626037598
-0.349659025669097900
-0.675810396671295166
-0.597574651241302490
-0.413581907749176025
-0.346466124057769775
-0.328764140605926514
-0.314908206462860107
-0.371611058712005615
-0.343389689922332764
-0.640442788600921631
-2.640231370925903320
1.489818096160888672
0.884305715560913086
0.013321161270141602
-0.438614904880523682
-0.568147242069244385
-0.473710358142852783
-0.299570500850677490
-0.218296587467193604
-0.270165503025054932
-0.306238114833831787
-0.345485627651214600
-0.638062775135040283
-2.203074693679809570
1.643096923828125000
0.910169959068298340
0.008585035800933838
-0.219361841678619385
-0.125322997570037842
-0.288987219333648682
-0.489412844181060791
-0.393880069255828857
-0.263220131397247314
-0.288970410823822021
-0.268563091754913330
-0.553385913372039795
-1.857786655426025391
1.634404897689819336
0.984813153743743896
0.078994929790496826
-0.449024736881256104
-0.027078449726104736
0.105098783969879150
-0.095423817634582520
-0.535109102725982666
-0.379440844058990479
-0.073950886726379395
0.257359921932220459
0.140126883983612061
-0.896902501583099365
0.524321317672729492
0.505777597427368164
0.506824851036071777
0.506319344043731689
0.506297886371612549
0.504487633705139160
0.505871713161468506
0.506574571132659912
0.506538093090057373
0.506104230880737305
0.504743397235870361
0.510879635810852051
0.496425598859786987
0.536882936954498291
0.513526558876037598
0.514653027057647705
0.513124406337738037
0.514930665493011475
0.512622356414794922
0.512623131275177002
0.512901604175567627
0.513095438480377197
0.513593554496765137
0.511738061904907227
0.519737005233764648
0.497436523437500000
0.536052584648132324
0.515736401081085205
0.511809945106506348
0.512942790985107422
0.514956593513488770
0.515007019042968750
0.514529287815093994
0.513211131095886230
0.513103187084197998
0.513495206832885742
0.512121260166168213
0.518621265888214111
0.493722736835479736
0.536350250244140625
0.514444828033447266
0.514720141887664795
0.512747585773468018
0.513619899749755859
0.513266205787658691
0.512047350406646729
0.514311432838439941
0.513877868652343750
0.513117194175720215
0.511999309062957764
0.519546151161193848
0.493261128664016724
0.535480380058288574
0.511119604110717773
0.513182580471038818
0.514091372489929199
0.514894306659698486
0.513890504837036133
0.511411130428314209
0.512957215309143066
0.513188362121582031
0.512943744659423828
0.511563241481781006
0.518660724163055420
0.493394494056701660
0.534698784351348877
0.512375056743621826
0.513358533382415771
0.512460231781005859
0.511810898780822754
0.512564659118652344
0.514297604560852051
0.512359201908111572
0.513018846511840820
0.513611018657684326
0.512091696262359619
0.519197702407836914
0.496226340532302856
0.533094882965087891
0.511915981769561768
0.516251981258392334
0.513409674167633057
0.511815607547760010
0.513700008392333984
0.517250835895538330
0.512961089611053467
0.514629602432250977
0.513029158115386963
0.512312412261962891
0.519924044609069824
0.497576475143432617
-1.036408782005310059
-1.036181092262268066
-1.036098837852478027
-1.036045312881469727
-1.035956025123596191
-1.035953044891357422
-1.036056160926818848
-1.036109447479248047
-1.036091804504394531
-1.036017298698425293
-1.035977125167846680
-1.036097049713134766
-1.035802245140075684
-1.036612987518310547
-1.036567807197570801
-1.036165833473205566
-1.036011695861816406
-1.036103367805480957
-1.036062479019165039
-1.036106467247009277
-1.036112785339355469
-1.036055088043212891
-1.036059141159057617
-1.035990476608276367
-1.036098361015319824
-1.035452127456665039
-1.036653518676757812
-1.036761045455932617
-1.036092996597290039
-1.036095142364501953
-1.036189317703247070
-1.036084413528442383
-1.036088347434997559
-1.036073803901672363
-1.036065697669982910
-1.036030769348144531
-1.036054253578186035
-1.036074280738830566
-1.035263419151306152
-1.036668539047241211
-1.036692976951599121
-1.036123394966125488
-1.036111712455749512
-1.036157608032226562
-1.036026954650878906
-1.036115407943725586
-1.036142587661743164
-1.036083936691284180
-1.035987734794616699
-1.036027312278747559
-1.036070227622985840
-1.035344243049621582
-1.036615610122680664
-1.036582589149475098
-1.036249876022338867
-1.036093831062316895
-1.036047339439392090
-1.035938501358032227
-1.035992503166198730
-1.036077976226806641
-1.036078929901123047
-1.036035776138305664
-1.036033511161804199
-1.036058425903320312
-1.035350680351257324
-1.036582231521606445
-1.036614298820495605
-1.036185145378112793
-1.036067366600036621
-1.036094188690185547
-1.036037921905517578
-1.036036252975463867
-1.036040425300598145
-1.036055684089660645
-1.036094188690185547
-1.036026835441589355
-1.036063194274902344
-1.035410881042480469
-1.036522984504699707
-1.036561012268066406
-1.036162972450256348
-1.035927057266235352
-1.035942673683166504
-1.036037087440490723
-1.036044001579284668
-1.035925984382629395
-1.035984635353088379
-1.035969257354736328
-1.036005258560180664
-1.036098361015319824
-1.035426259040832520
0.627931654453277588
0.623261094093322754
0.622778236865997314
0.622181117534637451
0.621853232383728027
0.622028291225433350
0.622527360916137695
0.622611820697784424
0.622495114803314209
0.622257053852081299
0.622286319732666016
0.622450649738311768
0.621827840805053711
0.628649592399597168
0.620484113693237305
0.619075715541839600
0.618510663509368896
0.618332684040069580
0.618250310420989990
0.618472337722778320
0.618712007999420166
0.618619740009307861
0.618490874767303467
0.618596911430358887
0.618284940719604492
0.617888569831848145
0.628849804401397705
0.621073365211486816
0.619248867034912109
0.619231700897216797
0.618871271610260010
0.618424296379089355
0.618582606315612793
0.618903875350952148
0.619085967540740967
0.618952572345733643
0.619172632694244385
0.618094265460968018
0.617781877517700195
0.628875792026519775
0.621167957782745361
0.619002759456634521
0.618902027606964111
0.618492662906646729
0.618636012077331543
0.619000375270843506
0.618982613086700439
0.618885874748229980
0.618886947631835938
0.618978738784790039
0.618085503578186035
0.617683112621307373
0.628968000411987305
0.621341586112976074
0.619647920131683350
0.619039714336395264
0.618528842926025391
0.618522226810455322
0.618970096111297607
0.619031250476837158
0.618928432464599609
0.618952751159667969
0.619145810604095459
0.618212878704071045
0.618038952350616455
0.629081785678863525
0.621128737926483154
0.619555652141571045
0.619154870510101318
0.619344115257263184
0.618999600410461426
0.618813037872314453
0.618822097778320312
0.618984580039978027
0.618972778320312500
0.618950486183166504
0.618301928043365479
0.617957890033721924
0.628826856613159180
0.621487081050872803
0.619618952274322510
0.618858695030212402
0.619315147399902344
0.619526922702789307
0.619159698486328125
0.618728101253509521
0.618715822696685791
0.618902623653411865
0.619491517543792725
0.619339883327484131
0.618533909320831299
0.527713716030120850
-0.107267796993255615
-0.081454277038574219
-0.067388117313385010
-0.057233393192291260
-0.071005463600158691
-0.108422577381134033
-0.075270116329193115
-0.072408735752105713
-0.060252726078033447
-0.068093955516815186
-0.137135326862335205
0.024660885334014893
0.865294337272644043
-0.131769120693206787
-0.080666303634643555
-0.063676238059997559
-0.070695102214813232
-0.037306129932403564
-0.057345509529113770
-0.064764082431793213
-0.037130951881408691
-0.038597881793975830
-0.059522151947021484
-0.145878016948699951
0.280641734600067139
0.852249085903167725
-0.166878283023834229
-0.078716754913330078
-0.068433463573455811
-0.123828768730163574
-0.096865475177764893
-0.091533184051513672
-0.091078341007232666
-0.062091946601867676
-0.076114654541015625
-0.064283907413482666
-0.168995022773742676
0.366108506917953491
0.853255748748779297
-0.160111904144287109
-0.113168776035308838
-0.014245808124542236
-0.114497661590576172
-0.083439648151397705
-0.076535701751708984
-0.079650044441223145
-0.092150688171386719
-0.059461474418640137
-0.057003974914550781
-0.201266944408416748
0.308279305696487427
0.825960814952850342
-0.184318125247955322
-0.128655850887298584
-0.048834264278411865
-0.086953163146972656
-0.080259799957275391
-0.090207338333129883
-0.101771771907806396
-0.113794028759002686
-0.097055494785308838
-0.047685563564300537
-0.170753777027130127
0.259595453739166260
0.834192037582397461
-0.206270515918731689
-0.112405717372894287
-0.078925430774688721
-0.100950300693511963
-0.098495900630950928
-0.067694664001464844
-0.060933649539947510
-0.086040556430816650
-0.112019658088684082
-0.074440777301788330
-0.166010558605194092
0.186708360910415649
0.776736676692962646
-0.165635108947753906
-0.063196241855621338
-0.024657130241394043
-0.065894842147827148
-0.076015710830688477
-0.056552827358245850
0.003794729709625244
-0.055254638195037842
-0.073594689369201660
-0.102865159511566162
-0.140547096729278564
0.074872910976409912
1.285745978355407715
1.285746335983276367
1.285746335983276367
1.285746335983276367
1.285746335983276367
1.285746335983276367
1.285746335983276367
1.285746335983276367
1.285746335983276367
1.285746335983276367
1.285746335983276367
1.285746335983276367
1.285746335983276367
1.285746335983276367
1.285747170448303223
1.285747170448303223
1.285747170448303223
1.285747170448303223
1.285747170448303223
1.285747170448303223
1.285747170448303223
1.285747170448303223
1.285747170448303223
1.285747170448303223
1.285747170448303223
1.285747170448303223
1.285746335983276367
1.285747170448303223
1.285747170448303223
1.285747170448303223
1.285747170448303223
1.285747170448303223
1.285747170448303223
1.285747170448303223
1.285747170448303223
1.285747170448303223
1.285747170448303223
1.285747170448303223
1.285747170448303223
1.285746335983276367
1.285747170448303223
1.285747170448303223
1.285747170448303223
1.285747170448303223
1.285747170448303223
1.285747170448303223
1.285747170448303223
1.285747170448303223
1.285747170448303223
1.285747170448303223
1.285747170448303223
1.285747170448303223
1.285746335983276367
1.285747170448303223
1.285747170448303223
1.285747170448303223
1.285747170448303223
1.285747170448303223
1.285747170448303223
1.285747170448303223
1.285747170448303223
1.285747170448303223
1.285747170448303223
1.285747170448303223
1.285747170448303223
1.285746335983276367
1.285747170448303223
1.285747170448303223
1.285747170448303223
1.285747170448303223
1.285747170448303223
1.285747170448303223
1.285747170448303223
1.285747170448303223
1.285747170448303223
1.285747170448303223
1.285747170448303223
1.285747170448303223
1.285746335983276367
1.285747170448303223
1.285747170448303223
1.285747170448303223
1.285747170448303223
1.285747170448303223
1.285747170448303223
1.285747170448303223
1.285747170448303223
1.285747170448303223
1.285747170448303223
1.285747170448303223
1.285747170448303223
0.803219199180603027
0.803142607212066650
0.803142607212066650
0.803142726421356201
0.803142786026000977
0.803142905235290527
0.803142786026000977
0.803142726421356201
0.803142607212066650
0.803142666816711426
0.803142786026000977
0.803142666816711426
0.803142428398132324
0.803046107292175293
0.802940249443054199
0.802940368652343750
0.802940487861633301
0.802940726280212402
0.802940726280212402
0.802940607070922852
0.802940607070922852
0.802940368652343750
0.802940309047698975
0.802940428256988525
0.802940309047698975
0.802940309047698975
0.803045988082885742
0.802940130233764648
0.802940070629119873
0.802940189838409424
0.802940487861633301
0.802940726280212402
0.802940547466278076
0.802940428256988525
0.802940368652343750
0.802940309047698975
0.802940249443054199
0.802940189838409424
0.802940428256988525
0.803046047687530518
0.802940130233764648
0.802940189838409424
0.802940428256988525
0.802940487861633301
0.802940428256988525
0.802940428256988525
0.802940428256988525
0.802940249443054199
0.802940130233764648
0.802940249443054199
0.802940130233764648
0.802940309047698975
0.803045868873596191
0.802939951419830322
0.802940249443054199
0.802940428256988525
0.802940368652343750
0.802940249443054199
0.802940189838409424
0.802940368652343750
0.802940368652343750
0.802940130233764648
0.802940070629119873
0.802940130233764648
0.802940189838409424
0.803045749664306641
0.802940070629119873
0.802940309047698975
0.802940368652343750
0.802940368652343750
0.802940249443054199
0.802940249443054199
0.802940368652343750
0.802940428256988525
0.802940309047698975
0.802940070629119873
0.802940070629119873
0.802940249443054199
0.803045570850372314
0.802939832210540771
0.802940070629119873
0.802940130233764648
0.802940011024475098
0.802940070629119873
0.802940070629119873
0.802940249443054199
0.802940428256988525
0.802940309047698975
0.802940011024475098
0.802940011024475098
0.802940070629119873
-0.551195859909057617
0.237658500671386719
0.411366462707519531
0.418301820755004883
0.453192830085754395
0.560818672180175781
0.489009737968444824
0.449451804161071777
0.443610548973083496
0.491629362106323242
0.474972009658813477
0.409164190292358398
0.374655842781066895
-0.036942780017852783
0.963195204734802246
1.180650711059570312
1.188022375106811523
1.115679502487182617
1.271304368972778320
1.325933933258056641
1.243585824966430664
1.293163299560546875
1.332532644271850586
1.281298398971557617
1.136261701583862305
1.109675168991088867
-0.024918854236602783
0.915893793106079102
1.184937715530395508
1.209394216537475586
1.088370323181152344
1.154088735580444336
1.200528621673583984
1.119945526123046875
1.148221731185913086
1.187487602233886719
1.274718999862670898
1.282778501510620117
1.143161535263061523
-0.125449597835540771
0.854169607162475586
1.122990131378173828
1.222701787948608398
1.303017377853393555
1.219253540039062500
1.180042505264282227
1.184778928756713867
1.179256200790405273
1.228541612625122070
1.266250610351562500
1.180763721466064453
0.941552996635437012
-0.152915358543395996
0.811320543289184570
0.978971004486083984
1.196449518203735352
1.289590835571289062
1.261565446853637695
1.235593557357788086
1.140542745590209961
1.183235168457031250
1.149333477020263672
1.222242355346679688
1.200351715087890625
1.028368949890136719
-0.160444915294647217
0.728499650955200195
0.971683740615844727
1.077489137649536133
1.028112053871154785
1.103533983230590820
1.217677354812622070
1.188498497009277344
1.273832082748413086
1.167821884155273438
1.267721652984619141
1.172976255416870117
1.083741188049316406
-0.434491187334060669
0.425876140594482422
0.740353941917419434
0.864839673042297363
0.792492508888244629
0.825886011123657227
0.827082157135009766
0.824227452278137207
0.941808104515075684
0.944528102874755859
0.733154892921447754
0.629701852798461914
0.508591771125793457
-1.187318205833435059
-1.166577816009521484
-1.166596651077270508
-1.166590929031372070
-1.166583776473999023
-1.166576385498046875
-1.166573286056518555
-1.166585326194763184
-1.166594147682189941
-1.166588306427001953
-1.166587591171264648
-1.166582822799682617
-1.166578769683837891
-1.187224388122558594
-1.157443284988403320
-1.157466411590576172
-1.157465696334838867
-1.157446265220642090
-1.157420158386230469
-1.157434225082397461
-1.157450675964355469
-1.157451987266540527
-1.157464504241943359
-1.157466411590576172
-1.157456755638122559
-1.157452940940856934
-1.187224149703979492
-1.157451510429382324
-1.157462000846862793
-1.157491803169250488
-1.157476305961608887
-1.157432436943054199
-1.157439827919006348
-1.157459497451782227
-1.157464146614074707
-1.157466888427734375
-1.157482266426086426
-1.157474994659423828
-1.157440662384033203
-1.187224149703979492
-1.157419562339782715
-1.157452344894409180
-1.157486438751220703
-1.157449841499328613
-1.157459378242492676
-1.157451391220092773
-1.157470703125000000
-1.157462954521179199
-1.157482266426086426
-1.157486081123352051
-1.157466888427734375
-1.157447218894958496
-1.187224388122558594
-1.157431125640869141
-1.157454848289489746
-1.157473564147949219
-1.157465219497680664
-1.157476186752319336
-1.157475233078002930
-1.157485246658325195
-1.157465815544128418
-1.157482862472534180
-1.157487154006958008
-1.157471537590026855
-1.157455563545227051
-1.187224864959716797
-1.157433032989501953
-1.157462358474731445
-1.157475829124450684
-1.157481074333190918
-1.157470345497131348
-1.157479763031005859
-1.157481431961059570
-1.157465457916259766
-1.157475590705871582
-1.157478094100952148
-1.157478094100952148
-1.157450675964355469
-1.187224507331848145
-1.157413721084594727
-1.157460927963256836
-1.157475113868713379
-1.157485485076904297
-1.157475590705871582
-1.157478451728820801
-1.157482385635375977
-1.157475829124450684
-1.157461404800415039
-1.157470226287841797
-1.157477498054504395
-1.157448172569274902
0.570730209350585938
0.574133098125457764
0.574690103530883789
0.574194371700286865
0.574184060096740723
0.573745846748352051
0.573717236518859863
0.574230790138244629
0.574144363403320312
0.574635207653045654
0.573863446712493896
0.575459122657775879
0.573184490203857422
0.608795940876007080
0.636560022830963135
0.637225329875946045
0.636645615100860596
0.636291027069091797
0.636040925979614258
0.635325491428375244
0.635989248752593994
0.636674284934997559
0.636745810508728027
0.636531054973602295
0.637159287929534912
0.636395514011383057
0.609237730503082275
0.636472105979919434
0.637154817581176758
0.636813104152679443
0.635818123817443848
0.635122060775756836
0.635096073150634766
0.635449171066284180
0.636198699474334717
0.635129511356353760
0.635923743247985840
0.634820759296417236
0.638284921646118164
0.610579609870910645
0.637682259082794189
0.636686623096466064
0.634758234024047852
0.633462727069854736
0.636733889579772949
0.636181175708770752
0.635369360446929932
0.634778559207916260
0.634707689285278320
0.636322140693664551
0.635949134826660156
0.639630079269409180
0.609333276748657227
0.635044634342193604
0.636541783809661865
0.635380625724792480
0.632841587066650391
0.633950650691986084
0.633991360664367676
0.633915960788726807
0.634310483932495117
0.635029315948486328
0.636982202529907227
0.636552155017852783
0.638767480850219727
0.610055029392242432
0.637143850326538086
0.636980175971984863
0.635676681995391846
0.634999036788940430
0.636973798274993896
0.637098670005798340
0.635061085224151611
0.634089648723602295
0.634538829326629639
0.635478556156158447
0.635367751121520996
0.636531770229339600
0.611231863498687744
0.641245245933532715
0.642104923725128174
0.638753890991210938
0.635744035243988037
0.639550745487213135
0.640689253807067871
0.640709757804870605
0.637971460819244385
0.638228654861450195
0.639848589897155762
0.640938878059387207
0.641896128654479980
0.916501402854919434
0.917447924613952637
0.917402148246765137
0.917267382144927979
0.917462229728698730
0.917292594909667969
0.917280614376068115
0.917397320270538330
0.917240023612976074
0.917351543903350830
0.917319536209106445
0.917552232742309570
0.916916191577911377
0.938066720962524414
0.951935589313507080
0.951428055763244629
0.951288819313049316
0.951378583908081055
0.951415002346038818
0.951226413249969482
0.951161742210388184
0.951339542865753174
0.951210737228393555
0.951356172561645508
0.950854063034057617
0.951825380325317383
0.937856316566467285
0.951114773750305176
0.950627088546752930
0.950621545314788818
0.950289130210876465
0.950170397758483887
0.950034260749816895
0.949992060661315918
0.950335562229156494
0.949939489364624023
0.950013995170593262
0.949340999126434326
0.952898502349853516
0.938516497611999512
0.951422393321990967
0.950328111648559570
0.949808061122894287
0.949549257755279541
0.950697898864746094
0.950633704662322998
0.950039923191070557
0.949623465538024902
0.949574708938598633
0.950194478034973145
0.949596881866455078
0.953689336776733398
0.937551975250244141
0.950109362602233887
0.950401842594146729
0.950072348117828369
0.949212551116943359
0.949301958084106445
0.949318647384643555
0.949437439441680908
0.949557960033416748
0.949590146541595459
0.950371265411376953
0.950116693973541260
0.953060626983642578
0.937576055526733398
0.951480269432067871
0.950495183467864990
0.950236797332763672
0.950133860111236572
0.950746297836303711
0.950488269329071045
0.949726104736328125
0.949547111988067627
0.949675202369689941
0.949792385101318359
0.949649572372436523
0.951771616935729980
0.938375532627105713
0.953150987625122070
0.952781677246093750
0.951798439025878906
0.950239539146423340
0.951781153678894043
0.951898694038391113
0.952318906784057617
0.951366901397705078
0.951546132564544678
0.951822996139526367
0.952080011367797852
0.953970074653625488
0.359018445014953613
0.359014540910720825
0.359014481306076050
0.359014511108398438
0.359014511108398438
0.359014511108398438
0.359014481306076050
0.359014481306076050
0.359014481306076050
0.359014511108398438
0.359014511108398438
0.359014511108398438
0.359014540910720825
0.359015882015228271
0.359011024236679077
0.359011054039001465
0.359011083841323853
0.359011113643646240
0.359011113643646240
0.359011083841323853
0.359011083841323853
0.359011083841323853
0.359011113643646240
0.359011054039001465
0.359011054039001465
0.359011173248291016
0.359015822410583496
0.359010994434356689
0.359011024236679077
0.359011054039001465
0.359011113643646240
0.359011083841323853
0.359011083841323853
0.359011054039001465
0.359011054039001465
0.359011054039001465
0.359011024236679077
0.359011024236679077
0.359011173248291016
0.359015852212905884
0.359010994434356689
0.359011054039001465
0.359011083841323853
0.359011054039001465
0.359011083841323853
0.359011113643646240
0.359011083841323853
0.359011054039001465
0.359011024236679077
0.359011024236679077
0.359011024236679077
0.359011292457580566
0.359015822410583496
0.359011024236679077
0.359011054039001465
0.359011054039001465
0.359011054039001465
0.359011054039001465
0.359011054039001465
0.359011083841323853
0.359011054039001465
0.359011083841323853
0.359011024236679077
0.359011054039001465
0.359011173248291016
0.359015852212905884
0.359011024236679077
0.359011054039001465
0.359011083841323853
0.359011083841323853
0.359011054039001465
0.359011054039001465
0.359011083841323853
0.359011083841323853
0.359011054039001465
0.359011024236679077
0.359011054039001465
0.359011113643646240
0.359015882015228271
0.359011024236679077
0.359010994434356689
0.359011113643646240
0.359011054039001465
0.359011054039001465
0.359011024236679077
0.359011054039001465
0.359010994434356689
0.359011054039001465
0.359011054039001465
0.359011054039001465
0.359011232852935791
-0.902053654193878174
-0.086543202400207520
0.097530663013458252
0.290005266666412354
0.329136371612548828
0.236172854900360107
0.087814629077911377
0.153491079807281494
0.177696406841278076
0.271306276321411133
0.184272289276123047
0.144031822681427002
0.627509713172912598
-1.436334848403930664
-0.313283443450927734
0.156742691993713379
0.292924404144287109
0.317937254905700684
0.342661023139953613
0.255416572093963623
0.200019538402557373
0.295510113239288330
0.343622207641601562
0.225868523120880127
0.428616404533386230
0.974901318550109863
-1.554967403411865234
-0.498237639665603638
0.097617745399475098
0.062595188617706299
0.095220804214477539
0.230348408222198486
0.207856893539428711
0.100462138652801514
0.099218130111694336
0.124561905860900879
0.101719796657562256
0.538162231445312500
0.929523587226867676
-1.576914787292480469
-0.559892892837524414
0.162242472171783447
0.182563066482543945
0.222235441207885742
0.180858314037322998
0.089800536632537842
0.108023285865783691
0.130051374435424805
0.169512569904327393
0.148649156093597412
0.441963195800781250
0.985003232955932617
-1.572309970855712891
-0.666674911975860596
-0.090377628803253174
0.144260466098785400
0.250337183475494385
0.245669901371002197
0.116947114467620850
0.069847524166107178
0.088550567626953125
0.115176439285278320
0.130336403846740723
0.405603051185607910
0.813947319984436035
-1.627051830291748047
-0.650435924530029297
-0.045640170574188232
0.034824073314666748
-0.029824435710906982
0.105805754661560059
0.216717779636383057
0.182809770107269287
0.083069384098052979
0.094668626785278320
0.128994822502136230
0.367380023002624512
0.757943153381347656
-1.597923755645751953
-0.673611938953399658
-0.028328537940979004
0.170110344886779785
-0.061912775039672852
-0.064953207969665527
0.129259407520294189
0.284703135490417480
0.177042782306671143
0.081466019153594971
-0.140687644481658936
-0.009684205055236816
0.513127326965332031
0.170593351125717163
0.176095783710479736
0.178962439298629761
0.176623612642288208
0.173318475484848022
0.175921589136123657
0.176845192909240723
0.176842093467712402
0.177006900310516357
0.176122009754180908
0.176507979631423950
0.179577469825744629
0.169646531343460083
0.130623459815979004
0.140753000974655151
0.143484562635421753
0.141267120838165283
0.136409580707550049
0.136567920446395874
0.140838503837585449
0.139738738536834717
0.141637921333312988
0.141792625188827515
0.140200465917587280
0.149373590946197510
0.117633320391178131
0.133180469274520874
0.153530895709991455
0.152320683002471924
0.147227019071578979
0.147250145673751831
0.150555461645126343
0.150812596082687378
0.148937970399856567
0.148458123207092285
0.149220585823059082
0.150449365377426147
0.156768113374710083
0.104736886918544769
0.136647790670394897
0.152346312999725342
0.150067895650863647
0.140919864177703857
0.152239948511123657
0.150212168693542480
0.150155365467071533
0.151439428329467773
0.151350587606430054
0.150433421134948730
0.148898273706436157
0.155912429094314575
0.089857958257198334
0.138940393924713135
0.153916269540786743
0.150991350412368774
0.144023686647415161
0.148097813129425049
0.149506211280822754
0.150385916233062744
0.151713788509368896
0.151140481233596802
0.152434378862380981
0.150366276502609253
0.154221057891845703
0.100839145481586456
0.139097720384597778
0.153498828411102295
0.150164991617202759
0.146093428134918213
0.147511333227157593
0.148122787475585938
0.149627149105072021
0.149894863367080688
0.150358825922012329
0.151463896036148071
0.150836497545242310
0.150929331779479980
0.117516882717609406
0.131756842136383057
0.145179569721221924
0.143343627452850342
0.136754631996154785
0.143093347549438477
0.145294547080993652
0.145105242729187012
0.138873279094696045
0.142418861389160156
0.144479632377624512
0.143414378166198730
0.143445074558258057
0.121932052075862885
0.197573170065879822
1.142308831214904785
1.423601031303405762
1.735032320022583008
1.853396415710449219
1.756040453910827637
1.494328737258911133
1.568165779113769531
1.585965275764465332
1.686381697654724121
1.598822832107543945
1.444514274597167969
2.163589477539062500
0.881158947944641113
2.558982610702514648
3.147977352142333984
3.353624343872070312
3.434360027313232422
3.627064704895019531
3.571266412734985352
3.377701997756958008
3.432589769363403320
3.494596242904663086
3.334625720977783203
3.388278245925903320
4.177604675292968750
0.757889270782470703
2.308283090591430664
3.059122085571289062
3.063825607299804688
3.123992681503295898
3.327929019927978516
3.310179948806762695
3.122143507003784180
3.093286752700805664
3.149613857269287109
3.127736330032348633
3.598123788833618164
4.162850856781005859
0.681955814361572266
2.194149255752563477
3.150603771209716797
3.392425298690795898
3.448140621185302734
3.277604818344116211
3.161085128784179688
3.160900831222534180
3.162694931030273438
3.207843065261840820
3.175991296768188477
3.432600021362304688
4.213606357574462891
0.598033070564270020
2.042797565460205078
2.822498559951782227
3.210224628448486328
3.417251586914062500
3.333277702331542969
3.141656398773193359
3.099939823150634766
3.122347831726074219
3.112763166427612305
3.099166870117187500
3.401982069015502930
3.932940721511840820
0.489804953336715698
2.023770093917846680
2.816934823989868164
3.028084278106689453
2.932188987731933594
3.045434474945068359
3.216188907623291016
3.227631092071533203
3.157169342041015625
3.131017923355102539
3.133795738220214844
3.367919206619262695
3.908756732940673828
0.386671662330627441
1.732891917228698730
2.659307479858398438
3.089342832565307617
2.796040296554565430
2.647733926773071289
2.859676837921142578
3.145673751831054688
3.135971069335937500
2.955690860748291016
2.553665876388549805
2.586440324783325195
3.017314195632934570
-0.595573961734771729
-0.455971330404281616
-0.460324704647064209
-0.448538899421691895
-0.449890315532684326
-0.450945407152175903
-0.452519863843917847
-0.455307930707931519
-0.459024369716644287
-0.456232786178588867
-0.468699544668197632
-0.439710617065429688
-0.444529056549072266
-0.699544608592987061
-0.417540460824966431
-0.440348178148269653
-0.436434924602508545
-0.416001588106155396
-0.427339404821395874
-0.415909171104431152
-0.424024492502212524
-0.436311334371566772
-0.438635796308517456
-0.444972485303878784
-0.373321294784545898
-0.473805069923400879
-0.712837398052215576
-0.434308618307113647
-0.465342760086059570
-0.458462446928024292
-0.430124789476394653
-0.433982342481613159
-0.436315625905990601
-0.453672409057617188
-0.461834162473678589
-0.461691141128540039
-0.462534517049789429
-0.350030213594436646
-0.485138922929763794
-0.708425879478454590
-0.451410442590713501
-0.437274605035781860
-0.469072103500366211
-0.412611275911331177
-0.446176767349243164
-0.442414313554763794
-0.440294206142425537
-0.448923051357269287
-0.474041044712066650
-0.463296383619308472
-0.353876352310180664
-0.452808558940887451
-0.710590839385986328
-0.457024365663528442
-0.444980472326278687
-0.457806766033172607
-0.433120191097259521
-0.452945888042449951
-0.458445966243743896
-0.451677143573760986
-0.438357204198837280
-0.454559385776519775
-0.470238596200942993
-0.372696459293365479
-0.465091288089752197
-0.729636371135711670
-0.438814312219619751
-0.454834699630737305
-0.467616677284240723
-0.456341803073883057
-0.445504754781723022
-0.447830915451049805
-0.465486079454421997
-0.451222836971282959
-0.434742212295532227
-0.458436846733093262
-0.379822283983230591
-0.462747126817703247
-0.701394855976104736
-0.441508501768112183
-0.459490358829498291
-0.464574247598648071
-0.472536355257034302
-0.459365099668502808
-0.466790407896041870
-0.466476976871490479
-0.445372909307479858
-0.462542027235031128
-0.461652487516403198
-0.426137685775756836
-0.460503131151199341
0.150536417961120605
-1.002963304519653320
-1.204094886779785156
-1.360826015472412109
-1.414571046829223633
-1.389561414718627930
-1.248989582061767578
-1.247047901153564453
-1.283641576766967773
-1.372008085250854492
-1.283184051513671875
-1.278755426406860352
-1.514121055603027344
0.409967482089996338
-1.216093540191650391
-1.638694286346435547
-1.758417367935180664
-1.781395673751831055
-1.861161231994628906
-1.845009088516235352
-1.747927188873291016
-1.797664880752563477
-1.855853796005249023
-1.738723993301391602
-1.904352188110351562
-2.034321069717407227
0.511861443519592285
-1.045616984367370605
-1.574454307556152344
-1.583246469497680664
-1.632487058639526367
-1.721125841140747070
-1.716745376586914062
-1.604445934295654297
-1.589714288711547852
-1.619574308395385742
-1.611511945724487305
-2.079837322235107422
-1.997066020965576172
0.545039653778076172
-0.961050748825073242
-1.634870529174804688
-1.676950931549072266
-1.821754217147827148
-1.727550268173217773
-1.633311271667480469
-1.634830951690673828
-1.646760463714599609
-1.661776781082153320
-1.633617877960205078
-1.982381105422973633
-1.982009649276733398
0.562711238861083984
-0.890671968460083008
-1.403383016586303711
-1.634648084640502930
-1.799343109130859375
-1.758274078369140625
-1.640991926193237305
-1.594096422195434570
-1.627342462539672852
-1.623984813690185547
-1.608331203460693359
-1.945003986358642578
-1.927110433578491211
0.621511280536651611
-0.885666251182556152
-1.397685527801513672
-1.514229774475097656
-1.468235969543457031
-1.587514400482177734
-1.707526683807373047
-1.663012742996215820
-1.637983560562133789
-1.629736185073852539
-1.634481906890869141
-1.905152797698974609
-1.927976608276367188
0.700640618801116943
-0.673586726188659668
-1.221703290939331055
-1.457731246948242188
-1.273348331451416016
-1.251613140106201172
-1.383238315582275391
-1.483963727951049805
-1.502051115036010742
-1.401006698608398438
-1.171710014343261719
-1.296453952789306641
-1.456036329269409180
