1.686423063278198242
1.686362981796264648
1.686367988586425781
1.686368465423583984
1.686368823051452637
1.686368823051452637
1.686369061470031738
1.686369299888610840
1.686370491981506348
1.686368703842163086
1.686368346214294434
1.686368227005004883
1.686363220214843750
1.686504244804382324
1.686453819274902344
1.686455368995666504
1.686455965042114258
1.686456918716430664
1.686455726623535156
1.686455965042114258
1.686454534530639648
1.686455488204956055
1.686455607414245605
1.686455249786376953
1.686457514762878418
1.686457633972167969
1.686493873596191406
1.686450004577636719
1.686450242996215820
1.686449885368347168
1.686450242996215820
1.686450481414794922
1.686451315879821777
1.686450958251953125
1.686451077461242676
1.686451554298400879
1.686451315879821777
1.686452746391296387
1.686450600624084473
1.686492800712585449
1.686447978019714355
1.686449289321899414
1.686451196670532227
1.686447620391845703
1.686449646949768066
1.686449646949768066
1.686449885368347168
1.686449646949768066
1.686449885368347168
1.686450958251953125
1.686452507972717285
1.686455368995666504
1.686493039131164551
1.686449050903320312
1.686451673507690430
1.686453104019165039
1.686452746391296387
1.686451077461242676
1.686450481414794922
1.686451792716979980
1.686450600624084473
1.686449170112609863
1.686448931694030762
1.686450600624084473
1.686455488204956055
1.686492323875427246
1.686450123786926270
1.686449766159057617
1.686450600624084473
1.686450481414794922
1.686450481414794922
1.686450958251953125
1.686451077461242676
1.686452150344848633
1.686451315879821777
1.686450481414794922
1.686452269554138184
1.686452746391296387
1.686490416526794434
1.686446189880371094
1.686451435089111328
1.686450719833374023
1.686449885368347168
1.686450719833374023
1.686451315879821777
1.686451673507690430
1.686451911926269531
1.686451792716979980
1.686451315879821777
1.686453461647033691
1.686449646949768066
0.305419951677322388
0.305419921875000000
0.305419921875000000
0.305419921875000000
0.305419921875000000
0.305419921875000000
0.305419921875000000
0.305419921875000000
0.305419921875000000
0.305419921875000000
0.305419921875000000
0.305419921875000000
0.305419921875000000
0.305419921875000000
0.305419862270355225
0.305419862270355225
0.305419862270355225
0.305419862270355225
0.305419862270355225
0.305419862270355225
0.305419862270355225
0.305419862270355225
0.305419862270355225
0.305419862270355225
0.305419862270355225
0.305419862270355225
0.305419921875000000
0.305419862270355225
0.305419862270355225
0.305419862270355225
0.305419862270355225
0.305419862270355225
0.305419862270355225
0.305419862270355225
0.305419862270355225
0.305419862270355225
0.305419862270355225
0.305419862270355225
0.305419862270355225
0.305419921875000000
0.305419862270355225
0.305419862270355225
0.305419862270355225
0.305419862270355225
0.305419862270355225
0.305419862270355225
0.305419862270355225
0.305419862270355225
0.305419862270355225
0.305419862270355225
0.305419862270355225
0.305419862270355225
0.305419921875000000
0.305419862270355225
0.305419862270355225
0.305419862270355225
0.305419862270355225
0.305419862270355225
0.305419862270355225
0.305419862270355225
0.305419862270355225
0.305419862270355225
0.305419862270355225
0.305419862270355225
0.305419862270355225
0.305419921875000000
0.305419862270355225
0.305419862270355225
0.305419862270355225
0.305419862270355225
0.305419862270355225
0.305419862270355225
0.305419862270355225
0.305419862270355225
0.305419862270355225
0.305419862270355225
0.305419862270355225
0.305419862270355225
0.305419921875000000
0.305419862270355225
0.305419862270355225
0.305419862270355225
0.305419862270355225
0.305419862270355225
0.305419862270355225
0.305419862270355225
0.305419862270355225
0.305419862270355225
0.305419862270355225
0.305419862270355225
0.305419862270355225
0.289794951677322388
0.289795041084289551
0.289795041084289551
0.289795070886611938
0.289795070886611938
0.289795070886611938
0.289795070886611938
0.289795070886611938
0.289795070886611938
0.289795070886611938
0.289795070886611938
0.289795070886611938
0.289795041084289551
0.289795011281967163
0.289795130491256714
0.289795160293579102
0.289795160293579102
0.289795190095901489
0.289795160293579102
0.289795160293579102
0.289795160293579102
0.289795160293579102
0.289795160293579102
0.289795160293579102
0.289795190095901489
0.289795130491256714
0.289795041084289551
0.289795160293579102
0.289795160293579102
0.289795160293579102
0.289795190095901489
0.289795190095901489
0.289795190095901489
0.289795160293579102
0.289795160293579102
0.289795160293579102
0.289795160293579102
0.289795190095901489
0.289795130491256714
0.289795041084289551
0.289795160293579102
0.289795160293579102
0.289795160293579102
0.289795160293579102
0.289795160293579102
0.289795160293579102
0.289795160293579102
0.289795160293579102
0.289795160293579102
0.289795160293579102
0.289795160293579102
0.289795100688934326
0.289795011281967163
0.289795130491256714
0.289795160293579102
0.289795160293579102
0.289795160293579102
0.289795160293579102
0.289795160293579102
0.289795160293579102
0.289795160293579102
0.289795160293579102
0.289795160293579102
0.289795160293579102
0.289795100688934326
0.289795011281967163
0.289795130491256714
0.289795160293579102
0.289795160293579102
0.289795160293579102
0.289795160293579102
0.289795160293579102
0.289795190095901489
0.289795160293579102
0.289795160293579102
0.289795160293579102
0.289795160293579102
0.289795130491256714
0.289794981479644775
0.289795130491256714
0.289795160293579102
0.289795160293579102
0.289795130491256714
0.289795160293579102
0.289795160293579102
0.289795190095901489
0.289795190095901489
0.289795160293579102
0.289795130491256714
0.289795160293579102
0.289795130491256714
0.747070312500000000
0.747070312500000000
0.747070312500000000
0.747070312500000000
0.747070312500000000
0.747070312500000000
0.747070312500000000
0.747070312500000000
0.747070312500000000
0.747070312500000000
0.747070312500000000
0.747070312500000000
0.747070312500000000
0.747070312500000000
0.747070312500000000
0.747070312500000000
0.747070312500000000
0.747070312500000000
0.747070312500000000
0.747070312500000000
0.747070312500000000
0.747070312500000000
0.747070312500000000
0.747070312500000000
0.747070312500000000
0.747070312500000000
0.747070312500000000
0.747070312500000000
0.747070312500000000
0.747070312500000000
0.747070312500000000
0.747070312500000000
0.747070312500000000
0.747070312500000000
0.747070312500000000
0.747070312500000000
0.747070312500000000
0.747070312500000000
0.747070312500000000
0.747070312500000000
0.747070312500000000
0.747070312500000000
0.747070312500000000
0.747070312500000000
0.747070312500000000
0.747070312500000000
0.747070312500000000
0.747070312500000000
0.747070312500000000
0.747070312500000000
0.747070312500000000
0.747070312500000000
0.747070312500000000
0.747070312500000000
0.747070312500000000
0.747070312500000000
0.747070312500000000
0.747070312500000000
0.747070312500000000
0.747070312500000000
0.747070312500000000
0.747070312500000000
0.747070312500000000
0.747070312500000000
0.747070312500000000
0.747070312500000000
0.747070312500000000
0.747070312500000000
0.747070312500000000
0.747070312500000000
0.747070312500000000
0.747070312500000000
0.747070312500000000
0.747070312500000000
0.747070312500000000
0.747070312500000000
0.747070312500000000
0.747070312500000000
0.747070312500000000
0.747070312500000000
0.747070312500000000
0.747070312500000000
0.747070312500000000
0.747070312500000000
0.747070312500000000
0.747070312500000000
0.747070312500000000
0.747070312500000000
0.747070312500000000
0.747070312500000000
0.747070312500000000
-0.014899086207151413
-0.014792267233133316
-0.014792294241487980
-0.014792337082326412
-0.014792394824326038
-0.014792405068874359
-0.014792303554713726
-0.014792321249842644
-0.014792325906455517
-0.014792344532907009
-0.014792351983487606
-0.014792275615036488
-0.014792453497648239
-0.015084022656083107
-0.015011148527264595
-0.015011179260909557
-0.015011224895715714
-0.015011209063231945
-0.015011279843747616
-0.015011295676231384
-0.015011279843747616
-0.015011240728199482
-0.015011252835392952
-0.015011342242360115
-0.015011169016361237
-0.015011026524007320
-0.015084261074662209
-0.015011384151875973
-0.015011291950941086
-0.015011334791779518
-0.015011227689683437
-0.015011234208941460
-0.015011261217296124
-0.015011304989457130
-0.015011320821940899
-0.015011310577392578
-0.015011341311037540
-0.015010923147201538
-0.015011160634458065
-0.015084263868629932
-0.015011325478553772
-0.015011106617748737
-0.015011303126811981
-0.015011303126811981
-0.015011300332844257
-0.015011284500360489
-0.015011237934231758
-0.015011237002909184
-0.015011291950941086
-0.015011364594101906
-0.015010955743491650
-0.015010897070169449
-0.015084224753081799
-0.015011380426585674
-0.015011322684586048
-0.015011302195489407
-0.015011136420071125
-0.015011194162070751
-0.015011315234005451
-0.015011295676231384
-0.015011288225650787
-0.015011281706392765
-0.015011368319392204
-0.015010983683168888
-0.015010838396847248
-0.015084206126630306
-0.015011372976005077
-0.015011208131909370
-0.015011323615908623
-0.015011315234005451
-0.015011289156973362
-0.015011295676231384
-0.015011327341198921
-0.015011310577392578
-0.015011237002909184
-0.015011291019618511
-0.015011013485491276
-0.015011127106845379
-0.015084223821759224
-0.015011447481811047
-0.015011293813586235
-0.015011348761618137
-0.015011395327746868
-0.015011311508715153
-0.015011213719844818
-0.015011369250714779
-0.015011456795036793
-0.015011345967650414
-0.015011396259069443
-0.015011095441877842
-0.015010833740234375
0.153828367590904236
0.153823912143707275
0.153823927044868469
0.153823927044868469
0.153823927044868469
0.153823927044868469
0.153823927044868469
0.153823927044868469
0.153823927044868469
0.153823927044868469
0.153823927044868469
0.153823927044868469
0.153823927044868469
0.153823658823966980
0.153814256191253662
0.153814271092414856
0.153814271092414856
0.153814271092414856
0.153814271092414856
0.153814271092414856
0.153814271092414856
0.153814271092414856
0.153814271092414856
0.153814271092414856
0.153814271092414856
0.153814271092414856
0.153823658823966980
0.153814271092414856
0.153814271092414856
0.153814271092414856
0.153814271092414856
0.153814271092414856
0.153814271092414856
0.153814271092414856
0.153814271092414856
0.153814271092414856
0.153814271092414856
0.153814271092414856
0.153814271092414856
0.153823658823966980
0.153814271092414856
0.153814271092414856
0.153814271092414856
0.153814271092414856
0.153814271092414856
0.153814271092414856
0.153814271092414856
0.153814271092414856
0.153814271092414856
0.153814271092414856
0.153814271092414856
0.153814271092414856
0.153823658823966980
0.153814271092414856
0.153814271092414856
0.153814271092414856
0.153814271092414856
0.153814271092414856
0.153814271092414856
0.153814271092414856
0.153814271092414856
0.153814271092414856
0.153814271092414856
0.153814271092414856
0.153814271092414856
0.153823658823966980
0.153814256191253662
0.153814271092414856
0.153814271092414856
0.153814271092414856
0.153814271092414856
0.153814271092414856
0.153814271092414856
0.153814271092414856
0.153814271092414856
0.153814271092414856
0.153814271092414856
0.153814271092414856
0.153823658823966980
0.153814256191253662
0.153814271092414856
0.153814271092414856
0.153814271092414856
0.153814271092414856
0.153814271092414856
0.153814271092414856
0.153814271092414856
0.153814271092414856
0.153814271092414856
0.153814271092414856
0.153814271092414856
0.105773925781250000
0.105773925781250000
0.105773925781250000
0.105773925781250000
0.105773925781250000
0.105773925781250000
0.105773925781250000
0.105773925781250000
0.105773925781250000
0.105773925781250000
0.105773925781250000
0.105773925781250000
0.105773925781250000
0.105773925781250000
0.105773925781250000
0.105773925781250000
0.105773925781250000
0.105773925781250000
0.105773925781250000
0.105773925781250000
0.105773925781250000
0.105773925781250000
0.105773925781250000
0.105773925781250000
0.105773925781250000
0.105773925781250000
0.105773925781250000
0.105773925781250000
0.105773925781250000
0.105773925781250000
0.105773925781250000
0.105773925781250000
0.105773925781250000
0.105773925781250000
0.105773925781250000
0.105773925781250000
0.105773925781250000
0.105773925781250000
0.105773925781250000
0.105773925781250000
0.105773925781250000
0.105773925781250000
0.105773925781250000
0.105773925781250000
0.105773925781250000
0.105773925781250000
0.105773925781250000
0.105773925781250000
0.105773925781250000
0.105773925781250000
0.105773925781250000
0.105773925781250000
0.105773925781250000
0.105773925781250000
0.105773925781250000
0.105773925781250000
0.105773925781250000
0.105773925781250000
0.105773925781250000
0.105773925781250000
0.105773925781250000
0.105773925781250000
0.105773925781250000
0.105773925781250000
0.105773925781250000
0.105773925781250000
0.105773925781250000
0.105773925781250000
0.105773925781250000
0.105773925781250000
0.105773925781250000
0.105773925781250000
0.105773925781250000
0.105773925781250000
0.105773925781250000
0.105773925781250000
0.105773925781250000
0.105773925781250000
0.105773925781250000
0.105773925781250000
0.105773925781250000
0.105773925781250000
0.105773925781250000
0.105773925781250000
0.105773925781250000
0.105773925781250000
0.105773925781250000
0.105773925781250000
0.105773925781250000
0.105773925781250000
0.105773925781250000
0.280956536531448364
0.283767849206924438
0.283694475889205933
0.283712327480316162
0.283729135990142822
0.283740967512130737
0.283752828836441040
0.283718496561050415
0.283719927072525024
0.283712029457092285
0.283696889877319336
0.283695340156555176
0.283666729927062988
0.279334872961044312
0.282635092735290527
0.282620280981063843
0.282589048147201538
0.282597869634628296
0.282599389553070068
0.282632112503051758
0.282611846923828125
0.282573699951171875
0.282613039016723633
0.282591551542282104
0.282648324966430664
0.282544195652008057
0.279404431581497192
0.282632887363433838
0.282621741294860840
0.282612144947052002
0.282611399888992310
0.282680928707122803
0.282686680555343628
0.282627820968627930
0.282625854015350342
0.282617092132568359
0.282619953155517578
0.282631069421768188
0.282685339450836182
0.279339522123336792
0.282634377479553223
0.282715350389480591
0.282599568367004395
0.282592892646789551
0.282575786113739014
0.282632231712341309
0.282630294561386108
0.282643973827362061
0.282617449760437012
0.282615810632705688
0.282607644796371460
0.282606065273284912
0.279393851757049561
0.282534509897232056
0.282687127590179443
0.282618403434753418
0.282618582248687744
0.282612264156341553
0.282612204551696777
0.282599806785583496
0.282624691724777222
0.282613456249237061
0.282614290714263916
0.282632470130920410
0.282682597637176514
0.279390722513198853
0.282591670751571655
0.282632529735565186
0.282613277435302734
0.282620996236801147
0.282630890607833862
0.282617956399917603
0.282610327005386353
0.282619893550872803
0.282662421464920044
0.282617717981338501
0.282601296901702881
0.282623261213302612
0.279374539852142334
0.282605767250061035
0.282595992088317871
0.282601922750473022
0.282597273588180542
0.282604604959487915
0.282605916261672974
0.282600283622741699
0.282599389553070068
0.282637000083923340
0.282590419054031372
0.282615631818771362
0.282590687274932861
0.395019650459289551
0.395019590854644775
0.395019620656967163
0.395019590854644775
0.395019590854644775
0.395019590854644775
0.395019620656967163
0.395019620656967163
0.395019620656967163
0.395019620656967163
0.395019620656967163
0.395019620656967163
0.395019620656967163
0.395019620656967163
0.395019590854644775
0.395019590854644775
0.395019561052322388
0.395019561052322388
0.395019561052322388
0.395019561052322388
0.395019561052322388
0.395019561052322388
0.395019561052322388
0.395019561052322388
0.395019590854644775
0.395019561052322388
0.395019620656967163
0.395019590854644775
0.395019590854644775
0.395019561052322388
0.395019561052322388
0.395019561052322388
0.395019561052322388
0.395019561052322388
0.395019561052322388
0.395019561052322388
0.395019590854644775
0.395019590854644775
0.395019561052322388
0.395019620656967163
0.395019590854644775
0.395019590854644775
0.395019561052322388
0.395019561052322388
0.395019561052322388
0.395019561052322388
0.395019561052322388
0.395019561052322388
0.395019561052322388
0.395019590854644775
0.395019590854644775
0.395019561052322388
0.395019620656967163
0.395019590854644775
0.395019590854644775
0.395019561052322388
0.395019561052322388
0.395019561052322388
0.395019561052322388
0.395019561052322388
0.395019561052322388
0.395019590854644775
0.395019590854644775
0.395019590854644775
0.395019561052322388
0.395019620656967163
0.395019590854644775
0.395019590854644775
0.395019561052322388
0.395019561052322388
0.395019561052322388
0.395019561052322388
0.395019561052322388
0.395019561052322388
0.395019561052322388
0.395019590854644775
0.395019590854644775
0.395019561052322388
0.395019620656967163
0.395019590854644775
0.395019590854644775
0.395019590854644775
0.395019590854644775
0.395019590854644775
0.395019590854644775
0.395019590854644775
0.395019590854644775
0.395019590854644775
0.395019590854644775
0.395019590854644775
0.395019561052322388
-0.034179687500000000
-0.034179687500000000
-0.034179687500000000
-0.034179687500000000
-0.034179687500000000
-0.034179687500000000
-0.034179687500000000
-0.034179687500000000
-0.034179687500000000
-0.034179687500000000
-0.034179687500000000
-0.034179687500000000
-0.034179687500000000
-0.034179687500000000
-0.034179687500000000
-0.034179687500000000
-0.034179687500000000
-0.034179687500000000
-0.034179687500000000
-0.034179687500000000
-0.034179687500000000
-0.034179687500000000
-0.034179687500000000
-0.034179687500000000
-0.034179687500000000
-0.034179687500000000
-0.034179687500000000
-0.034179687500000000
-0.034179687500000000
-0.034179687500000000
-0.034179687500000000
-0.034179687500000000
-0.034179687500000000
-0.034179687500000000
-0.034179687500000000
-0.034179687500000000
-0.034179687500000000
-0.034179687500000000
-0.034179687500000000
-0.034179687500000000
-0.034179687500000000
-0.034179687500000000
-0.034179687500000000
-0.034179687500000000
-0.034179687500000000
-0.034179687500000000
-0.034179687500000000
-0.034179687500000000
-0.034179687500000000
-0.034179687500000000
-0.034179687500000000
-0.034179687500000000
-0.034179687500000000
-0.034179687500000000
-0.034179687500000000
-0.034179687500000000
-0.034179687500000000
-0.034179687500000000
-0.034179687500000000
-0.034179687500000000
-0.034179687500000000
-0.034179687500000000
-0.034179687500000000
-0.034179687500000000
-0.034179687500000000
-0.034179687500000000
-0.034179687500000000
-0.034179687500000000
-0.034179687500000000
-0.034179687500000000
-0.034179687500000000
-0.034179687500000000
-0.034179687500000000
-0.034179687500000000
-0.034179687500000000
-0.034179687500000000
-0.034179687500000000
-0.034179687500000000
-0.034179687500000000
-0.034179687500000000
-0.034179687500000000
-0.034179687500000000
-0.034179687500000000
-0.034179687500000000
-0.034179687500000000
-0.034179687500000000
-0.034179687500000000
-0.034179687500000000
-0.034179687500000000
-0.034179687500000000
-0.034179687500000000
-0.992005527019500732
-0.992585361003875732
-0.992585361003875732
-0.992585361003875732
-0.992585361003875732
-0.992585361003875732
-0.992585361003875732
-0.992585361003875732
-0.992585361003875732
-0.992585361003875732
-0.992585361003875732
-0.992585361003875732
-0.992585361003875732
-0.991664230823516846
-0.992303669452667236
-0.992303669452667236
-0.992303669452667236
-0.992303669452667236
-0.992303669452667236
-0.992303669452667236
-0.992303669452667236
-0.992303669452667236
-0.992303669452667236
-0.992303669452667236
-0.992303669452667236
-0.992303669452667236
-0.991664230823516846
-0.992303609848022461
-0.992303669452667236
-0.992303669452667236
-0.992303669452667236
-0.992303669452667236
-0.992303669452667236
-0.992303669452667236
-0.992303669452667236
-0.992303669452667236
-0.992303669452667236
-0.992303669452667236
-0.992303669452667236
-0.991664230823516846
-0.992303609848022461
-0.992303669452667236
-0.992303669452667236
-0.992303669452667236
-0.992303669452667236
-0.992303669452667236
-0.992303669452667236
-0.992303669452667236
-0.992303669452667236
-0.992303669452667236
-0.992303669452667236
-0.992303669452667236
-0.991664230823516846
-0.992303609848022461
-0.992303669452667236
-0.992303669452667236
-0.992303669452667236
-0.992303669452667236
-0.992303669452667236
-0.992303669452667236
-0.992303669452667236
-0.992303669452667236
-0.992303669452667236
-0.992303669452667236
-0.992303669452667236
-0.991664230823516846
-0.992303609848022461
-0.992303669452667236
-0.992303669452667236
-0.992303669452667236
-0.992303669452667236
-0.992303669452667236
-0.992303669452667236
-0.992303669452667236
-0.992303669452667236
-0.992303669452667236
-0.992303669452667236
-0.992303669452667236
-0.991664230823516846
-0.992303609848022461
-0.992303669452667236
-0.992303669452667236
-0.992303669452667236
-0.992303669452667236
-0.992303669452667236
-0.992303669452667236
-0.992303669452667236
-0.992303669452667236
-0.992303669452667236
-0.992303669452667236
-0.992303669452667236
0.384521514177322388
0.384521514177322388
0.384521514177322388
0.384521514177322388
0.384521514177322388
0.384521514177322388
0.384521514177322388
0.384521514177322388
0.384521514177322388
0.384521514177322388
0.384521514177322388
0.384521514177322388
0.384521514177322388
0.384521514177322388
0.384521514177322388
0.384521514177322388
0.384521514177322388
0.384521514177322388
0.384521514177322388
0.384521514177322388
0.384521514177322388
0.384521514177322388
0.384521514177322388
0.384521514177322388
0.384521514177322388
0.384521514177322388
0.384521514177322388
0.384521514177322388
0.384521514177322388
0.384521514177322388
0.384521514177322388
0.384521514177322388
0.384521514177322388
0.384521514177322388
0.384521514177322388
0.384521514177322388
0.384521514177322388
0.384521514177322388
0.384521514177322388
0.384521514177322388
0.384521514177322388
0.384521514177322388
0.384521514177322388
0.384521514177322388
0.384521514177322388
0.384521514177322388
0.384521514177322388
0.384521514177322388
0.384521514177322388
0.384521514177322388
0.384521514177322388
0.384521514177322388
0.384521514177322388
0.384521514177322388
0.384521514177322388
0.384521514177322388
0.384521514177322388
0.384521514177322388
0.384521514177322388
0.384521514177322388
0.384521514177322388
0.384521514177322388
0.384521514177322388
0.384521514177322388
0.384521514177322388
0.384521514177322388
0.384521514177322388
0.384521514177322388
0.384521514177322388
0.384521514177322388
0.384521514177322388
0.384521514177322388
0.384521514177322388
0.384521514177322388
0.384521514177322388
0.384521514177322388
0.384521514177322388
0.384521514177322388
0.384521514177322388
0.384521514177322388
0.384521514177322388
0.384521514177322388
0.384521514177322388
0.384521514177322388
0.384521514177322388
0.384521514177322388
0.384521514177322388
0.384521514177322388
0.384521514177322388
0.384521514177322388
0.384521514177322388
1.099609732627868652
1.099609732627868652
1.099609732627868652
1.099609732627868652
1.099609732627868652
1.099609613418579102
1.099609732627868652
1.099609732627868652
1.099609732627868652
1.099609732627868652
1.099609732627868652
1.099609732627868652
1.099609732627868652
1.099609613418579102
1.099609613418579102
1.099609613418579102
1.099609613418579102
1.099609613418579102
1.099609494209289551
1.099609494209289551
1.099609613418579102
1.099609613418579102
1.099609613418579102
1.099609613418579102
1.099609613418579102
1.099609613418579102
1.099609613418579102
1.099609613418579102
1.099609613418579102
1.099609613418579102
1.099609613418579102
1.099609613418579102
1.099609613418579102
1.099609613418579102
1.099609613418579102
1.099609613418579102
1.099609613418579102
1.099609613418579102
1.099609613418579102
1.099609613418579102
1.099609613418579102
1.099609613418579102
1.099609613418579102
1.099609613418579102
1.099609613418579102
1.099609613418579102
1.099609613418579102
1.099609613418579102
1.099609613418579102
1.099609613418579102
1.099609613418579102
1.099609613418579102
1.099609613418579102
1.099609613418579102
1.099609613418579102
1.099609613418579102
1.099609613418579102
1.099609613418579102
1.099609613418579102
1.099609613418579102
1.099609613418579102
1.099609613418579102
1.099609613418579102
1.099609613418579102
1.099609613418579102
1.099609613418579102
1.099609613418579102
1.099609613418579102
1.099609613418579102
1.099609613418579102
1.099609613418579102
1.099609613418579102
1.099609613418579102
1.099609613418579102
1.099609613418579102
1.099609613418579102
1.099609613418579102
1.099609613418579102
1.099609613418579102
1.099609613418579102
1.099609613418579102
1.099609613418579102
1.099609613418579102
1.099609613418579102
1.099609613418579102
1.099609613418579102
1.099609613418579102
1.099609613418579102
1.099609613418579102
1.099609613418579102
1.099609613418579102
-0.239671885967254639
-0.239663913846015930
-0.239663898944854736
-0.239663913846015930
-0.239663928747177124
-0.239663928747177124
-0.239663913846015930
-0.239663928747177124
-0.239663928747177124
-0.239663913846015930
-0.239663928747177124
-0.239663839340209961
-0.239663839340209961
-0.239677950739860535
-0.239670678973197937
-0.239670604467391968
-0.239670604467391968
-0.239670604467391968
-0.239670604467391968
-0.239670604467391968
-0.239670604467391968
-0.239670634269714355
-0.239670619368553162
-0.239670619368553162
-0.239670559763908386
-0.239670574665069580
-0.239677995443344116
-0.239670664072036743
-0.239670574665069580
-0.239670589566230774
-0.239670604467391968
-0.239670574665069580
-0.239670589566230774
-0.239670589566230774
-0.239670619368553162
-0.239670604467391968
-0.239670604467391968
-0.239670529961585999
-0.239670589566230774
-0.239677935838699341
-0.239670664072036743
-0.239670589566230774
-0.239670589566230774
-0.239670589566230774
-0.239670574665069580
-0.239670589566230774
-0.239670604467391968
-0.239670589566230774
-0.239670604467391968
-0.239670589566230774
-0.239670529961585999
-0.239670515060424805
-0.239677980542182922
-0.239670634269714355
-0.239670574665069580
-0.239670619368553162
-0.239670619368553162
-0.239670604467391968
-0.239670589566230774
-0.239670604467391968
-0.239670604467391968
-0.239670604467391968
-0.239670604467391968
-0.239670544862747192
-0.239670515060424805
-0.239677995443344116
-0.239670664072036743
-0.239670574665069580
-0.239670589566230774
-0.239670604467391968
-0.239670604467391968
-0.239670604467391968
-0.239670589566230774
-0.239670604467391968
-0.239670589566230774
-0.239670589566230774
-0.239670559763908386
-0.239670500159263611
-0.239678055047988892
-0.239670678973197937
-0.239670634269714355
-0.239670649170875549
-0.239670664072036743
-0.239670619368553162
-0.239670619368553162
-0.239670634269714355
-0.239670664072036743
-0.239670604467391968
-0.239670619368553162
-0.239670619368553162
-0.239670589566230774
-2.166944980621337891
-1.577016592025756836
-1.580431461334228516
-1.555437326431274414
-1.814810037612915039
-1.927577614784240723
-1.540913105010986328
-1.658726215362548828
-1.665232181549072266
-1.478968381881713867
-1.400797724723815918
-1.553734183311462402
-1.083763241767883301
-0.726510763168334961
1.238085746765136719
1.312565326690673828
1.519552230834960938
1.802334785461425781
1.758249759674072266
2.030596256256103516
1.606287002563476562
1.169208049774169922
1.351290225982666016
1.659780502319335938
1.413500785827636719
1.442881584167480469
-1.057675600051879883
0.902980089187622070
1.043772220611572266
0.878190755844116211
0.710883140563964844
0.765766143798828125
1.252824306488037109
0.736850738525390625
1.090057373046875000
1.175759315490722656
0.730196952819824219
0.766329765319824219
1.204490661621093750
-0.842218160629272461
0.710971832275390625
0.763218164443969727
0.776937246322631836
0.985024452209472656
0.717647314071655273
0.883163452148437500
0.968739509582519531
0.856665611267089844
0.674746513366699219
1.043227672576904297
0.907563209533691406
2.025596618652343750
-0.984687566757202148
0.653468370437622070
1.292678833007812500
0.814949274063110352
0.948469161987304688
0.471839904785156250
0.599424362182617188
0.862081289291381836
1.045729160308837891
0.814590454101562500
1.125221252441406250
1.190338611602783203
2.156223773956298828
-1.285003304481506348
0.931414127349853516
0.858492612838745117
0.861701488494873047
1.369929790496826172
1.279949188232421875
1.067796230316162109
0.558381557464599609
0.708654403686523438
0.942206859588623047
0.830545186996459961
0.569218635559082031
2.085134506225585938
-1.481212139129638672
1.013303756713867188
0.800638437271118164
0.519146680831909180
0.138329982757568359
0.813401937484741211
0.456640243530273438
0.426486730575561523
0.394393444061279297
0.606406688690185547
1.069168567657470703
1.060475349426269531
1.366426944732666016
0.498368948698043823
0.488948673009872437
0.482394456863403320
0.481933176517486572
0.482417136430740356
0.486267983913421631
0.483480930328369141
0.486445397138595581
0.484358161687850952
0.483386576175689697
0.487305939197540283
0.467700779438018799
0.484488874673843384
0.505347073078155518
0.484622269868850708
0.477002918720245361
0.476538389921188354
0.471913754940032959
0.475214183330535889
0.475069284439086914
0.474150270223617554
0.475372195243835449
0.474082887172698975
0.476473093032836914
0.447410821914672852
0.496626913547515869
0.506770133972167969
0.478235721588134766
0.479834377765655518
0.477446407079696655
0.471326112747192383
0.470709204673767090
0.471477359533309937
0.472257405519485474
0.473540484905242920
0.472345143556594849
0.476015508174896240
0.445465296506881714
0.507989645004272461
0.506526648998260498
0.481221765279769897
0.473298072814941406
0.475626647472381592
0.471198707818984985
0.469421565532684326
0.475975573062896729
0.473654508590698242
0.471375048160552979
0.472217321395874023
0.478441059589385986
0.446327477693557739
0.497488468885421753
0.505850613117218018
0.481678456068038940
0.475956737995147705
0.473788768053054810
0.471830785274505615
0.471435397863388062
0.474625319242477417
0.474322795867919922
0.472820341587066650
0.471488773822784424
0.476363033056259155
0.445765674114227295
0.501199424266815186
0.509261131286621094
0.483116000890731812
0.477158099412918091
0.475689888000488281
0.474057465791702271
0.475664079189300537
0.470582783222198486
0.477710634469985962
0.474898606538772583
0.474862188100814819
0.476509630680084229
0.443904817104339600
0.493293374776840210
0.508081555366516113
0.486162304878234863
0.477822095155715942
0.475286424160003662
0.478684902191162109
0.476970016956329346
0.470731616020202637
0.479921460151672363
0.473202824592590332
0.480527043342590332
0.481831282377243042
0.456241726875305176
0.486053138971328735
-1.129313945770263672
-1.129145741462707520
-1.129154324531555176
-1.129140853881835938
-1.129142284393310547
-1.129143953323364258
-1.129151582717895508
-1.129154086112976074
-1.129145264625549316
-1.129148840904235840
-1.129140853881835938
-1.129152894020080566
-1.129144668579101562
-1.129260063171386719
-1.128930091857910156
-1.128959059715270996
-1.128951907157897949
-1.128952145576477051
-1.128933906555175781
-1.128926634788513184
-1.128935098648071289
-1.128943562507629395
-1.128942847251892090
-1.128938436508178711
-1.128966331481933594
-1.128947615623474121
-1.129256248474121094
-1.128949642181396484
-1.128971815109252930
-1.128962039947509766
-1.128948211669921875
-1.128936409950256348
-1.128949642181396484
-1.128951549530029297
-1.128965854644775391
-1.128967285156250000
-1.128962278366088867
-1.128959298133850098
-1.128930330276489258
-1.129263401031494141
-1.128956794738769531
-1.128973245620727539
-1.128965973854064941
-1.128937482833862305
-1.128951311111450195
-1.128945231437683105
-1.128955721855163574
-1.128952503204345703
-1.128960728645324707
-1.128955125808715820
-1.128963708877563477
-1.128928899765014648
-1.129258275032043457
-1.128949761390686035
-1.128950119018554688
-1.128965854644775391
-1.128945231437683105
-1.128952860832214355
-1.128949761390686035
-1.128949165344238281
-1.128952264785766602
-1.128953933715820312
-1.128969192504882812
-1.128961563110351562
-1.128938317298889160
-1.129265546798706055
-1.128964066505432129
-1.128979206085205078
-1.128974556922912598
-1.128962993621826172
-1.128963828086853027
-1.128963828086853027
-1.128952503204345703
-1.128962516784667969
-1.128956675529479980
-1.128956556320190430
-1.128956437110900879
-1.128921151161193848
-1.129250884056091309
-1.128965258598327637
-1.128983736038208008
-1.128960967063903809
-1.128940343856811523
-1.128959536552429199
-1.128972172737121582
-1.128971099853515625
-1.128956675529479980
-1.128949522972106934
-1.128968358039855957
-1.128992676734924316
-1.128957986831665039
-0.392576664686203003
-0.392576873302459717
-0.392576873302459717
-0.392576873302459717
-0.392576873302459717
-0.392576873302459717
-0.392576873302459717
-0.392576873302459717
-0.392576873302459717
-0.392576873302459717
-0.392576873302459717
-0.392576873302459717
-0.392576873302459717
-0.392576754093170166
-0.392577081918716431
-0.392577081918716431
-0.392577081918716431
-0.392577081918716431
-0.392577081918716431
-0.392577081918716431
-0.392577081918716431
-0.392577081918716431
-0.392577081918716431
-0.392577081918716431
-0.392577081918716431
-0.392577081918716431
-0.392576754093170166
-0.392577081918716431
-0.392577081918716431
-0.392577081918716431
-0.392577081918716431
-0.392577081918716431
-0.392577081918716431
-0.392577081918716431
-0.392577081918716431
-0.392577081918716431
-0.392577081918716431
-0.392577081918716431
-0.392577081918716431
-0.392576754093170166
-0.392577081918716431
-0.392577081918716431
-0.392577081918716431
-0.392577081918716431
-0.392577081918716431
-0.392577081918716431
-0.392577081918716431
-0.392577081918716431
-0.392577081918716431
-0.392577081918716431
-0.392577081918716431
-0.392577081918716431
-0.392576754093170166
-0.392577081918716431
-0.392577081918716431
-0.392577081918716431
-0.392577081918716431
-0.392577081918716431
-0.392577081918716431
-0.392577081918716431
-0.392577081918716431
-0.392577081918716431
-0.392577081918716431
-0.392577081918716431
-0.392577081918716431
-0.392576754093170166
-0.392577081918716431
-0.392577081918716431
-0.392577081918716431
-0.392577081918716431
-0.392577081918716431
-0.392577081918716431
-0.392577081918716431
-0.392577081918716431
-0.392577081918716431
-0.392577081918716431
-0.392577081918716431
-0.392577081918716431
-0.392576754093170166
-0.392577081918716431
-0.392577081918716431
-0.392577081918716431
-0.392577081918716431
-0.392577081918716431
-0.392577081918716431
-0.392577081918716431
-0.392577081918716431
-0.392577081918716431
-0.392577081918716431
-0.392577081918716431
-0.392577081918716431
-0.199172675609588623
-0.199135512113571167
-0.199135929346084595
-0.199136778712272644
-0.199137672781944275
-0.199137747287750244
-0.199136629700660706
-0.199136510491371155
-0.199136406183242798
-0.199136987328529358
-0.199136883020401001
-0.199136376380920410
-0.199138492345809937
-0.199140682816505432
-0.199080109596252441
-0.199082463979721069
-0.199083268642425537
-0.199083149433135986
-0.199067801237106323
-0.199067354202270508
-0.199066951870918274
-0.199083238840103149
-0.199083819985389709
-0.199082493782043457
-0.199081987142562866
-0.199086606502532959
-0.199140712618827820
-0.199079424142837524
-0.199082702398300171
-0.199083536863327026
-0.199082538485527039
-0.199082762002944946
-0.199081718921661377
-0.199070274829864502
-0.199083119630813599
-0.199082866311073303
-0.199082285165786743
-0.199082657694816589
-0.199086740612983704
-0.199140414595603943
-0.199079245328903198
-0.199083030223846436
-0.199066430330276489
-0.199059754610061646
-0.199081107974052429
-0.199080318212509155
-0.199082747101783752
-0.199083074927330017
-0.199083641171455383
-0.199082702398300171
-0.199082642793655396
-0.199065029621124268
-0.199140653014183044
-0.199079766869544983
-0.199081778526306152
-0.199079722166061401
-0.199074387550354004
-0.199084028601646423
-0.199083626270294189
-0.199082762002944946
-0.199082642793655396
-0.199083358049392700
-0.199082866311073303
-0.199082747101783752
-0.199085131287574768
-0.199140921235084534
-0.199079677462577820
-0.199082419276237488
-0.199083462357521057
-0.199082821607589722
-0.199082970619201660
-0.199083596467971802
-0.199084237217903137
-0.199083104729652405
-0.199082747101783752
-0.199083030223846436
-0.199082687497138977
-0.199084907770156860
-0.199141025543212891
-0.199079141020774841
-0.199078112840652466
-0.199082016944885254
-0.199081987142562866
-0.199081942439079285
-0.199081346392631531
-0.199084520339965820
-0.199083283543586731
-0.199082449078559875
-0.199075177311897278
-0.199079468846321106
-0.199082031846046448
-0.258300811052322388
-0.258299320936203003
-0.258299767971038818
-0.258299648761749268
-0.258299559354782104
-0.258299618959426880
-0.258299469947814941
-0.258299410343170166
-0.258299499750137329
-0.258299529552459717
-0.258299499750137329
-0.258299440145492554
-0.258299112319946289
-0.258301168680191040
-0.258298873901367188
-0.258299350738525391
-0.258299082517623901
-0.258298784494400024
-0.258298546075820923
-0.258298248052597046
-0.258297801017761230
-0.258298069238662720
-0.258298963308334351
-0.258298695087432861
-0.258298546075820923
-0.258297860622406006
-0.258301407098770142
-0.258298724889755249
-0.258299767971038818
-0.258300304412841797
-0.258300334215164185
-0.258298754692077637
-0.258298337459564209
-0.258298903703689575
-0.258299380540847778
-0.258299350738525391
-0.258298993110656738
-0.258299618959426880
-0.258298546075820923
-0.258302181959152222
-0.258299946784973145
-0.258298426866531372
-0.258298695087432861
-0.258299678564071655
-0.258300036191940308
-0.258300006389617920
-0.258299827575683594
-0.258300483226776123
-0.258300304412841797
-0.258299022912979126
-0.258298277854919434
-0.258298635482788086
-0.258302867412567139
-0.258300811052322388
-0.258299231529235840
-0.258298844099044800
-0.258298903703689575
-0.258299231529235840
-0.258299618959426880
-0.258300423622131348
-0.258299618959426880
-0.258300334215164185
-0.258300572633743286
-0.258299320936203003
-0.258299440145492554
-0.258302897214889526
-0.258300393819808960
-0.258299469947814941
-0.258300185203552246
-0.258300274610519409
-0.258299499750137329
-0.258299857378005981
-0.258300274610519409
-0.258299171924591064
-0.258299350738525391
-0.258299678564071655
-0.258299589157104492
-0.258299201726913452
-0.258303046226501465
-0.258299827575683594
-0.258298635482788086
-0.258299142122268677
-0.258300572633743286
-0.258299022912979126
-0.258298695087432861
-0.258298665285110474
-0.258298993110656738
-0.258298546075820923
-0.258299022912979126
-0.258299618959426880
-0.258298903703689575
0.178957045078277588
0.178956806659698486
0.178956806659698486
0.178956806659698486
0.178956806659698486
0.178956806659698486
0.178956806659698486
0.178956806659698486
0.178956806659698486
0.178956806659698486
0.178956806659698486
0.178956806659698486
0.178956806659698486
0.178954288363456726
0.178952544927597046
0.178952544927597046
0.178952544927597046
0.178952544927597046
0.178952544927597046
0.178952544927597046
0.178952544927597046
0.178952544927597046
0.178952544927597046
0.178952544927597046
0.178952544927597046
0.178952530026435852
0.178954288363456726
0.178952544927597046
0.178952544927597046
0.178952544927597046
0.178952544927597046
0.178952544927597046
0.178952544927597046
0.178952544927597046
0.178952544927597046
0.178952544927597046
0.178952544927597046
0.178952544927597046
0.178952530026435852
0.178954288363456726
0.178952544927597046
0.178952544927597046
0.178952544927597046
0.178952544927597046
0.178952544927597046
0.178952544927597046
0.178952544927597046
0.178952544927597046
0.178952544927597046
0.178952544927597046
0.178952544927597046
0.178952530026435852
0.178954288363456726
0.178952544927597046
0.178952544927597046
0.178952544927597046
0.178952544927597046
0.178952544927597046
0.178952544927597046
0.178952544927597046
0.178952544927597046
0.178952544927597046
0.178952544927597046
0.178952544927597046
0.178952530026435852
0.178954288363456726
0.178952544927597046
0.178952544927597046
0.178952544927597046
0.178952544927597046
0.178952544927597046
0.178952544927597046
0.178952544927597046
0.178952544927597046
0.178952544927597046
0.178952544927597046
0.178952544927597046
0.178952530026435852
0.178954288363456726
0.178952544927597046
0.178952544927597046
0.178952544927597046
0.178952544927597046
0.178952544927597046
0.178952544927597046
0.178952544927597046
0.178952544927597046
0.178952544927597046
0.178952544927597046
0.178952544927597046
0.178952530026435852
-0.025861669331789017
-0.038642022758722305
-0.038640923798084259
-0.038642041385173798
-0.038642778992652893
-0.038643311709165573
-0.038642808794975281
-0.038641951978206635
-0.038642384111881256
-0.038642145693302155
-0.038642741739749908
-0.038641020655632019
-0.038644079118967056
-0.000227540731430054
-0.007926771417260170
-0.007923966273665428
-0.007924947887659073
-0.007924234494566917
-0.007925409823656082
-0.007926706224679947
-0.007925353944301605
-0.007924605160951614
-0.007925152778625488
-0.007927257567644119
-0.007925143465399742
-0.007918305695056915
-0.000230634585022926
-0.007928263396024704
-0.007924528792500496
-0.007925840094685555
-0.007922884076833725
-0.007922114804387093
-0.007922915741801262
-0.007924288511276245
-0.007925465703010559
-0.007925333455204964
-0.007927162572741508
-0.007922044023871422
-0.007918551564216614
-0.000230787321925163
-0.007927855476737022
-0.007920064032077789
-0.007925545796751976
-0.007926331833004951
-0.007924361154437065
-0.007924281060695648
-0.007923515513539314
-0.007922651246190071
-0.007923526689410210
-0.007926790043711662
-0.007921738550066948
-0.007919473573565483
-0.000229381024837494
-0.007928116247057915
-0.007926290854811668
-0.007926193997263908
-0.007924757897853851
-0.007921297103166580
-0.007923208177089691
-0.007925964891910553
-0.007924836128950119
-0.007924254983663559
-0.007926672697067261
-0.007922274991869926
-0.007918704301118851
-0.000228764489293098
-0.007926657795906067
-0.007921863347291946
-0.007924642413854599
-0.007924513891339302
-0.007924236357212067
-0.007924852892756462
-0.007924988865852356
-0.007925754413008690
-0.007924323901534081
-0.007924661040306091
-0.007921842858195305
-0.007917137816548347
-0.000228382647037506
-0.007929626852273941
-0.007923951372504234
-0.007925141602754593
-0.007926866412162781
-0.007926186546683311
-0.007922293618321419
-0.007923329249024391
-0.007928783074021339
-0.007926493883132935
-0.007928049191832542
-0.007925270125269890
-0.007919436320662498
0.498291581869125366
0.498291730880737305
0.498291730880737305
0.498291730880737305
0.498291730880737305
0.498291730880737305
0.498291730880737305
0.498291730880737305
0.498291730880737305
0.498291730880737305
0.498291730880737305
0.498291730880737305
0.498291730880737305
0.498291373252868652
0.498291462659835815
0.498291462659835815
0.498291462659835815
0.498291462659835815
0.498291462659835815
0.498291462659835815
0.498291462659835815
0.498291462659835815
0.498291462659835815
0.498291462659835815
0.498291462659835815
0.498291462659835815
0.498291373252868652
0.498291462659835815
0.498291462659835815
0.498291462659835815
0.498291462659835815
0.498291462659835815
0.498291462659835815
0.498291462659835815
0.498291462659835815
0.498291462659835815
0.498291462659835815
0.498291462659835815
0.498291462659835815
0.498291373252868652
0.498291462659835815
0.498291462659835815
0.498291462659835815
0.498291462659835815
0.498291462659835815
0.498291462659835815
0.498291462659835815
0.498291462659835815
0.498291462659835815
0.498291462659835815
0.498291462659835815
0.498291462659835815
0.498291373252868652
0.498291462659835815
0.498291462659835815
0.498291462659835815
0.498291462659835815
0.498291462659835815
0.498291462659835815
0.498291462659835815
0.498291462659835815
0.498291462659835815
0.498291462659835815
0.498291462659835815
0.498291462659835815
0.498291373252868652
0.498291462659835815
0.498291462659835815
0.498291462659835815
0.498291462659835815
0.498291462659835815
0.498291462659835815
0.498291462659835815
0.498291462659835815
0.498291462659835815
0.498291462659835815
0.498291462659835815
0.498291462659835815
0.498291373252868652
0.498291462659835815
0.498291462659835815
0.498291462659835815
0.498291462659835815
0.498291462659835815
0.498291462659835815
0.498291462659835815
0.498291462659835815
0.498291462659835815
0.498291462659835815
0.498291462659835815
0.498291462659835815
0.275325566530227661
0.265846639871597290
0.265836000442504883
0.265173077583312988
0.265350610017776489
0.265237420797348022
0.264589756727218628
0.264904946088790894
0.266018062829971313
0.265950143337249756
0.266343861818313599
0.264988273382186890
0.266626387834548950
0.269424200057983398
0.251852095127105713
0.253538846969604492
0.252804666757583618
0.251834958791732788
0.250340580940246582
0.250337928533554077
0.250717073678970337
0.252147704362869263
0.254555195569992065
0.253347814083099365
0.252248585224151611
0.253839910030364990
0.269141763448715210
0.250802248716354370
0.253334432840347290
0.254752516746520996
0.253988564014434814
0.251098632812500000
0.250764816999435425
0.250825732946395874
0.251744389533996582
0.252724319696426392
0.252918660640716553
0.253487735986709595
0.253008335828781128
0.268951773643493652
0.251024365425109863
0.251843720674514771
0.254293739795684814
0.252565056085586548
0.252054303884506226
0.251190215349197388
0.252781331539154053
0.252773791551589966
0.253295183181762695
0.253516376018524170
0.252961695194244385
0.252624511718750000
0.269008129835128784
0.250806748867034912
0.249654814600944519
0.252280592918395996
0.253044366836547852
0.253814756870269775
0.253258764743804932
0.253679573535919189
0.251764237880706787
0.252532094717025757
0.253710061311721802
0.253172606229782104
0.252272665500640869
0.268849223852157593
0.250584304332733154
0.250935912132263184
0.252735495567321777
0.252164155244827271
0.251711398363113403
0.253934949636459351
0.254660248756408691
0.252574503421783447
0.251536339521408081
0.253630906343460083
0.254117399454116821
0.251959800720214844
0.268715769052505493
0.250572115182876587
0.251152426004409790
0.253306865692138672
0.252948492765426636
0.251969933509826660
0.253649592399597168
0.253855019807815552
0.252785891294479370
0.251373916864395142
0.251676738262176514
0.251824796199798584
0.252127349376678467
0.029678344726562500
0.029678344726562500
0.029678344726562500
0.029678344726562500
0.029678344726562500
0.029678344726562500
0.029678344726562500
0.029678344726562500
0.029678344726562500
0.029678344726562500
0.029678344726562500
0.029678344726562500
0.029678344726562500
0.029678344726562500
0.029678344726562500
0.029678344726562500
0.029678344726562500
0.029678344726562500
0.029678344726562500
0.029678344726562500
0.029678344726562500
0.029678344726562500
0.029678344726562500
0.029678344726562500
0.029678344726562500
0.029678344726562500
0.029678344726562500
0.029678344726562500
0.029678344726562500
0.029678344726562500
0.029678344726562500
0.029678344726562500
0.029678344726562500
0.029678344726562500
0.029678344726562500
0.029678344726562500
0.029678344726562500
0.029678344726562500
0.029678344726562500
0.029678344726562500
0.029678344726562500
0.029678344726562500
0.029678344726562500
0.029678344726562500
0.029678344726562500
0.029678344726562500
0.029678344726562500
0.029678344726562500
0.029678344726562500
0.029678344726562500
0.029678344726562500
0.029678344726562500
0.029678344726562500
0.029678344726562500
0.029678344726562500
0.029678344726562500
0.029678344726562500
0.029678344726562500
0.029678344726562500
0.029678344726562500
0.029678344726562500
0.029678344726562500
0.029678344726562500
0.029678344726562500
0.029678344726562500
0.029678344726562500
0.029678344726562500
0.029678344726562500
0.029678344726562500
0.029678344726562500
0.029678344726562500
0.029678344726562500
0.029678344726562500
0.029678344726562500
0.029678344726562500
0.029678344726562500
0.029678344726562500
0.029678344726562500
0.029678344726562500
0.029678344726562500
0.029678344726562500
0.029678344726562500
0.029678344726562500
0.029678344726562500
0.029678344726562500
0.029678344726562500
0.029678344726562500
0.029678344726562500
0.029678344726562500
0.029678344726562500
0.029678344726562500
-0.219116151332855225
-0.219116151332855225
-0.219116151332855225
-0.219116151332855225
-0.219116151332855225
-0.219116151332855225
-0.219116151332855225
-0.219116151332855225
-0.219116151332855225
-0.219116151332855225
-0.219116151332855225
-0.219116151332855225
-0.219116151332855225
-0.219116166234016418
-0.219116151332855225
-0.219116151332855225
-0.219116151332855225
-0.219116151332855225
-0.219116151332855225
-0.219116151332855225
-0.219116151332855225
-0.219116151332855225
-0.219116151332855225
-0.219116151332855225
-0.219116151332855225
-0.219116151332855225
-0.219116166234016418
-0.219116151332855225
-0.219116151332855225
-0.219116151332855225
-0.219116151332855225
-0.219116151332855225
-0.219116151332855225
-0.219116151332855225
-0.219116151332855225
-0.219116151332855225
-0.219116151332855225
-0.219116151332855225
-0.219116151332855225
-0.219116166234016418
-0.219116151332855225
-0.219116151332855225
-0.219116151332855225
-0.219116151332855225
-0.219116151332855225
-0.219116151332855225
-0.219116151332855225
-0.219116151332855225
-0.219116151332855225
-0.219116151332855225
-0.219116151332855225
-0.219116151332855225
-0.219116166234016418
-0.219116151332855225
-0.219116151332855225
-0.219116151332855225
-0.219116151332855225
-0.219116151332855225
-0.219116151332855225
-0.219116151332855225
-0.219116151332855225
-0.219116151332855225
-0.219116151332855225
-0.219116151332855225
-0.219116151332855225
-0.219116166234016418
-0.219116151332855225
-0.219116151332855225
-0.219116151332855225
-0.219116151332855225
-0.219116151332855225
-0.219116151332855225
-0.219116151332855225
-0.219116151332855225
-0.219116151332855225
-0.219116151332855225
-0.219116151332855225
-0.219116151332855225
-0.219116166234016418
-0.219116151332855225
-0.219116151332855225
-0.219116151332855225
-0.219116151332855225
-0.219116151332855225
-0.219116151332855225
-0.219116151332855225
-0.219116151332855225
-0.219116151332855225
-0.219116151332855225
-0.219116151332855225
-0.219116151332855225
-0.362307548522949219
-0.362296789884567261
-0.362296789884567261
-0.362296789884567261
-0.362296789884567261
-0.362296789884567261
-0.362296789884567261
-0.362296789884567261
-0.362296789884567261
-0.362296789884567261
-0.362296789884567261
-0.362296789884567261
-0.362296789884567261
-0.362314343452453613
-0.362303823232650757
-0.362303823232650757
-0.362303823232650757
-0.362303823232650757
-0.362303823232650757
-0.362303823232650757
-0.362303823232650757
-0.362303823232650757
-0.362303823232650757
-0.362303823232650757
-0.362303823232650757
-0.362303823232650757
-0.362314343452453613
-0.362303823232650757
-0.362303823232650757
-0.362303823232650757
-0.362303823232650757
-0.362303823232650757
-0.362303823232650757
-0.362303823232650757
-0.362303823232650757
-0.362303823232650757
-0.362303823232650757
-0.362303823232650757
-0.362303823232650757
-0.362314343452453613
-0.362303823232650757
-0.362303823232650757
-0.362303823232650757
-0.362303823232650757
-0.362303823232650757
-0.362303823232650757
-0.362303823232650757
-0.362303823232650757
-0.362303823232650757
-0.362303823232650757
-0.362303823232650757
-0.362303823232650757
-0.362314343452453613
-0.362303823232650757
-0.362303823232650757
-0.362303823232650757
-0.362303823232650757
-0.362303823232650757
-0.362303823232650757
-0.362303823232650757
-0.362303823232650757
-0.362303823232650757
-0.362303823232650757
-0.362303823232650757
-0.362303823232650757
-0.362314343452453613
-0.362303823232650757
-0.362303823232650757
-0.362303823232650757
-0.362303823232650757
-0.362303823232650757
-0.362303823232650757
-0.362303823232650757
-0.362303823232650757
-0.362303823232650757
-0.362303823232650757
-0.362303823232650757
-0.362303823232650757
-0.362314343452453613
-0.362303823232650757
-0.362303823232650757
-0.362303823232650757
-0.362303823232650757
-0.362303823232650757
-0.362303823232650757
-0.362303823232650757
-0.362303823232650757
-0.362303823232650757
-0.362303823232650757
-0.362303823232650757
-0.362303823232650757
-0.615090906620025635
-0.615065217018127441
-0.615065217018127441
-0.615065217018127441
-0.615065217018127441
-0.615065217018127441
-0.615065217018127441
-0.615065217018127441
-0.615065217018127441
-0.615065217018127441
-0.615065217018127441
-0.615065217018127441
-0.615065217018127441
-0.615276038646697998
-0.615321218967437744
-0.615321218967437744
-0.615321218967437744
-0.615321218967437744
-0.615321218967437744
-0.615321218967437744
-0.615321218967437744
-0.615321218967437744
-0.615321218967437744
-0.615321218967437744
-0.615321218967437744
-0.615321218967437744
-0.615276038646697998
-0.615321218967437744
-0.615321218967437744
-0.615321218967437744
-0.615321218967437744
-0.615321218967437744
-0.615321218967437744
-0.615321218967437744
-0.615321218967437744
-0.615321218967437744
-0.615321218967437744
-0.615321218967437744
-0.615321218967437744
-0.615276038646697998
-0.615321218967437744
-0.615321218967437744
-0.615321218967437744
-0.615321218967437744
-0.615321218967437744
-0.615321218967437744
-0.615321218967437744
-0.615321218967437744
-0.615321218967437744
-0.615321218967437744
-0.615321218967437744
-0.615321218967437744
-0.615276038646697998
-0.615321218967437744
-0.615321218967437744
-0.615321218967437744
-0.615321218967437744
-0.615321218967437744
-0.615321218967437744
-0.615321218967437744
-0.615321218967437744
-0.615321218967437744
-0.615321218967437744
-0.615321218967437744
-0.615321218967437744
-0.615276038646697998
-0.615321218967437744
-0.615321218967437744
-0.615321218967437744
-0.615321218967437744
-0.615321218967437744
-0.615321218967437744
-0.615321218967437744
-0.615321218967437744
-0.615321218967437744
-0.615321218967437744
-0.615321218967437744
-0.615321218967437744
-0.615276038646697998
-0.615321218967437744
-0.615321218967437744
-0.615321218967437744
-0.615321218967437744
-0.615321218967437744
-0.615321218967437744
-0.615321218967437744
-0.615321218967437744
-0.615321218967437744
-0.615321218967437744
-0.615321218967437744
-0.615321218967437744
2.194067478179931641
-2.534004211425781250
-3.236888885498046875
-3.724947929382324219
-3.862648010253906250
-3.976184844970703125
-3.489877700805664062
-2.998804092407226562
-3.218650817871093750
-4.128086090087890625
-3.851995468139648438
-3.732152938842773438
-0.628491401672363281
5.251333713531494141
-0.169299125671386719
-1.203924179077148438
-1.173771858215332031
-1.182778358459472656
-0.800888061523437500
-0.241720199584960938
0.236027717590332031
-0.765031814575195312
-0.884494781494140625
-0.615907669067382812
-0.987398147583007812
1.935093402862548828
4.482589721679687500
-0.117361068725585938
-0.586567878723144531
-0.008747100830078125
-1.015424728393554688
-1.636896133422851562
-1.546583175659179688
-0.814035415649414062
-0.127696990966796875
-0.511970520019531250
-0.461754798889160156
-0.684943199157714844
2.320587158203125000
4.863021373748779297
0.773448944091796875
-0.409950256347656250
0.112140655517578125
-1.073299407958984375
0.439176559448242188
0.395042419433593750
-0.003458976745605469
-0.598243713378906250
-0.385749816894531250
-0.927026748657226562
-0.680010795593261719
2.388896465301513672
4.555934906005859375
-0.202220916748046875
0.061859130859375000
-0.508554458618164062
-0.496438026428222656
-1.035784721374511719
-0.885086059570312500
-0.689913749694824219
-0.604606628417968750
-0.669508934020996094
-0.762027740478515625
-0.409057617187500000
1.781502246856689453
4.741805076599121094
-0.459894180297851562
-0.530321121215820312
-0.451653480529785156
0.057379722595214844
-0.623143196105957031
-1.293566703796386719
-1.453494071960449219
-0.490133285522460938
-0.419995307922363281
-0.284494400024414062
-0.787281036376953125
0.919132232666015625
4.272469520568847656
-1.031415939331054688
-1.168846130371093750
-1.355153083801269531
-0.046702384948730469
-1.245998382568359375
-0.938064575195312500
-1.365474700927734375
-1.973994255065917969
-1.702903747558593750
-0.972768783569335938
-0.920850753784179688
0.194845199584960938
0.797851324081420898
0.797851920127868652
0.797851920127868652
0.797851920127868652
0.797851920127868652
0.797851920127868652
0.797851920127868652
0.797851920127868652
0.797851920127868652
0.797851920127868652
0.797851920127868652
0.797851920127868652
0.797851920127868652
0.797851324081420898
0.797852098941802979
0.797852098941802979
0.797852098941802979
0.797852098941802979
0.797852098941802979
0.797852098941802979
0.797852098941802979
0.797852098941802979
0.797852098941802979
0.797852098941802979
0.797852098941802979
0.797852098941802979
0.797851324081420898
0.797852098941802979
0.797852098941802979
0.797852098941802979
0.797852098941802979
0.797852098941802979
0.797852098941802979
0.797852098941802979
0.797852098941802979
0.797852098941802979
0.797852098941802979
0.797852098941802979
0.797852098941802979
0.797851324081420898
0.797852098941802979
0.797852098941802979
0.797852098941802979
0.797852098941802979
0.797852098941802979
0.797852098941802979
0.797852098941802979
0.797852098941802979
0.797852098941802979
0.797852098941802979
0.797852098941802979
0.797852098941802979
0.797851324081420898
0.797852098941802979
0.797852098941802979
0.797852098941802979
0.797852098941802979
0.797852098941802979
0.797852098941802979
0.797852098941802979
0.797852098941802979
0.797852098941802979
0.797852098941802979
0.797852098941802979
0.797852098941802979
0.797851324081420898
0.797852098941802979
0.797852098941802979
0.797852098941802979
0.797852098941802979
0.797852098941802979
0.797852098941802979
0.797852098941802979
0.797852098941802979
0.797852098941802979
0.797852098941802979
0.797852098941802979
0.797852098941802979
0.797851324081420898
0.797852098941802979
0.797852098941802979
0.797852098941802979
0.797852098941802979
0.797852098941802979
0.797852098941802979
0.797852098941802979
0.797852098941802979
0.797852098941802979
0.797852098941802979
0.797852098941802979
0.797852098941802979
0.312402606010437012
0.318386346101760864
0.311309635639190674
0.295535266399383545
0.285286277532577515
0.299506664276123047
0.320237398147583008
0.315955102443695068
0.304195225238800049
0.301378786563873291
0.309243559837341309
0.312429338693618774
0.283480167388916016
0.315903782844543457
0.337989777326583862
0.318089842796325684
0.303990840911865234
0.299533724784851074
0.297191917896270752
0.299116879701614380
0.304796606302261353
0.303064852952957153
0.300781041383743286
0.307255238294601440
0.302758097648620605
0.257401078939437866
0.318777531385421753
0.343052446842193604
0.314206272363662720
0.307458966970443726
0.311788231134414673
0.303271263837814331
0.297496914863586426
0.298356920480728149
0.301732718944549561
0.301446646451950073
0.302472800016403198
0.295130699872970581
0.255468338727951050
0.317668795585632324
0.344689846038818359
0.308222621679306030
0.282755076885223389
0.299051702022552490
0.301588594913482666
0.301129758358001709
0.302668422460556030
0.303635567426681519
0.298985779285430908
0.299810886383056641
0.300067514181137085
0.265865355730056763
0.314278125762939453
0.338907986879348755
0.318653792142868042
0.302653759717941284
0.297967016696929932
0.297534435987472534
0.300745844841003418
0.302182644605636597
0.304915159940719604
0.301130235195159912
0.300497740507125854
0.300705313682556152
0.267796486616134644
0.317877471446990967
0.343709528446197510
0.318666368722915649
0.300878793001174927
0.304069519042968750
0.299429029226303101
0.296973437070846558
0.303575694561004639
0.310108125209808350
0.306089550256729126
0.304712325334548950
0.300463557243347168
0.270084798336029053
0.310112893581390381
0.349741309881210327
0.325672060251235962
0.297818124294281006
0.302080184221267700
0.322385877370834351
0.310989677906036377
0.282896161079406738
0.290100812911987305
0.317113637924194336
0.317238658666610718
0.313557326793670654
0.289068371057510376
0.129526808857917786
0.129532843828201294
0.129532843828201294
0.129532843828201294
0.129532843828201294
0.129532843828201294
0.129532843828201294
0.129532843828201294
0.129532843828201294
0.129532843828201294
0.129532843828201294
0.129532843828201294
0.129532843828201294
0.129527866840362549
0.129528686404228210
0.129528686404228210
0.129528686404228210
0.129528686404228210
0.129528686404228210
0.129528686404228210
0.129528686404228210
0.129528686404228210
0.129528686404228210
0.129528686404228210
0.129528686404228210
0.129528686404228210
0.129527866840362549
0.129528686404228210
0.129528686404228210
0.129528686404228210
0.129528686404228210
0.129528686404228210
0.129528686404228210
0.129528686404228210
0.129528686404228210
0.129528686404228210
0.129528686404228210
0.129528686404228210
0.129528686404228210
0.129527866840362549
0.129528686404228210
0.129528686404228210
0.129528686404228210
0.129528686404228210
0.129528686404228210
0.129528686404228210
0.129528686404228210
0.129528686404228210
0.129528686404228210
0.129528686404228210
0.129528686404228210
0.129528686404228210
0.129527866840362549
0.129528686404228210
0.129528686404228210
0.129528686404228210
0.129528686404228210
0.129528686404228210
0.129528686404228210
0.129528686404228210
0.129528686404228210
0.129528686404228210
0.129528686404228210
0.129528686404228210
0.129528686404228210
0.129527866840362549
0.129528686404228210
0.129528686404228210
0.129528686404228210
0.129528686404228210
0.129528686404228210
0.129528686404228210
0.129528686404228210
0.129528686404228210
0.129528686404228210
0.129528686404228210
0.129528686404228210
0.129528686404228210
0.129527866840362549
0.129528686404228210
0.129528686404228210
0.129528686404228210
0.129528686404228210
0.129528686404228210
0.129528686404228210
0.129528686404228210
0.129528686404228210
0.129528686404228210
0.129528686404228210
0.129528686404228210
0.129528686404228210
0.523439645767211914
0.523440301418304443
0.523440062999725342
0.523440241813659668
0.523440122604370117
0.523440301418304443
0.523440182209014893
0.523440301418304443
0.523439824581146240
0.523440062999725342
0.523440182209014893
0.523440361022949219
0.523440659046173096
0.523446202278137207
0.523448586463928223
0.523448467254638672
0.523448944091796875
0.523449182510375977
0.523448824882507324
0.523448705673217773
0.523449063301086426
0.523448348045349121
0.523447930812835693
0.523448646068572998
0.523449242115020752
0.523450076580047607
0.523446738719940186
0.523449003696441650
0.523448526859283447
0.523449063301086426
0.523449778556823730
0.523449897766113281
0.523449242115020752
0.523450016975402832
0.523449659347534180
0.523449182510375977
0.523449480533599854
0.523449957370758057
0.523450613021850586
0.523447096347808838
0.523449540138244629
0.523448884487152100
0.523449420928955078
0.523449361324310303
0.523450016975402832
0.523449778556823730
0.523449420928955078
0.523449242115020752
0.523448944091796875
0.523448944091796875
0.523450016975402832
0.523451685905456543
0.523447096347808838
0.523449361324310303
0.523449420928955078
0.523449361324310303
0.523449063301086426
0.523448944091796875
0.523448884487152100
0.523449301719665527
0.523449182510375977
0.523448705673217773
0.523448824882507324
0.523449838161468506
0.523450493812561035
0.523446798324584961
0.523449301719665527
0.523449599742889404
0.523449420928955078
0.523449242115020752
0.523448944091796875
0.523448705673217773
0.523449361324310303
0.523449063301086426
0.523449242115020752
0.523448288440704346
0.523449599742889404
0.523449659347534180
0.523446619510650635
0.523449301719665527
0.523449122905731201
0.523449003696441650
0.523449122905731201
0.523448765277862549
0.523448526859283447
0.523448884487152100
0.523449122905731201
0.523449242115020752
0.523449063301086426
0.523449838161468506
0.523450553417205811
-0.786492943763732910
-0.786564648151397705
-0.786564648151397705
-0.786564648151397705
-0.786564648151397705
-0.786564648151397705
-0.786564648151397705
-0.786564648151397705
-0.786564648151397705
-0.786564648151397705
-0.786564648151397705
-0.786564648151397705
-0.786564648151397705
-0.786512315273284912
-0.786619722843170166
-0.786619722843170166
-0.786619722843170166
-0.786619722843170166
-0.786619722843170166
-0.786619722843170166
-0.786619722843170166
-0.786619722843170166
-0.786619722843170166
-0.786619722843170166
-0.786619722843170166
-0.786619722843170166
-0.786512315273284912
-0.786619663238525391
-0.786619663238525391
-0.786619722843170166
-0.786619663238525391
-0.786619663238525391
-0.786619663238525391
-0.786619663238525391
-0.786619663238525391
-0.786619663238525391
-0.786619663238525391
-0.786619663238525391
-0.786619722843170166
-0.786512315273284912
-0.786619663238525391
-0.786619663238525391
-0.786619663238525391
-0.786619663238525391
-0.786619663238525391
-0.786619663238525391
-0.786619663238525391
-0.786619663238525391
-0.786619663238525391
-0.786619663238525391
-0.786619663238525391
-0.786619722843170166
-0.786512315273284912
-0.786619663238525391
-0.786619663238525391
-0.786619663238525391
-0.786619663238525391
-0.786619663238525391
-0.786619663238525391
-0.786619663238525391
-0.786619663238525391
-0.786619663238525391
-0.786619663238525391
-0.786619663238525391
-0.786619722843170166
-0.786512315273284912
-0.786619663238525391
-0.786619663238525391
-0.786619722843170166
-0.786619663238525391
-0.786619663238525391
-0.786619663238525391
-0.786619663238525391
-0.786619722843170166
-0.786619663238525391
-0.786619663238525391
-0.786619663238525391
-0.786619722843170166
-0.786512315273284912
-0.786619722843170166
-0.786619722843170166
-0.786619722843170166
-0.786619722843170166
-0.786619722843170166
-0.786619722843170166
-0.786619722843170166
-0.786619722843170166
-0.786619722843170166
-0.786619722843170166
-0.786619722843170166
-0.786619722843170166
-0.779149472713470459
-0.779157578945159912
-0.779159665107727051
-0.779157817363739014
-0.779159069061279297
-0.779167890548706055
-0.779162347316741943
-0.779156565666198730
-0.779153823852539062
-0.779158353805541992
-0.779157280921936035
-0.779149532318115234
-0.779138326644897461
-0.779108583927154541
-0.779107868671417236
-0.779107868671417236
-0.779103338718414307
-0.779103159904479980
-0.779110610485076904
-0.779113590717315674
-0.779107511043548584
-0.779106676578521729
-0.779109835624694824
-0.779111206531524658
-0.779098927974700928
-0.779067039489746094
-0.779112160205841064
-0.779106974601745605
-0.779107034206390381
-0.779109954833984375
-0.779104769229888916
-0.779105961322784424
-0.779110550880432129
-0.779109835624694824
-0.779111444950103760
-0.779111266136169434
-0.779115855693817139
-0.779107093811035156
-0.779072880744934082
-0.779110431671142578
-0.779107570648193359
-0.779107570648193359
-0.779112458229064941
-0.779105544090270996
-0.779109656810760498
-0.779110968112945557
-0.779111087322235107
-0.779113650321960449
-0.779108822345733643
-0.779107093811035156
-0.779106140136718750
-0.779073476791381836
-0.779121041297912598
-0.779111683368682861
-0.779107630252838135
-0.779110908508300781
-0.779109597206115723
-0.779110610485076904
-0.779110968112945557
-0.779110670089721680
-0.779113531112670898
-0.779109179973602295
-0.779108703136444092
-0.779109537601470947
-0.779074370861053467
-0.779123067855834961
-0.779108285903930664
-0.779106736183166504
-0.779114365577697754
-0.779108345508575439
-0.779109358787536621
-0.779110968112945557
-0.779112219810485840
-0.779112160205841064
-0.779110610485076904
-0.779108643531799316
-0.779107034206390381
-0.779075622558593750
-0.779104769229888916
-0.779094576835632324
-0.779089272022247314
-0.779096901416778564
-0.779095947742462158
-0.779096126556396484
-0.779088556766510010
-0.779091298580169678
-0.779096007347106934
-0.779096722602844238
-0.779095888137817383
-0.779092550277709961
-0.779072105884552002
0.127075031399726868
0.127075105905532837
0.127075105905532837
0.127075105905532837
0.127075105905532837
0.127075105905532837
0.127075105905532837
0.127075105905532837
0.127075105905532837
0.127075105905532837
0.127075105905532837
0.127075105905532837
0.127075105905532837
0.127075091004371643
0.127075195312500000
0.127075195312500000
0.127075195312500000
0.127075195312500000
0.127075195312500000
0.127075195312500000
0.127075195312500000
0.127075195312500000
0.127075195312500000
0.127075195312500000
0.127075195312500000
0.127075195312500000
0.127075091004371643
0.127075195312500000
0.127075195312500000
0.127075195312500000
0.127075195312500000
0.127075195312500000
0.127075195312500000
0.127075195312500000
0.127075195312500000
0.127075195312500000
0.127075195312500000
0.127075195312500000
0.127075195312500000
0.127075091004371643
0.127075195312500000
0.127075195312500000
0.127075195312500000
0.127075195312500000
0.127075195312500000
0.127075195312500000
0.127075195312500000
0.127075195312500000
0.127075195312500000
0.127075195312500000
0.127075195312500000
0.127075195312500000
0.127075091004371643
0.127075195312500000
0.127075195312500000
0.127075195312500000
0.127075195312500000
0.127075195312500000
0.127075195312500000
0.127075195312500000
0.127075195312500000
0.127075195312500000
0.127075195312500000
0.127075195312500000
0.127075195312500000
0.127075091004371643
0.127075195312500000
0.127075195312500000
0.127075195312500000
0.127075195312500000
0.127075195312500000
0.127075195312500000
0.127075195312500000
0.127075195312500000
0.127075195312500000
0.127075195312500000
0.127075195312500000
0.127075195312500000
0.127075091004371643
0.127075195312500000
0.127075195312500000
0.127075195312500000
0.127075195312500000
0.127075195312500000
0.127075195312500000
0.127075195312500000
0.127075195312500000
0.127075195312500000
0.127075195312500000
0.127075195312500000
0.127075195312500000
2.897454738616943359
-2.345766067504882812
-1.368708610534667969
-1.084938526153564453
-0.725661754608154297
-0.518256664276123047
-1.471595764160156250
-1.870594501495361328
0.084100723266601562
0.412379741668701172
-1.234572887420654297
-1.795634746551513672
-2.366618633270263672
5.880408287048339844
-2.092065334320068359
-2.053944587707519531
-2.023513317108154297
-2.151954174041748047
-1.926268100738525391
-2.178547382354736328
-1.699192523956298828
-2.070340156555175781
-1.759506225585937500
-2.054344654083251953
-2.339496612548828125
-3.298275470733642578
3.211202144622802734
-1.849782466888427734
-1.913312435150146484
-1.817253589630126953
-1.767407894134521484
-1.919523239135742188
-2.043037414550781250
-1.322331428527832031
-2.058471202850341797
-1.866061210632324219
-1.790492057800292969
-0.925848960876464844
-1.920966625213623047
2.794648647308349609
-1.806288719177246094
-2.027828216552734375
-1.862203598022460938
-1.877126216888427734
0.228936672210693359
-0.596240997314453125
-1.984617710113525391
-2.009150981903076172
-1.782589912414550781
-1.816472530364990234
-1.943700790405273438
-3.242208957672119141
5.044835090637207031
-1.508316993713378906
-2.012517452239990234
-1.964915275573730469
-2.042605876922607422
-1.710991859436035156
-1.784351825714111328
-2.034327507019042969
-1.773489475250244141
-1.780617237091064453
-1.833217144012451172
-1.526023387908935547
-3.190415859222412109
7.410824775695800781
-1.504168987274169922
-2.011458873748779297
-1.766464710235595703
-1.992903709411621094
-1.908268928527832031
-2.052125453948974609
-2.104043483734130859
-0.517150402069091797
-0.587752819061279297
-1.842885494232177734
-1.618473529815673828
-3.031138896942138672
6.843152046203613281
-1.332244396209716797
-2.363011360168457031
-1.662088871002197266
-1.090847969055175781
-2.541947364807128906
-2.474339962005615234
-2.559042930603027344
-0.278149604797363281
-1.976120948791503906
-2.056865692138671875
-1.746520519256591797
-3.020452022552490234
-0.445062637329101562
-0.487319052219390869
-0.487318456172943115
-0.487316399812698364
-0.487313926219940186
-0.487313538789749146
-0.487314194440841675
-0.487313449382781982
-0.487313657999038696
-0.487315207719802856
-0.487314492464065552
-0.487316042184829712
-0.487311333417892456
-0.424271911382675171
-0.468323290348052979
-0.468322306871414185
-0.468317061662673950
-0.468318790197372437
-0.468318074941635132
-0.468316823244094849
-0.468318283557891846
-0.468318998813629150
-0.468318492174148560
-0.468318521976470947
-0.468320488929748535
-0.468318969011306763
-0.424270927906036377
-0.468326926231384277
-0.468323796987533569
-0.468315422534942627
-0.468322753906250000
-0.468322068452835083
-0.468320012092590332
-0.468319743871688843
-0.468319892883300781
-0.468320608139038086
-0.468320369720458984
-0.468320786952972412
-0.468323886394500732
-0.424271255731582642
-0.468325227499008179
-0.468325078487396240
-0.468321055173873901
-0.468321502208709717
-0.468320399522781372
-0.468320876359939575
-0.468319237232208252
-0.468321681022644043
-0.468321949243545532
-0.468320399522781372
-0.468320190906524658
-0.468318879604339600
-0.424272209405899048
-0.468327552080154419
-0.468320399522781372
-0.468318253755569458
-0.468321293592453003
-0.468321621417999268
-0.468321293592453003
-0.468318641185760498
-0.468319833278656006
-0.468321114778518677
-0.468319624662399292
-0.468320250511169434
-0.468322813510894775
-0.424272358417510986
-0.468325287103652954
-0.468323439359664917
-0.468319058418273926
-0.468321293592453003
-0.468320757150650024
-0.468320816755294800
-0.468318879604339600
-0.468315690755844116
-0.468320250511169434
-0.468318998813629150
-0.468320518732070923
-0.468322366476058960
-0.424273759126663208
-0.468331098556518555
-0.468330144882202148
-0.468324512243270874
-0.468324869871139526
-0.468325704336166382
-0.468328475952148438
-0.468328148126602173
-0.468321204185485840
-0.468325346708297729
-0.468320488929748535
-0.468325614929199219
-0.468323469161987305
-1.501090645790100098
-1.433314681053161621
-1.359542131423950195
-1.387532830238342285
-1.408440470695495605
-1.376227617263793945
-1.422040939331054688
-1.496305942535400391
-1.401607632637023926
-1.337075471878051758
-1.404798030853271484
-1.224152803421020508
-2.620319366455078125
-0.781832695007324219
-0.631607651710510254
-0.584215641021728516
-0.576194405555725098
-0.575730085372924805
-0.591918706893920898
-0.602701425552368164
-0.634924411773681641
-0.594278454780578613
-0.567664742469787598
-0.611068487167358398
-0.959221661090850830
-2.041606903076171875
-0.540913105010986328
-0.346456050872802734
-0.367044687271118164
-0.349852442741394043
-0.342267632484436035
-0.332903146743774414
-0.339708924293518066
-0.340215444564819336
-0.329433202743530273
-0.332838296890258789
-0.363792181015014648
-1.044660091400146484
-2.479963779449462891
-0.546952128410339355
-0.366169333457946777
-0.344004034996032715
-0.329504609107971191
-0.356619834899902344
-0.327663660049438477
-0.328382134437561035
-0.341787457466125488
-0.343940854072570801
-0.330628752708435059
-0.344646215438842773
-0.862582206726074219
-3.335884332656860352
-0.548269391059875488
-0.355886936187744141
-0.351084351539611816
-0.346295595169067383
-0.345214843750000000
-0.323191523551940918
-0.332960247993469238
-0.330312490463256836
-0.338450551033020020
-0.342058897018432617
-0.344367742538452148
-0.897823095321655273
-2.635870456695556641
-0.537170290946960449
-0.354974031448364258
-0.362124204635620117
-0.341669797897338867
-0.344599127769470215
-0.354966044425964355
-0.347355127334594727
-0.318419814109802246
-0.348109483718872070
-0.354704856872558594
-0.357635974884033203
-0.892625212669372559
-1.933503150939941406
-1.226143360137939453
-1.266260504722595215
-1.269969224929809570
-1.224372863769531250
-1.277236819267272949
-1.174551248550415039
-1.153009772300720215
-1.180951833724975586
-1.215315818786621094
-1.206664919853210449
-1.218597650527954102
-1.159478664398193359
-2.591628074645996094
0.229492306709289551
0.229492038488388062
0.229492112994194031
0.229492157697677612
0.229492202401161194
0.229492202401161194
0.229492232203483582
0.229492172598838806
0.229492157697677612
0.229492127895355225
0.229492157697677612
0.229492157697677612
0.229492112994194031
0.229492083191871643
0.229491695761680603
0.229491800069808960
0.229491874575614929
0.229491904377937317
0.229491874575614929
0.229491889476776123
0.229491949081420898
0.229491889476776123
0.229491844773292542
0.229491919279098511
0.229491889476776123
0.229491874575614929
0.229492112994194031
0.229491785168647766
0.229491889476776123
0.229491889476776123
0.229491859674453735
0.229491904377937317
0.229491919279098511
0.229491949081420898
0.229491949081420898
0.229491949081420898
0.229491934180259705
0.229491904377937317
0.229491904377937317
0.229492068290710449
0.229491800069808960
0.229491949081420898
0.229491993784904480
0.229491874575614929
0.229491904377937317
0.229491874575614929
0.229491874575614929
0.229491829872131348
0.229491889476776123
0.229491949081420898
0.229491904377937317
0.229491934180259705
0.229492083191871643
0.229491755366325378
0.229491889476776123
0.229491963982582092
0.229491963982582092
0.229491978883743286
0.229491919279098511
0.229491904377937317
0.229491934180259705
0.229491889476776123
0.229491859674453735
0.229491889476776123
0.229491904377937317
0.229492068290710449
0.229491755366325378
0.229491919279098511
0.229491919279098511
0.229491934180259705
0.229491889476776123
0.229491859674453735
0.229491874575614929
0.229491993784904480
0.229491934180259705
0.229491904377937317
0.229491889476776123
0.229491889476776123
0.229491949081420898
0.229491591453552246
0.229491695761680603
0.229491710662841797
0.229491755366325378
0.229491755366325378
0.229491785168647766
0.229491770267486572
0.229491814970970154
0.229491800069808960
0.229491770267486572
0.229491740465164185
0.229491636157035828
0.390136182308197021
0.390136241912841797
0.390136241912841797
0.390136241912841797
0.390136241912841797
0.390136241912841797
0.390136241912841797
0.390136241912841797
0.390136241912841797
0.390136241912841797
0.390136241912841797
0.390136241912841797
0.390136241912841797
0.390136212110519409
0.390136301517486572
0.390136301517486572
0.390136301517486572
0.390136301517486572
0.390136301517486572
0.390136301517486572
0.390136301517486572
0.390136301517486572
0.390136301517486572
0.390136301517486572
0.390136301517486572
0.390136301517486572
0.390136212110519409
0.390136301517486572
0.390136301517486572
0.390136301517486572
0.390136301517486572
0.390136301517486572
0.390136301517486572
0.390136301517486572
0.390136301517486572
0.390136301517486572
0.390136301517486572
0.390136301517486572
0.390136301517486572
0.390136212110519409
0.390136301517486572
0.390136301517486572
0.390136301517486572
0.390136301517486572
0.390136301517486572
0.390136301517486572
0.390136301517486572
0.390136301517486572
0.390136301517486572
0.390136301517486572
0.390136301517486572
0.390136301517486572
0.390136212110519409
0.390136301517486572
0.390136301517486572
0.390136301517486572
0.390136301517486572
0.390136301517486572
0.390136301517486572
0.390136301517486572
0.390136301517486572
0.390136301517486572
0.390136301517486572
0.390136301517486572
0.390136301517486572
0.390136212110519409
0.390136301517486572
0.390136301517486572
0.390136301517486572
0.390136301517486572
0.390136301517486572
0.390136301517486572
0.390136301517486572
0.390136301517486572
0.390136301517486572
0.390136301517486572
0.390136301517486572
0.390136301517486572
0.390136212110519409
0.390136301517486572
0.390136301517486572
0.390136301517486572
0.390136301517486572
0.390136301517486572
0.390136301517486572
0.390136301517486572
0.390136301517486572
0.390136301517486572
0.390136301517486572
0.390136301517486572
0.390136301517486572
-0.418212890625000000
-0.418212890625000000
-0.418212890625000000
-0.418212890625000000
-0.418212890625000000
-0.418212890625000000
-0.418212890625000000
-0.418212890625000000
-0.418212890625000000
-0.418212890625000000
-0.418212890625000000
-0.418212890625000000
-0.418212890625000000
-0.418212890625000000
-0.418212890625000000
-0.418212890625000000
-0.418212890625000000
-0.418212890625000000
-0.418212890625000000
-0.418212890625000000
-0.418212890625000000
-0.418212890625000000
-0.418212890625000000
-0.418212890625000000
-0.418212890625000000
-0.418212890625000000
-0.418212890625000000
-0.418212890625000000
-0.418212890625000000
-0.418212890625000000
-0.418212890625000000
-0.418212890625000000
-0.418212890625000000
-0.418212890625000000
-0.418212890625000000
-0.418212890625000000
-0.418212890625000000
-0.418212890625000000
-0.418212890625000000
-0.418212890625000000
-0.418212890625000000
-0.418212890625000000
-0.418212890625000000
-0.418212890625000000
-0.418212890625000000
-0.418212890625000000
-0.418212890625000000
-0.418212890625000000
-0.418212890625000000
-0.418212890625000000
-0.418212890625000000
-0.418212890625000000
-0.418212890625000000
-0.418212890625000000
-0.418212890625000000
-0.418212890625000000
-0.418212890625000000
-0.418212890625000000
-0.418212890625000000
-0.418212890625000000
-0.418212890625000000
-0.418212890625000000
-0.418212890625000000
-0.418212890625000000
-0.418212890625000000
-0.418212890625000000
-0.418212890625000000
-0.418212890625000000
-0.418212890625000000
-0.418212890625000000
-0.418212890625000000
-0.418212890625000000
-0.418212890625000000
-0.418212890625000000
-0.418212890625000000
-0.418212890625000000
-0.418212890625000000
-0.418212890625000000
-0.418212890625000000
-0.418212890625000000
-0.418212890625000000
-0.418212890625000000
-0.418212890625000000
-0.418212890625000000
-0.418212890625000000
-0.418212890625000000
-0.418212890625000000
-0.418212890625000000
-0.418212890625000000
-0.418212890625000000
-0.418212890625000000
0.245727539062500000
0.245727539062500000
0.245727539062500000
0.245727539062500000
0.245727539062500000
0.245727539062500000
0.245727539062500000
0.245727539062500000
0.245727539062500000
0.245727539062500000
0.245727539062500000
0.245727539062500000
0.245727539062500000
0.245727539062500000
0.245727539062500000
0.245727539062500000
0.245727539062500000
0.245727539062500000
0.245727539062500000
0.245727539062500000
0.245727539062500000
0.245727539062500000
0.245727539062500000
0.245727539062500000
0.245727539062500000
0.245727539062500000
0.245727539062500000
0.245727539062500000
0.245727539062500000
0.245727539062500000
0.245727539062500000
0.245727539062500000
0.245727539062500000
0.245727539062500000
0.245727539062500000
0.245727539062500000
0.245727539062500000
0.245727539062500000
0.245727539062500000
0.245727539062500000
0.245727539062500000
0.245727539062500000
0.245727539062500000
0.245727539062500000
0.245727539062500000
0.245727539062500000
0.245727539062500000
0.245727539062500000
0.245727539062500000
0.245727539062500000
0.245727539062500000
0.245727539062500000
0.245727539062500000
0.245727539062500000
0.245727539062500000
0.245727539062500000
0.245727539062500000
0.245727539062500000
0.245727539062500000
0.245727539062500000
0.245727539062500000
0.245727539062500000
0.245727539062500000
0.245727539062500000
0.245727539062500000
0.245727539062500000
0.245727539062500000
0.245727539062500000
0.245727539062500000
0.245727539062500000
0.245727539062500000
0.245727539062500000
0.245727539062500000
0.245727539062500000
0.245727539062500000
0.245727539062500000
0.245727539062500000
0.245727539062500000
0.245727539062500000
0.245727539062500000
0.245727539062500000
0.245727539062500000
0.245727539062500000
0.245727539062500000
0.245727539062500000
0.245727539062500000
0.245727539062500000
0.245727539062500000
0.245727539062500000
0.245727539062500000
0.245727539062500000
-1.496080636978149414
-1.496069073677062988
-1.496069073677062988
-1.496069073677062988
-1.496069073677062988
-1.496069073677062988
-1.496069073677062988
-1.496069073677062988
-1.496069073677062988
-1.496069073677062988
-1.496069073677062988
-1.496069073677062988
-1.496069073677062988
-1.496101617813110352
-1.496092915534973145
-1.496092915534973145
-1.496092915534973145
-1.496092915534973145
-1.496092915534973145
-1.496092915534973145
-1.496092915534973145
-1.496092915534973145
-1.496092915534973145
-1.496092915534973145
-1.496092915534973145
-1.496092915534973145
-1.496101617813110352
-1.496092915534973145
-1.496092915534973145
-1.496092915534973145
-1.496092915534973145
-1.496092915534973145
-1.496092915534973145
-1.496092915534973145
-1.496092915534973145
-1.496092915534973145
-1.496092915534973145
-1.496092915534973145
-1.496092796325683594
-1.496101617813110352
-1.496092915534973145
-1.496092915534973145
-1.496092915534973145
-1.496092915534973145
-1.496092915534973145
-1.496092915534973145
-1.496092915534973145
-1.496092915534973145
-1.496092915534973145
-1.496092915534973145
-1.496092915534973145
-1.496092915534973145
-1.496101617813110352
-1.496092915534973145
-1.496092915534973145
-1.496092915534973145
-1.496092915534973145
-1.496092915534973145
-1.496092915534973145
-1.496092915534973145
-1.496092915534973145
-1.496092915534973145
-1.496092915534973145
-1.496092915534973145
-1.496092796325683594
-1.496101617813110352
-1.496092915534973145
-1.496092915534973145
-1.496092915534973145
-1.496092915534973145
-1.496092915534973145
-1.496092915534973145
-1.496092915534973145
-1.496092915534973145
-1.496092915534973145
-1.496092915534973145
-1.496092915534973145
-1.496092915534973145
-1.496101617813110352
-1.496092915534973145
-1.496092915534973145
-1.496092915534973145
-1.496092915534973145
-1.496092915534973145
-1.496092915534973145
-1.496092915534973145
-1.496092915534973145
-1.496092915534973145
-1.496092915534973145
-1.496092915534973145
-1.496092796325683594
-0.280764877796173096
-0.280768156051635742
-0.280768156051635742
-0.280768156051635742
-0.280768156051635742
-0.280768156051635742
-0.280768156051635742
-0.280768156051635742
-0.280768156051635742
-0.280768156051635742
-0.280768156051635742
-0.280768156051635742
-0.280768156051635742
-0.280762791633605957
-0.280766248703002930
-0.280766248703002930
-0.280766248703002930
-0.280766248703002930
-0.280766248703002930
-0.280766248703002930
-0.280766248703002930
-0.280766248703002930
-0.280766248703002930
-0.280766248703002930
-0.280766248703002930
-0.280766248703002930
-0.280762791633605957
-0.280766248703002930
-0.280766248703002930
-0.280766248703002930
-0.280766248703002930
-0.280766248703002930
-0.280766248703002930
-0.280766248703002930
-0.280766248703002930
-0.280766248703002930
-0.280766248703002930
-0.280766248703002930
-0.280766248703002930
-0.280762791633605957
-0.280766248703002930
-0.280766248703002930
-0.280766248703002930
-0.280766248703002930
-0.280766248703002930
-0.280766248703002930
-0.280766248703002930
-0.280766248703002930
-0.280766248703002930
-0.280766248703002930
-0.280766248703002930
-0.280766248703002930
-0.280762791633605957
-0.280766248703002930
-0.280766248703002930
-0.280766248703002930
-0.280766248703002930
-0.280766248703002930
-0.280766248703002930
-0.280766248703002930
-0.280766248703002930
-0.280766248703002930
-0.280766248703002930
-0.280766248703002930
-0.280766248703002930
-0.280762791633605957
-0.280766248703002930
-0.280766248703002930
-0.280766248703002930
-0.280766248703002930
-0.280766248703002930
-0.280766248703002930
-0.280766248703002930
-0.280766248703002930
-0.280766248703002930
-0.280766248703002930
-0.280766248703002930
-0.280766248703002930
-0.280762791633605957
-0.280766248703002930
-0.280766248703002930
-0.280766248703002930
-0.280766248703002930
-0.280766248703002930
-0.280766248703002930
-0.280766248703002930
-0.280766248703002930
-0.280766248703002930
-0.280766248703002930
-0.280766248703002930
-0.280766248703002930
-0.085512124001979828
-0.085522517561912537
-0.085523188114166260
-0.085525929927825928
-0.085528694093227386
-0.085530206561088562
-0.085529267787933350
-0.085526317358016968
-0.085524328052997589
-0.085523940622806549
-0.085526533424854279
-0.085523329675197601
-0.085528984665870667
-0.085500679910182953
-0.085508771240711212
-0.085507169365882874
-0.085508435964584351
-0.085509866476058960
-0.085513748228549957
-0.085513196885585785
-0.085514411330223083
-0.085514828562736511
-0.085511147975921631
-0.085511103272438049
-0.085508108139038086
-0.085517778992652893
-0.085504062473773956
-0.085512578487396240
-0.085513889789581299
-0.085513100028038025
-0.085508666932582855
-0.085515283048152924
-0.085515387356281281
-0.085513658821582794
-0.085513688623905182
-0.085516437888145447
-0.085515312850475311
-0.085508681833744049
-0.085520327091217041
-0.085504099726676941
-0.085511676967144012
-0.085510797798633575
-0.085515983402729034
-0.085515148937702179
-0.085511341691017151
-0.085513778030872345
-0.085512526333332062
-0.085513502359390259
-0.085511915385723114
-0.085513129830360413
-0.085508093237876892
-0.085518918931484222
-0.085502520203590393
-0.085514128208160400
-0.085512958467006683
-0.085513614118099213
-0.085515506565570831
-0.085515759885311127
-0.085515834391117096
-0.085511870682239532
-0.085516110062599182
-0.085515245795249939
-0.085512936115264893
-0.085508167743682861
-0.085514329373836517
-0.085502371191978455
-0.085511639714241028
-0.085512518882751465
-0.085514180362224579
-0.085512921214103699
-0.085510849952697754
-0.085511125624179840
-0.085513509809970856
-0.085514612495899200
-0.085514612495899200
-0.085515610873699188
-0.085507869720458984
-0.085515834391117096
-0.085502646863460541
-0.085511848330497742
-0.085512638092041016
-0.085515625774860382
-0.085517577826976776
-0.085518851876258850
-0.085513398051261902
-0.085514225065708160
-0.085515975952148438
-0.085518591105937958
-0.085516139864921570
-0.085512712597846985
-0.085515618324279785
-0.121887207031250000
-0.121887207031250000
-0.121887207031250000
-0.121887207031250000
-0.121887207031250000
-0.121887207031250000
-0.121887207031250000
-0.121887207031250000
-0.121887207031250000
-0.121887207031250000
-0.121887207031250000
-0.121887207031250000
-0.121887207031250000
-0.121887207031250000
-0.121887207031250000
-0.121887207031250000
-0.121887207031250000
-0.121887207031250000
-0.121887207031250000
-0.121887207031250000
-0.121887207031250000
-0.121887207031250000
-0.121887207031250000
-0.121887207031250000
-0.121887207031250000
-0.121887207031250000
-0.121887207031250000
-0.121887207031250000
-0.121887207031250000
-0.121887207031250000
-0.121887207031250000
-0.121887207031250000
-0.121887207031250000
-0.121887207031250000
-0.121887207031250000
-0.121887207031250000
-0.121887207031250000
-0.121887207031250000
-0.121887207031250000
-0.121887207031250000
-0.121887207031250000
-0.121887207031250000
-0.121887207031250000
-0.121887207031250000
-0.121887207031250000
-0.121887207031250000
-0.121887207031250000
-0.121887207031250000
-0.121887207031250000
-0.121887207031250000
-0.121887207031250000
-0.121887207031250000
-0.121887207031250000
-0.121887207031250000
-0.121887207031250000
-0.121887207031250000
-0.121887207031250000
-0.121887207031250000
-0.121887207031250000
-0.121887207031250000
-0.121887207031250000
-0.121887207031250000
-0.121887207031250000
-0.121887207031250000
-0.121887207031250000
-0.121887207031250000
-0.121887207031250000
-0.121887207031250000
-0.121887207031250000
-0.121887207031250000
-0.121887207031250000
-0.121887207031250000
-0.121887207031250000
-0.121887207031250000
-0.121887207031250000
-0.121887207031250000
-0.121887207031250000
-0.121887207031250000
-0.121887207031250000
-0.121887207031250000
-0.121887207031250000
-0.121887207031250000
-0.121887207031250000
-0.121887207031250000
-0.121887207031250000
-0.121887207031250000
-0.121887207031250000
-0.121887207031250000
-0.121887207031250000
-0.121887207031250000
-0.121887207031250000
-0.184372007846832275
-0.249480783939361572
-0.249327600002288818
-0.249258100986480713
-0.249265968799591064
-0.249279975891113281
-0.249318629503250122
-0.249307930469512939
-0.249262332916259766
-0.249229937791824341
-0.249267220497131348
-0.249321401119232178
-0.249488592147827148
-0.218636006116867065
-0.310075700283050537
-0.305848181247711182
-0.305837601423263550
-0.305821239948272705
-0.305842667818069458
-0.305949509143829346
-0.305959612131118774
-0.305860340595245361
-0.305803835391998291
-0.305852234363555908
-0.305889755487442017
-0.306264430284500122
-0.214983910322189331
-0.307870149612426758
-0.305898368358612061
-0.305962949991226196
-0.305922865867614746
-0.305884331464767456
-0.305925160646438599
-0.305990964174270630
-0.305961757898330688
-0.305927902460098267
-0.305936545133590698
-0.305981725454330444
-0.306311041116714478
-0.220706462860107422
-0.311972051858901978
-0.305847108364105225
-0.305860400199890137
-0.306006163358688354
-0.306022733449935913
-0.306294918060302734
-0.305990070104598999
-0.305956751108169556
-0.305899620056152344
-0.305873543024063110
-0.305946469306945801
-0.307163208723068237
-0.221145570278167725
-0.314780503511428833
-0.306014865636825562
-0.305909752845764160
-0.305914133787155151
-0.305940061807632446
-0.305947124958038330
-0.305970489978790283
-0.306014388799667358
-0.305967390537261963
-0.305937290191650391
-0.305980980396270752
-0.309893488883972168
-0.223945975303649902
-0.316330850124359131
-0.305946081876754761
-0.305989652872085571
-0.306021332740783691
-0.305927127599716187
-0.305883884429931641
-0.305877149105072021
-0.305938422679901123
-0.305956244468688965
-0.305915027856826782
-0.305934935808181763
-0.309092432260513306
-0.225690990686416626
-0.320574879646301270
-0.306026220321655273
-0.306044310331344604
-0.307221561670303345
-0.306943684816360474
-0.305939048528671265
-0.305905818939208984
-0.306035488843917847
-0.306037157773971558
-0.306450098752975464
-0.307453006505966187
-0.308264970779418945
