1.686424732208251953
1.686362862586975098
1.686368465423583984
1.686368346214294434
1.686368584632873535
1.686368823051452637
1.686368942260742188
1.686369061470031738
1.686369180679321289
1.686368942260742188
1.686368465423583984
1.686367869377136230
1.686361193656921387
1.686498761177062988
1.686454772949218750
1.686454415321350098
1.686455726623535156
1.686455607414245605
1.686455488204956055
1.686455368995666504
1.686455726623535156
1.686455488204956055
1.686455488204956055
1.686455488204956055
1.686457633972167969
1.686462521553039551
1.686493039131164551
1.686449885368347168
1.686450719833374023
1.686450600624084473
1.686450958251953125
1.686451196670532227
1.686450719833374023
1.686450362205505371
1.686450481414794922
1.686451196670532227
1.686452150344848633
1.686454176902770996
1.686453819274902344
1.686493396759033203
1.686448335647583008
1.686449170112609863
1.686450123786926270
1.686449646949768066
1.686449766159057617
1.686447978019714355
1.686449408531188965
1.686449766159057617
1.686449527740478516
1.686449885368347168
1.686452865600585938
1.686455845832824707
1.686491966247558594
1.686448812484741211
1.686450958251953125
1.686450242996215820
1.686450839042663574
1.686450242996215820
1.686450719833374023
1.686449766159057617
1.686449766159057617
1.686449408531188965
1.686448812484741211
1.686451196670532227
1.686457157135009766
1.686492681503295898
1.686448931694030762
1.686450839042663574
1.686449408531188965
1.686447262763977051
1.686448454856872559
1.686451554298400879
1.686450481414794922
1.686451315879821777
1.686451673507690430
1.686451077461242676
1.686453223228454590
1.686453342437744141
1.686491250991821289
1.686446189880371094
1.686453461647033691
1.686455965042114258
1.686453223228454590
1.686449050903320312
1.686451792716979980
1.686453580856323242
1.686450600624084473
1.686451792716979980
1.686451911926269531
1.686456561088562012
1.686451315879821777
0.305419951677322388
0.305419921875000000
0.305419921875000000
0.305419921875000000
0.305419921875000000
0.305419921875000000
0.305419921875000000
0.305419921875000000
0.305419921875000000
0.305419921875000000
0.305419921875000000
0.305419921875000000
0.305419921875000000
0.305419921875000000
0.305419862270355225
0.305419862270355225
0.305419862270355225
0.305419862270355225
0.305419862270355225
0.305419862270355225
0.305419862270355225
0.305419862270355225
0.305419862270355225
0.305419862270355225
0.305419862270355225
0.305419862270355225
0.305419921875000000
0.305419862270355225
0.305419862270355225
0.305419862270355225
0.305419862270355225
0.305419862270355225
0.305419862270355225
0.305419862270355225
0.305419862270355225
0.305419862270355225
0.305419862270355225
0.305419862270355225
0.305419862270355225
0.305419921875000000
0.305419862270355225
0.305419862270355225
0.305419862270355225
0.305419862270355225
0.305419862270355225
0.305419862270355225
0.305419862270355225
0.305419862270355225
0.305419862270355225
0.305419862270355225
0.305419862270355225
0.305419862270355225
0.305419921875000000
0.305419862270355225
0.305419862270355225
0.305419862270355225
0.305419862270355225
0.305419862270355225
0.305419862270355225
0.305419862270355225
0.305419862270355225
0.305419862270355225
0.305419862270355225
0.305419862270355225
0.305419862270355225
0.305419921875000000
0.305419862270355225
0.305419862270355225
0.305419862270355225
0.305419862270355225
0.305419862270355225
0.305419862270355225
0.305419862270355225
0.305419862270355225
0.305419862270355225
0.305419862270355225
0.305419862270355225
0.305419862270355225
0.305419921875000000
0.305419862270355225
0.305419862270355225
0.305419862270355225
0.305419862270355225
0.305419862270355225
0.305419862270355225
0.305419862270355225
0.305419862270355225
0.305419862270355225
0.305419862270355225
0.305419862270355225
0.305419862270355225
0.289794951677322388
0.289795041084289551
0.289795070886611938
0.289795070886611938
0.289795070886611938
0.289795070886611938
0.289795070886611938
0.289795070886611938
0.289795070886611938
0.289795041084289551
0.289795041084289551
0.289795070886611938
0.289795041084289551
0.289795011281967163
0.289795160293579102
0.289795160293579102
0.289795160293579102
0.289795160293579102
0.289795160293579102
0.289795160293579102
0.289795190095901489
0.289795160293579102
0.289795160293579102
0.289795160293579102
0.289795160293579102
0.289795130491256714
0.289795011281967163
0.289795160293579102
0.289795160293579102
0.289795160293579102
0.289795190095901489
0.289795190095901489
0.289795160293579102
0.289795160293579102
0.289795160293579102
0.289795160293579102
0.289795160293579102
0.289795160293579102
0.289795130491256714
0.289795011281967163
0.289795160293579102
0.289795160293579102
0.289795160293579102
0.289795160293579102
0.289795160293579102
0.289795160293579102
0.289795160293579102
0.289795160293579102
0.289795160293579102
0.289795160293579102
0.289795160293579102
0.289795160293579102
0.289795011281967163
0.289795130491256714
0.289795130491256714
0.289795160293579102
0.289795160293579102
0.289795160293579102
0.289795160293579102
0.289795160293579102
0.289795160293579102
0.289795160293579102
0.289795160293579102
0.289795160293579102
0.289795130491256714
0.289795011281967163
0.289795160293579102
0.289795160293579102
0.289795160293579102
0.289795160293579102
0.289795160293579102
0.289795160293579102
0.289795160293579102
0.289795160293579102
0.289795130491256714
0.289795160293579102
0.289795190095901489
0.289795130491256714
0.289795011281967163
0.289795130491256714
0.289795160293579102
0.289795160293579102
0.289795160293579102
0.289795160293579102
0.289795160293579102
0.289795160293579102
0.289795190095901489
0.289795160293579102
0.289795160293579102
0.289795160293579102
0.289795130491256714
0.747070312500000000
0.747070312500000000
0.747070312500000000
0.747070312500000000
0.747070312500000000
0.747070312500000000
0.747070312500000000
0.747070312500000000
0.747070312500000000
0.747070312500000000
0.747070312500000000
0.747070312500000000
0.747070312500000000
0.747070312500000000
0.747070312500000000
0.747070312500000000
0.747070312500000000
0.747070312500000000
0.747070312500000000
0.747070312500000000
0.747070312500000000
0.747070312500000000
0.747070312500000000
0.747070312500000000
0.747070312500000000
0.747070312500000000
0.747070312500000000
0.747070312500000000
0.747070312500000000
0.747070312500000000
0.747070312500000000
0.747070312500000000
0.747070312500000000
0.747070312500000000
0.747070312500000000
0.747070312500000000
0.747070312500000000
0.747070312500000000
0.747070312500000000
0.747070312500000000
0.747070312500000000
0.747070312500000000
0.747070312500000000
0.747070312500000000
0.747070312500000000
0.747070312500000000
0.747070312500000000
0.747070312500000000
0.747070312500000000
0.747070312500000000
0.747070312500000000
0.747070312500000000
0.747070312500000000
0.747070312500000000
0.747070312500000000
0.747070312500000000
0.747070312500000000
0.747070312500000000
0.747070312500000000
0.747070312500000000
0.747070312500000000
0.747070312500000000
0.747070312500000000
0.747070312500000000
0.747070312500000000
0.747070312500000000
0.747070312500000000
0.747070312500000000
0.747070312500000000
0.747070312500000000
0.747070312500000000
0.747070312500000000
0.747070312500000000
0.747070312500000000
0.747070312500000000
0.747070312500000000
0.747070312500000000
0.747070312500000000
0.747070312500000000
0.747070312500000000
0.747070312500000000
0.747070312500000000
0.747070312500000000
0.747070312500000000
0.747070312500000000
0.747070312500000000
0.747070312500000000
0.747070312500000000
0.747070312500000000
0.747070312500000000
0.747070312500000000
-0.014899086207151413
-0.014792273752391338
-0.014792352914810181
-0.014792355708777905
-0.014792351983487606
-0.014792366884648800
-0.014792310073971748
-0.014792299829423428
-0.014792336151003838
-0.014792351983487606
-0.014792357571423054
-0.014792324975132942
-0.014792653732001781
-0.015084044076502323
-0.015011098235845566
-0.015011201612651348
-0.015011260285973549
-0.015011205337941647
-0.015011277049779892
-0.015011293813586235
-0.015011258423328400
-0.015011230483651161
-0.015011262148618698
-0.015011320821940899
-0.015010880306363106
-0.015010637231171131
-0.015084256418049335
-0.015011404640972614
-0.015011255629360676
-0.015011314302682877
-0.015011270530521870
-0.015011285431683064
-0.015011273324489594
-0.015011297538876534
-0.015011277049779892
-0.015011280775070190
-0.015011368319392204
-0.015010742470622063
-0.015010451897978783
-0.015084303915500641
-0.015011312440037727
-0.015011170879006386
-0.015011322684586048
-0.015011259354650974
-0.015011222101747990
-0.015011289156973362
-0.015011287294328213
-0.015011309646070004
-0.015011304989457130
-0.015011337585747242
-0.015010696835815907
-0.015010410919785500
-0.015084230341017246
-0.015011372044682503
-0.015011306852102280
-0.015011275187134743
-0.015011255629360676
-0.015011256560683250
-0.015011291019618511
-0.015011310577392578
-0.015011266805231571
-0.015011225827038288
-0.015011337585747242
-0.015010768547654152
-0.015010481700301170
-0.015084274113178253
-0.015011330135166645
-0.015011213719844818
-0.015011331066489220
-0.015011280775070190
-0.015011300332844257
-0.015011284500360489
-0.015011283569037914
-0.015011308714747429
-0.015011358074843884
-0.015011363662779331
-0.015010684728622437
-0.015010580420494080
-0.015084276907145977
-0.015011468902230263
-0.015011246316134930
-0.015011398121714592
-0.015011313371360302
-0.015011403709650040
-0.015011369250714779
-0.015011287294328213
-0.015011318959295750
-0.015011353418231010
-0.015011434443295002
-0.015010774135589600
-0.015010421164333820
0.153828367590904236
0.153823912143707275
0.153823927044868469
0.153823927044868469
0.153823927044868469
0.153823927044868469
0.153823927044868469
0.153823927044868469
0.153823927044868469
0.153823927044868469
0.153823927044868469
0.153823927044868469
0.153823927044868469
0.153823658823966980
0.153814256191253662
0.153814271092414856
0.153814271092414856
0.153814271092414856
0.153814271092414856
0.153814271092414856
0.153814271092414856
0.153814271092414856
0.153814271092414856
0.153814271092414856
0.153814271092414856
0.153814271092414856
0.153823658823966980
0.153814256191253662
0.153814271092414856
0.153814271092414856
0.153814271092414856
0.153814271092414856
0.153814271092414856
0.153814271092414856
0.153814271092414856
0.153814271092414856
0.153814271092414856
0.153814271092414856
0.153814271092414856
0.153823658823966980
0.153814271092414856
0.153814271092414856
0.153814271092414856
0.153814271092414856
0.153814271092414856
0.153814271092414856
0.153814271092414856
0.153814271092414856
0.153814271092414856
0.153814271092414856
0.153814271092414856
0.153814271092414856
0.153823658823966980
0.153814271092414856
0.153814271092414856
0.153814271092414856
0.153814271092414856
0.153814271092414856
0.153814271092414856
0.153814271092414856
0.153814271092414856
0.153814271092414856
0.153814271092414856
0.153814271092414856
0.153814271092414856
0.153823658823966980
0.153814256191253662
0.153814271092414856
0.153814271092414856
0.153814271092414856
0.153814271092414856
0.153814271092414856
0.153814271092414856
0.153814271092414856
0.153814271092414856
0.153814271092414856
0.153814271092414856
0.153814271092414856
0.153823658823966980
0.153814256191253662
0.153814271092414856
0.153814271092414856
0.153814271092414856
0.153814271092414856
0.153814271092414856
0.153814271092414856
0.153814271092414856
0.153814271092414856
0.153814271092414856
0.153814271092414856
0.153814271092414856
0.105773925781250000
0.105773925781250000
0.105773925781250000
0.105773925781250000
0.105773925781250000
0.105773925781250000
0.105773925781250000
0.105773925781250000
0.105773925781250000
0.105773925781250000
0.105773925781250000
0.105773925781250000
0.105773925781250000
0.105773925781250000
0.105773925781250000
0.105773925781250000
0.105773925781250000
0.105773925781250000
0.105773925781250000
0.105773925781250000
0.105773925781250000
0.105773925781250000
0.105773925781250000
0.105773925781250000
0.105773925781250000
0.105773925781250000
0.105773925781250000
0.105773925781250000
0.105773925781250000
0.105773925781250000
0.105773925781250000
0.105773925781250000
0.105773925781250000
0.105773925781250000
0.105773925781250000
0.105773925781250000
0.105773925781250000
0.105773925781250000
0.105773925781250000
0.105773925781250000
0.105773925781250000
0.105773925781250000
0.105773925781250000
0.105773925781250000
0.105773925781250000
0.105773925781250000
0.105773925781250000
0.105773925781250000
0.105773925781250000
0.105773925781250000
0.105773925781250000
0.105773925781250000
0.105773925781250000
0.105773925781250000
0.105773925781250000
0.105773925781250000
0.105773925781250000
0.105773925781250000
0.105773925781250000
0.105773925781250000
0.105773925781250000
0.105773925781250000
0.105773925781250000
0.105773925781250000
0.105773925781250000
0.105773925781250000
0.105773925781250000
0.105773925781250000
0.105773925781250000
0.105773925781250000
0.105773925781250000
0.105773925781250000
0.105773925781250000
0.105773925781250000
0.105773925781250000
0.105773925781250000
0.105773925781250000
0.105773925781250000
0.105773925781250000
0.105773925781250000
0.105773925781250000
0.105773925781250000
0.105773925781250000
0.105773925781250000
0.105773925781250000
0.105773925781250000
0.105773925781250000
0.105773925781250000
0.105773925781250000
0.105773925781250000
0.105773925781250000
0.280976325273513794
0.283646523952484131
0.283731549978256226
0.283671945333480835
0.283700823783874512
0.283676177263259888
0.283712148666381836
0.283712059259414673
0.283709973096847534
0.283688902854919434
0.283672302961349487
0.283716320991516113
0.283566743135452271
0.279405534267425537
0.282595038414001465
0.282636523246765137
0.282614886760711670
0.282612353563308716
0.282600820064544678
0.282608658075332642
0.282644897699356079
0.282633066177368164
0.282649189233779907
0.282601743936538696
0.282688915729522705
0.282495677471160889
0.279417604207992554
0.282578229904174805
0.282604664564132690
0.282616972923278809
0.282612860202789307
0.282649815082550049
0.282621800899505615
0.282617360353469849
0.282678067684173584
0.282615542411804199
0.282622486352920532
0.282642155885696411
0.282541543245315552
0.279405385255813599
0.282568514347076416
0.282670140266418457
0.282619565725326538
0.282627552747726440
0.282652348279953003
0.282612621784210205
0.282571434974670410
0.282634943723678589
0.282676875591278076
0.282619595527648926
0.282640248537063599
0.282535910606384277
0.279402077198028564
0.282569080591201782
0.282606899738311768
0.282619059085845947
0.282616913318634033
0.282624870538711548
0.282614260911941528
0.282611519098281860
0.282599270343780518
0.282620489597320557
0.282614648342132568
0.282638490200042725
0.282568633556365967
0.279381990432739258
0.282597184181213379
0.282621055841445923
0.282611191272735596
0.282602936029434204
0.282639801502227783
0.282611787319183350
0.282618820667266846
0.282619833946228027
0.282623291015625000
0.282693237066268921
0.282632261514663696
0.282567292451858521
0.279392510652542114
0.282565861940383911
0.282617598772048950
0.282590806484222412
0.282597124576568604
0.282666087150573730
0.282844960689544678
0.282590121030807495
0.282608181238174438
0.282567381858825684
0.282640218734741211
0.282624125480651855
0.282557457685470581
0.395019650459289551
0.395019590854644775
0.395019620656967163
0.395019620656967163
0.395019590854644775
0.395019590854644775
0.395019590854644775
0.395019620656967163
0.395019590854644775
0.395019590854644775
0.395019620656967163
0.395019620656967163
0.395019590854644775
0.395019620656967163
0.395019590854644775
0.395019590854644775
0.395019561052322388
0.395019561052322388
0.395019561052322388
0.395019561052322388
0.395019561052322388
0.395019561052322388
0.395019561052322388
0.395019590854644775
0.395019590854644775
0.395019531250000000
0.395019620656967163
0.395019590854644775
0.395019590854644775
0.395019561052322388
0.395019561052322388
0.395019561052322388
0.395019561052322388
0.395019561052322388
0.395019561052322388
0.395019561052322388
0.395019561052322388
0.395019590854644775
0.395019531250000000
0.395019620656967163
0.395019590854644775
0.395019590854644775
0.395019561052322388
0.395019561052322388
0.395019561052322388
0.395019561052322388
0.395019561052322388
0.395019561052322388
0.395019561052322388
0.395019590854644775
0.395019590854644775
0.395019531250000000
0.395019620656967163
0.395019590854644775
0.395019590854644775
0.395019561052322388
0.395019561052322388
0.395019561052322388
0.395019561052322388
0.395019561052322388
0.395019561052322388
0.395019561052322388
0.395019590854644775
0.395019590854644775
0.395019531250000000
0.395019620656967163
0.395019590854644775
0.395019590854644775
0.395019561052322388
0.395019561052322388
0.395019561052322388
0.395019561052322388
0.395019561052322388
0.395019561052322388
0.395019561052322388
0.395019590854644775
0.395019590854644775
0.395019561052322388
0.395019650459289551
0.395019590854644775
0.395019590854644775
0.395019590854644775
0.395019561052322388
0.395019561052322388
0.395019590854644775
0.395019590854644775
0.395019590854644775
0.395019590854644775
0.395019590854644775
0.395019590854644775
0.395019531250000000
-0.034179687500000000
-0.034179687500000000
-0.034179687500000000
-0.034179687500000000
-0.034179687500000000
-0.034179687500000000
-0.034179687500000000
-0.034179687500000000
-0.034179687500000000
-0.034179687500000000
-0.034179687500000000
-0.034179687500000000
-0.034179687500000000
-0.034179687500000000
-0.034179687500000000
-0.034179687500000000
-0.034179687500000000
-0.034179687500000000
-0.034179687500000000
-0.034179687500000000
-0.034179687500000000
-0.034179687500000000
-0.034179687500000000
-0.034179687500000000
-0.034179687500000000
-0.034179687500000000
-0.034179687500000000
-0.034179687500000000
-0.034179687500000000
-0.034179687500000000
-0.034179687500000000
-0.034179687500000000
-0.034179687500000000
-0.034179687500000000
-0.034179687500000000
-0.034179687500000000
-0.034179687500000000
-0.034179687500000000
-0.034179687500000000
-0.034179687500000000
-0.034179687500000000
-0.034179687500000000
-0.034179687500000000
-0.034179687500000000
-0.034179687500000000
-0.034179687500000000
-0.034179687500000000
-0.034179687500000000
-0.034179687500000000
-0.034179687500000000
-0.034179687500000000
-0.034179687500000000
-0.034179687500000000
-0.034179687500000000
-0.034179687500000000
-0.034179687500000000
-0.034179687500000000
-0.034179687500000000
-0.034179687500000000
-0.034179687500000000
-0.034179687500000000
-0.034179687500000000
-0.034179687500000000
-0.034179687500000000
-0.034179687500000000
-0.034179687500000000
-0.034179687500000000
-0.034179687500000000
-0.034179687500000000
-0.034179687500000000
-0.034179687500000000
-0.034179687500000000
-0.034179687500000000
-0.034179687500000000
-0.034179687500000000
-0.034179687500000000
-0.034179687500000000
-0.034179687500000000
-0.034179687500000000
-0.034179687500000000
-0.034179687500000000
-0.034179687500000000
-0.034179687500000000
-0.034179687500000000
-0.034179687500000000
-0.034179687500000000
-0.034179687500000000
-0.034179687500000000
-0.034179687500000000
-0.034179687500000000
-0.034179687500000000
-0.992005527019500732
-0.992585361003875732
-0.992585361003875732
-0.992585361003875732
-0.992585361003875732
-0.992585361003875732
-0.992585361003875732
-0.992585361003875732
-0.992585361003875732
-0.992585361003875732
-0.992585361003875732
-0.992585361003875732
-0.992585361003875732
-0.991664230823516846
-0.992303609848022461
-0.992303669452667236
-0.992303669452667236
-0.992303669452667236
-0.992303669452667236
-0.992303669452667236
-0.992303669452667236
-0.992303669452667236
-0.992303669452667236
-0.992303669452667236
-0.992303669452667236
-0.992303669452667236
-0.991664230823516846
-0.992303609848022461
-0.992303669452667236
-0.992303669452667236
-0.992303669452667236
-0.992303669452667236
-0.992303669452667236
-0.992303669452667236
-0.992303669452667236
-0.992303669452667236
-0.992303669452667236
-0.992303669452667236
-0.992303669452667236
-0.991664230823516846
-0.992303609848022461
-0.992303669452667236
-0.992303669452667236
-0.992303669452667236
-0.992303669452667236
-0.992303669452667236
-0.992303669452667236
-0.992303669452667236
-0.992303669452667236
-0.992303669452667236
-0.992303669452667236
-0.992303669452667236
-0.991664230823516846
-0.992303609848022461
-0.992303669452667236
-0.992303669452667236
-0.992303669452667236
-0.992303669452667236
-0.992303669452667236
-0.992303669452667236
-0.992303669452667236
-0.992303669452667236
-0.992303669452667236
-0.992303609848022461
-0.992303669452667236
-0.991664230823516846
-0.992303609848022461
-0.992303669452667236
-0.992303669452667236
-0.992303669452667236
-0.992303669452667236
-0.992303669452667236
-0.992303669452667236
-0.992303669452667236
-0.992303669452667236
-0.992303669452667236
-0.992303669452667236
-0.992303669452667236
-0.991664230823516846
-0.992303609848022461
-0.992303669452667236
-0.992303669452667236
-0.992303669452667236
-0.992303669452667236
-0.992303669452667236
-0.992303669452667236
-0.992303669452667236
-0.992303669452667236
-0.992303669452667236
-0.992303669452667236
-0.992303669452667236
0.384521514177322388
0.384521514177322388
0.384521514177322388
0.384521514177322388
0.384521514177322388
0.384521514177322388
0.384521514177322388
0.384521514177322388
0.384521514177322388
0.384521514177322388
0.384521514177322388
0.384521514177322388
0.384521514177322388
0.384521514177322388
0.384521514177322388
0.384521514177322388
0.384521514177322388
0.384521514177322388
0.384521514177322388
0.384521514177322388
0.384521514177322388
0.384521514177322388
0.384521514177322388
0.384521514177322388
0.384521514177322388
0.384521514177322388
0.384521514177322388
0.384521514177322388
0.384521514177322388
0.384521514177322388
0.384521514177322388
0.384521514177322388
0.384521514177322388
0.384521514177322388
0.384521514177322388
0.384521514177322388
0.384521514177322388
0.384521514177322388
0.384521514177322388
0.384521514177322388
0.384521514177322388
0.384521514177322388
0.384521514177322388
0.384521514177322388
0.384521514177322388
0.384521514177322388
0.384521514177322388
0.384521514177322388
0.384521514177322388
0.384521514177322388
0.384521514177322388
0.384521514177322388
0.384521514177322388
0.384521514177322388
0.384521514177322388
0.384521514177322388
0.384521514177322388
0.384521514177322388
0.384521514177322388
0.384521514177322388
0.384521514177322388
0.384521514177322388
0.384521514177322388
0.384521514177322388
0.384521514177322388
0.384521514177322388
0.384521514177322388
0.384521514177322388
0.384521514177322388
0.384521514177322388
0.384521514177322388
0.384521514177322388
0.384521514177322388
0.384521514177322388
0.384521514177322388
0.384521514177322388
0.384521514177322388
0.384521514177322388
0.384521514177322388
0.384521514177322388
0.384521514177322388
0.384521514177322388
0.384521514177322388
0.384521514177322388
0.384521514177322388
0.384521514177322388
0.384521514177322388
0.384521514177322388
0.384521514177322388
0.384521514177322388
0.384521514177322388
1.099609732627868652
1.099609732627868652
1.099609732627868652
1.099609732627868652
1.099609732627868652
1.099609732627868652
1.099609732627868652
1.099609732627868652
1.099609732627868652
1.099609732627868652
1.099609732627868652
1.099609732627868652
1.099609732627868652
1.099609613418579102
1.099609613418579102
1.099609613418579102
1.099609613418579102
1.099609613418579102
1.099609613418579102
1.099609613418579102
1.099609613418579102
1.099609613418579102
1.099609613418579102
1.099609613418579102
1.099609613418579102
1.099609613418579102
1.099609613418579102
1.099609613418579102
1.099609613418579102
1.099609613418579102
1.099609613418579102
1.099609613418579102
1.099609613418579102
1.099609613418579102
1.099609613418579102
1.099609613418579102
1.099609613418579102
1.099609613418579102
1.099609613418579102
1.099609613418579102
1.099609613418579102
1.099609613418579102
1.099609613418579102
1.099609613418579102
1.099609613418579102
1.099609613418579102
1.099609613418579102
1.099609613418579102
1.099609613418579102
1.099609613418579102
1.099609613418579102
1.099609613418579102
1.099609613418579102
1.099609613418579102
1.099609613418579102
1.099609613418579102
1.099609613418579102
1.099609613418579102
1.099609613418579102
1.099609613418579102
1.099609613418579102
1.099609613418579102
1.099609613418579102
1.099609613418579102
1.099609613418579102
1.099609613418579102
1.099609613418579102
1.099609613418579102
1.099609613418579102
1.099609613418579102
1.099609613418579102
1.099609613418579102
1.099609613418579102
1.099609613418579102
1.099609613418579102
1.099609613418579102
1.099609613418579102
1.099609613418579102
1.099609613418579102
1.099609613418579102
1.099609613418579102
1.099609613418579102
1.099609613418579102
1.099609613418579102
1.099609613418579102
1.099609613418579102
1.099609613418579102
1.099609613418579102
1.099609613418579102
1.099609613418579102
1.099609613418579102
-0.239671900868415833
-0.239663913846015930
-0.239663943648338318
-0.239663913846015930
-0.239663928747177124
-0.239663943648338318
-0.239663928747177124
-0.239663913846015930
-0.239663928747177124
-0.239663913846015930
-0.239663913846015930
-0.239663839340209961
-0.239663735032081604
-0.239677980542182922
-0.239670664072036743
-0.239670619368553162
-0.239670619368553162
-0.239670604467391968
-0.239670619368553162
-0.239670619368553162
-0.239670619368553162
-0.239670604467391968
-0.239670619368553162
-0.239670619368553162
-0.239670544862747192
-0.239670440554618835
-0.239677995443344116
-0.239670634269714355
-0.239670589566230774
-0.239670589566230774
-0.239670589566230774
-0.239670574665069580
-0.239670604467391968
-0.239670589566230774
-0.239670604467391968
-0.239670604467391968
-0.239670589566230774
-0.239670529961585999
-0.239670410752296448
-0.239677950739860535
-0.239670678973197937
-0.239670589566230774
-0.239670589566230774
-0.239670589566230774
-0.239670574665069580
-0.239670604467391968
-0.239670589566230774
-0.239670589566230774
-0.239670604467391968
-0.239670589566230774
-0.239670559763908386
-0.239670336246490479
-0.239677995443344116
-0.239670664072036743
-0.239670589566230774
-0.239670604467391968
-0.239670604467391968
-0.239670604467391968
-0.239670589566230774
-0.239670604467391968
-0.239670604467391968
-0.239670604467391968
-0.239670604467391968
-0.239670544862747192
-0.239670366048812866
-0.239677995443344116
-0.239670664072036743
-0.239670589566230774
-0.239670604467391968
-0.239670619368553162
-0.239670589566230774
-0.239670604467391968
-0.239670589566230774
-0.239670589566230774
-0.239670589566230774
-0.239670589566230774
-0.239670544862747192
-0.239670455455780029
-0.239678040146827698
-0.239670678973197937
-0.239670604467391968
-0.239670664072036743
-0.239670649170875549
-0.239670589566230774
-0.239670693874359131
-0.239670664072036743
-0.239670664072036743
-0.239670604467391968
-0.239670634269714355
-0.239670559763908386
-0.239670559763908386
-1.997177124023437500
-1.526111721992492676
-1.489807963371276855
-1.564949512481689453
-1.424794673919677734
-1.381490349769592285
-1.312787294387817383
-1.220753669738769531
-1.416073799133300781
-1.374780893325805664
-1.510280489921569824
-1.506035208702087402
-0.770120859146118164
-0.937850713729858398
1.256966114044189453
1.168281078338623047
1.769655704498291016
1.725488662719726562
1.537261009216308594
1.450768470764160156
1.434029102325439453
1.303472518920898438
1.566339969635009766
1.490675449371337891
1.337993621826171875
3.100588321685791016
-1.388932108879089355
0.943574905395507812
0.507668018341064453
1.321284294128417969
1.161122322082519531
0.557319879531860352
0.972361087799072266
1.268208980560302734
0.984497070312500000
0.896466970443725586
1.152833461761474609
1.246838092803955078
3.115630626678466797
-1.153619527816772461
0.940534591674804688
0.725503683090209961
1.188202381134033203
1.001493930816650391
0.344421386718750000
0.619108676910400391
0.746011257171630859
1.059020519256591797
1.113453865051269531
1.067191600799560547
1.142749786376953125
3.006901264190673828
-1.469683885574340820
0.921444416046142578
1.185401916503906250
1.171274662017822266
0.526060342788696289
0.797899723052978516
0.735205650329589844
0.841887474060058594
0.634845018386840820
0.891976594924926758
0.726749181747436523
0.967809200286865234
3.861038684844970703
-1.399375319480895996
0.848380804061889648
0.982264518737792969
1.006156444549560547
0.895738363265991211
1.113507747650146484
1.171467304229736328
0.749406576156616211
0.629616260528564453
1.064393520355224609
1.035966873168945312
1.015001773834228516
3.202401161193847656
-1.341951131820678711
0.836400508880615234
0.788256406784057617
0.518867254257202148
0.329613447189331055
0.130502223968505859
0.594290971755981445
0.381677627563476562
0.212941169738769531
0.635043382644653320
1.284187316894531250
1.205014228820800781
2.003510475158691406
0.497027724981307983
0.486433833837509155
0.481711477041244507
0.484387814998626709
0.483404248952865601
0.486198753118515015
0.486289203166961670
0.484952747821807861
0.482555717229843140
0.481397300958633423
0.484039902687072754
0.461766064167022705
0.520088672637939453
0.507282078266143799
0.481309175491333008
0.479579925537109375
0.478247165679931641
0.473910689353942871
0.474048912525177002
0.475911468267440796
0.474815130233764648
0.473477482795715332
0.475139975547790527
0.473635286092758179
0.443772286176681519
0.562379539012908936
0.508082628250122070
0.480406880378723145
0.479992300271987915
0.476305603981018066
0.472020506858825684
0.470728069543838501
0.474196732044219971
0.474584877490997314
0.472917497158050537
0.472793757915496826
0.472996026277542114
0.442344486713409424
0.574170947074890137
0.506527781486511230
0.484138369560241699
0.476015567779541016
0.473897784948348999
0.472648739814758301
0.471155256032943726
0.474120914936065674
0.474448502063751221
0.473093181848526001
0.474506914615631104
0.472149193286895752
0.440807580947875977
0.580192804336547852
0.506780683994293213
0.484489947557449341
0.477580368518829346
0.474188625812530518
0.473839282989501953
0.472857117652893066
0.472661465406417847
0.473425775766372681
0.474718302488327026
0.474298626184463501
0.473590135574340820
0.441103100776672363
0.574506819248199463
0.509184300899505615
0.482769101858139038
0.478587836027145386
0.477550625801086426
0.474178940057754517
0.475876688957214355
0.472764611244201660
0.471910268068313599
0.477489173412322998
0.478474676609039307
0.474651396274566650
0.441943585872650146
0.571822345256805420
0.504845738410949707
0.484003752470016479
0.478837370872497559
0.478784769773483276
0.472211331129074097
0.473876655101776123
0.478653013706207275
0.475777506828308105
0.474899828433990479
0.482373327016830444
0.479850858449935913
0.447924107313156128
0.527775824069976807
-1.129312515258789062
-1.129157662391662598
-1.129147410392761230
-1.129145145416259766
-1.129141807556152344
-1.129144430160522461
-1.129148483276367188
-1.129148840904235840
-1.129149436950683594
-1.129148483276367188
-1.129135489463806152
-1.129149317741394043
-1.129144668579101562
-1.129260540008544922
-1.128942966461181641
-1.128956198692321777
-1.128952503204345703
-1.128953099250793457
-1.128942608833312988
-1.128941297531127930
-1.128949642181396484
-1.128950595855712891
-1.128947615623474121
-1.128951787948608398
-1.128971457481384277
-1.128931283950805664
-1.129258990287780762
-1.128957986831665039
-1.128969073295593262
-1.128963232040405273
-1.128964304924011230
-1.128950953483581543
-1.128953218460083008
-1.128946542739868164
-1.128959655761718750
-1.128952383995056152
-1.128954410552978516
-1.128966569900512695
-1.128939270973205566
-1.129263401031494141
-1.128961563110351562
-1.128972411155700684
-1.128962874412536621
-1.128954529762268066
-1.128951787948608398
-1.128936886787414551
-1.128943204879760742
-1.128942728042602539
-1.128953814506530762
-1.128959655761718750
-1.128970265388488770
-1.128924846649169922
-1.129261493682861328
-1.128958702087402344
-1.128978610038757324
-1.128959655761718750
-1.128958225250244141
-1.128946423530578613
-1.128941416740417480
-1.128941655158996582
-1.128948330879211426
-1.128947138786315918
-1.128959774971008301
-1.128973126411437988
-1.128928780555725098
-1.129261493682861328
-1.128953576087951660
-1.128973007202148438
-1.128958463668823242
-1.128961682319641113
-1.128961801528930664
-1.128961563110351562
-1.128944993019104004
-1.128954648971557617
-1.128953933715820312
-1.128942489624023438
-1.128952980041503906
-1.128917455673217773
-1.129252791404724121
-1.128964304924011230
-1.128982186317443848
-1.128960371017456055
-1.128933906555175781
-1.128943681716918945
-1.128941535949707031
-1.128941178321838379
-1.128950357437133789
-1.128953099250793457
-1.128954529762268066
-1.128987669944763184
-1.128957033157348633
-0.392576664686203003
-0.392576873302459717
-0.392576873302459717
-0.392576873302459717
-0.392576873302459717
-0.392576873302459717
-0.392576873302459717
-0.392576873302459717
-0.392576873302459717
-0.392576873302459717
-0.392576873302459717
-0.392576873302459717
-0.392576873302459717
-0.392576754093170166
-0.392577081918716431
-0.392577081918716431
-0.392577081918716431
-0.392577081918716431
-0.392577081918716431
-0.392577081918716431
-0.392577081918716431
-0.392577081918716431
-0.392577081918716431
-0.392577081918716431
-0.392577081918716431
-0.392577081918716431
-0.392576754093170166
-0.392577081918716431
-0.392577081918716431
-0.392577081918716431
-0.392577081918716431
-0.392577081918716431
-0.392577081918716431
-0.392577081918716431
-0.392577081918716431
-0.392577081918716431
-0.392577081918716431
-0.392577081918716431
-0.392577081918716431
-0.392576754093170166
-0.392577081918716431
-0.392577081918716431
-0.392577081918716431
-0.392577081918716431
-0.392577081918716431
-0.392577081918716431
-0.392577081918716431
-0.392577081918716431
-0.392577081918716431
-0.392577081918716431
-0.392577081918716431
-0.392577081918716431
-0.392576754093170166
-0.392577081918716431
-0.392577081918716431
-0.392577081918716431
-0.392577081918716431
-0.392577081918716431
-0.392577081918716431
-0.392577081918716431
-0.392577081918716431
-0.392577081918716431
-0.392577081918716431
-0.392577081918716431
-0.392577081918716431
-0.392576754093170166
-0.392577081918716431
-0.392577081918716431
-0.392577081918716431
-0.392577081918716431
-0.392577081918716431
-0.392577081918716431
-0.392577081918716431
-0.392577081918716431
-0.392577081918716431
-0.392577081918716431
-0.392577081918716431
-0.392577081918716431
-0.392576754093170166
-0.392577081918716431
-0.392577081918716431
-0.392577081918716431
-0.392577081918716431
-0.392577081918716431
-0.392577081918716431
-0.392577081918716431
-0.392577081918716431
-0.392577081918716431
-0.392577081918716431
-0.392577081918716431
-0.392577081918716431
-0.199172347784042358
-0.199135825037956238
-0.199137255549430847
-0.199137270450592041
-0.199137330055236816
-0.199137508869171143
-0.199136584997177124
-0.199136286973953247
-0.199136361479759216
-0.199136897921562195
-0.199136659502983093
-0.199137344956398010
-0.199137166142463684
-0.199140667915344238
-0.199080154299736023
-0.199082806706428528
-0.199083134531974792
-0.199082866311073303
-0.199083283543586731
-0.199083313345909119
-0.199083283543586731
-0.199083089828491211
-0.199083179235458374
-0.199082046747207642
-0.199083119630813599
-0.199080705642700195
-0.199141278862953186
-0.199078097939491272
-0.199080467224121094
-0.199083060026168823
-0.199082419276237488
-0.199083119630813599
-0.199083417654037476
-0.199081525206565857
-0.199082717299461365
-0.199083477258682251
-0.199082165956497192
-0.199083283543586731
-0.199075326323509216
-0.199140667915344238
-0.199079856276512146
-0.199082538485527039
-0.199083074927330017
-0.199082836508750916
-0.199075937271118164
-0.199072197079658508
-0.199078693985939026
-0.199082687497138977
-0.199082911014556885
-0.199082314968109131
-0.199083521962165833
-0.199062556028366089
-0.199140831828117371
-0.199080049991607666
-0.199081689119338989
-0.199082687497138977
-0.199082940816879272
-0.199082687497138977
-0.199082076549530029
-0.199082881212234497
-0.199083089828491211
-0.199083298444747925
-0.199082508683204651
-0.199083447456359863
-0.199073091149330139
-0.199140995740890503
-0.199079915881156921
-0.199082419276237488
-0.199070453643798828
-0.199078276753425598
-0.199081271886825562
-0.199081689119338989
-0.199079811573028564
-0.199075758457183838
-0.199081599712371826
-0.199081778526306152
-0.199083551764488220
-0.199086561799049377
-0.199140951037406921
-0.199079245328903198
-0.199080467224121094
-0.199053153395652771
-0.199054166674613953
-0.199051633477210999
-0.199077039957046509
-0.199079602956771851
-0.199071139097213745
-0.199073851108551025
-0.199074462056159973
-0.199080914258956909
-0.199077665805816650
-0.258301556110382080
-0.258300304412841797
-0.258300423622131348
-0.258299797773361206
-0.258299648761749268
-0.258299529552459717
-0.258299440145492554
-0.258299440145492554
-0.258299648761749268
-0.258299678564071655
-0.258299618959426880
-0.258299589157104492
-0.258299171924591064
-0.258301734924316406
-0.258299380540847778
-0.258299440145492554
-0.258298397064208984
-0.258297830820083618
-0.258298426866531372
-0.258298605680465698
-0.258298248052597046
-0.258298158645629883
-0.258298426866531372
-0.258297562599182129
-0.258297681808471680
-0.258297741413116455
-0.258302509784698486
-0.258299499750137329
-0.258299857378005981
-0.258299440145492554
-0.258299320936203003
-0.258299767971038818
-0.258299797773361206
-0.258299112319946289
-0.258298814296722412
-0.258299887180328369
-0.258299201726913452
-0.258298814296722412
-0.258298844099044800
-0.258302867412567139
-0.258300215005874634
-0.258298635482788086
-0.258298844099044800
-0.258299618959426880
-0.258299946784973145
-0.258300423622131348
-0.258300095796585083
-0.258300423622131348
-0.258300215005874634
-0.258300691843032837
-0.258299380540847778
-0.258298397064208984
-0.258302778005599976
-0.258300513029098511
-0.258299976587295532
-0.258299589157104492
-0.258299678564071655
-0.258299350738525391
-0.258299976587295532
-0.258300185203552246
-0.258301258087158203
-0.258300811052322388
-0.258301079273223877
-0.258300185203552246
-0.258299529552459717
-0.258303225040435791
-0.258299946784973145
-0.258299946784973145
-0.258299767971038818
-0.258301049470901489
-0.258298933506011963
-0.258299559354782104
-0.258300453424453735
-0.258300185203552246
-0.258299887180328369
-0.258299469947814941
-0.258299887180328369
-0.258300691843032837
-0.258303105831146240
-0.258299708366394043
-0.258298635482788086
-0.258298486471176147
-0.258300632238388062
-0.258298546075820923
-0.258298516273498535
-0.258299052715301514
-0.258298844099044800
-0.258298903703689575
-0.258298248052597046
-0.258298635482788086
-0.258298635482788086
0.178957045078277588
0.178956806659698486
0.178956806659698486
0.178956806659698486
0.178956806659698486
0.178956806659698486
0.178956806659698486
0.178956806659698486
0.178956806659698486
0.178956806659698486
0.178956806659698486
0.178956806659698486
0.178956806659698486
0.178954288363456726
0.178952544927597046
0.178952544927597046
0.178952544927597046
0.178952544927597046
0.178952544927597046
0.178952544927597046
0.178952544927597046
0.178952544927597046
0.178952544927597046
0.178952544927597046
0.178952530026435852
0.178952530026435852
0.178954288363456726
0.178952544927597046
0.178952544927597046
0.178952544927597046
0.178952544927597046
0.178952544927597046
0.178952544927597046
0.178952544927597046
0.178952544927597046
0.178952544927597046
0.178952544927597046
0.178952544927597046
0.178952530026435852
0.178954288363456726
0.178952544927597046
0.178952544927597046
0.178952544927597046
0.178952544927597046
0.178952544927597046
0.178952544927597046
0.178952544927597046
0.178952544927597046
0.178952544927597046
0.178952544927597046
0.178952544927597046
0.178952530026435852
0.178954288363456726
0.178952544927597046
0.178952544927597046
0.178952544927597046
0.178952544927597046
0.178952544927597046
0.178952544927597046
0.178952544927597046
0.178952544927597046
0.178952544927597046
0.178952544927597046
0.178952544927597046
0.178952530026435852
0.178954288363456726
0.178952544927597046
0.178952544927597046
0.178952544927597046
0.178952544927597046
0.178952544927597046
0.178952544927597046
0.178952544927597046
0.178952544927597046
0.178952544927597046
0.178952544927597046
0.178952530026435852
0.178952530026435852
0.178954288363456726
0.178952544927597046
0.178952544927597046
0.178952544927597046
0.178952544927597046
0.178952544927597046
0.178952544927597046
0.178952544927597046
0.178952544927597046
0.178952544927597046
0.178952544927597046
0.178952544927597046
0.178952530026435852
-0.025861656293272972
-0.038641333580017090
-0.038641676306724548
-0.038642495870590210
-0.038642238825559616
-0.038642890751361847
-0.038643054664134979
-0.038641933351755142
-0.038641937077045441
-0.038642145693302155
-0.038642227649688721
-0.038640931248664856
-0.038646094501018524
-0.000229056924581528
-0.007927011698484421
-0.007923638448119164
-0.007926188409328461
-0.007924586534500122
-0.007924541831016541
-0.007925176993012428
-0.007924949750304222
-0.007924593985080719
-0.007925994694232941
-0.007928797975182533
-0.007921056821942329
-0.007923427969217300
-0.000230049714446068
-0.007928092032670975
-0.007923288270831108
-0.007925143465399742
-0.007923914119601250
-0.007923806086182594
-0.007923984900116920
-0.007925294339656830
-0.007924279198050499
-0.007923983037471771
-0.007927769795060158
-0.007919404655694962
-0.007923692464828491
-0.000230683013796806
-0.007927827537059784
-0.007921444252133369
-0.007925299927592278
-0.007924662902951241
-0.007922759279608727
-0.007922792807221413
-0.007924214005470276
-0.007925048470497131
-0.007924590259790421
-0.007926767691969872
-0.007918823510408401
-0.007925530895590782
-0.000229943543672562
-0.007927633821964264
-0.007925236597657204
-0.007924504578113556
-0.007923660799860954
-0.007923247292637825
-0.007923912256956100
-0.007924657315015793
-0.007924208417534828
-0.007923491299152374
-0.007925022393465042
-0.007919853553175926
-0.007924608886241913
-0.000228440389037132
-0.007927153259515762
-0.007923100143671036
-0.007924890145659447
-0.007922146469354630
-0.007924249395728111
-0.007924679666757584
-0.007922964170575142
-0.007923990488052368
-0.007926402613520622
-0.007927013561129570
-0.007918415591120720
-0.007922613993287086
-0.000229747965931892
-0.007930397987365723
-0.007923016324639320
-0.007928175851702690
-0.007925089448690414
-0.007925538346171379
-0.007926298305392265
-0.007925918325781822
-0.007923804223537445
-0.007926592603325844
-0.007929749786853790
-0.007920287549495697
-0.007924456149339676
0.498291581869125366
0.498291730880737305
0.498291730880737305
0.498291730880737305
0.498291730880737305
0.498291730880737305
0.498291730880737305
0.498291730880737305
0.498291730880737305
0.498291730880737305
0.498291730880737305
0.498291730880737305
0.498291730880737305
0.498291373252868652
0.498291462659835815
0.498291462659835815
0.498291462659835815
0.498291462659835815
0.498291462659835815
0.498291462659835815
0.498291462659835815
0.498291462659835815
0.498291462659835815
0.498291462659835815
0.498291462659835815
0.498291462659835815
0.498291373252868652
0.498291462659835815
0.498291462659835815
0.498291462659835815
0.498291462659835815
0.498291462659835815
0.498291462659835815
0.498291462659835815
0.498291462659835815
0.498291462659835815
0.498291462659835815
0.498291462659835815
0.498291462659835815
0.498291373252868652
0.498291462659835815
0.498291462659835815
0.498291462659835815
0.498291462659835815
0.498291462659835815
0.498291462659835815
0.498291462659835815
0.498291462659835815
0.498291462659835815
0.498291462659835815
0.498291462659835815
0.498291462659835815
0.498291373252868652
0.498291462659835815
0.498291462659835815
0.498291462659835815
0.498291462659835815
0.498291462659835815
0.498291462659835815
0.498291462659835815
0.498291462659835815
0.498291462659835815
0.498291462659835815
0.498291462659835815
0.498291462659835815
0.498291373252868652
0.498291462659835815
0.498291462659835815
0.498291462659835815
0.498291462659835815
0.498291462659835815
0.498291462659835815
0.498291462659835815
0.498291462659835815
0.498291462659835815
0.498291462659835815
0.498291462659835815
0.498291462659835815
0.498291373252868652
0.498291462659835815
0.498291462659835815
0.498291462659835815
0.498291462659835815
0.498291462659835815
0.498291462659835815
0.498291462659835815
0.498291462659835815
0.498291462659835815
0.498291462659835815
0.498291462659835815
0.498291462659835815
0.275219380855560303
0.265760987997055054
0.266208946704864502
0.266108691692352295
0.265746861696243286
0.266047567129135132
0.265372008085250854
0.265174448490142822
0.265142947435379028
0.265476346015930176
0.265680998563766479
0.265364944934844971
0.266535997390747070
0.269318103790283203
0.253071308135986328
0.252857238054275513
0.252137422561645508
0.251413911581039429
0.252034544944763184
0.251772046089172363
0.252244979143142700
0.251237601041793823
0.251826047897338867
0.251538366079330444
0.251728683710098267
0.254113912582397461
0.269813120365142822
0.253334939479827881
0.252868950366973877
0.253081500530242920
0.251648217439651489
0.252067983150482178
0.251634418964385986
0.252093672752380371
0.250645220279693604
0.253579318523406982
0.252294838428497314
0.252140283584594727
0.252334177494049072
0.269116193056106567
0.251540333032608032
0.252584815025329590
0.253694653511047363
0.252772301435470581
0.252306163311004639
0.252064585685729980
0.252124398946762085
0.251740694046020508
0.252651691436767578
0.253742694854736328
0.252582311630249023
0.252366840839385986
0.268907099962234497
0.251423984766006470
0.251732051372528076
0.251753449440002441
0.252074092626571655
0.251846253871917725
0.252603888511657715
0.252116352319717407
0.251503467559814453
0.252497822046279907
0.254071205854415894
0.253486990928649902
0.252834826707839966
0.268867045640945435
0.252264916896820068
0.252032697200775146
0.251788347959518433
0.250928014516830444
0.251206845045089722
0.251694738864898682
0.251227289438247681
0.251494139432907104
0.252521425485610962
0.251718133687973022
0.253982067108154297
0.253739148378372192
0.269340723752975464
0.252336114645004272
0.251386225223541260
0.253105133771896362
0.251449912786483765
0.250964164733886719
0.251221299171447754
0.252705633640289307
0.251754313707351685
0.251641839742660522
0.250660896301269531
0.251556068658828735
0.253484696149826050
0.029678344726562500
0.029678344726562500
0.029678344726562500
0.029678344726562500
0.029678344726562500
0.029678344726562500
0.029678344726562500
0.029678344726562500
0.029678344726562500
0.029678344726562500
0.029678344726562500
0.029678344726562500
0.029678344726562500
0.029678344726562500
0.029678344726562500
0.029678344726562500
0.029678344726562500
0.029678344726562500
0.029678344726562500
0.029678344726562500
0.029678344726562500
0.029678344726562500
0.029678344726562500
0.029678344726562500
0.029678344726562500
0.029678344726562500
0.029678344726562500
0.029678344726562500
0.029678344726562500
0.029678344726562500
0.029678344726562500
0.029678344726562500
0.029678344726562500
0.029678344726562500
0.029678344726562500
0.029678344726562500
0.029678344726562500
0.029678344726562500
0.029678344726562500
0.029678344726562500
0.029678344726562500
0.029678344726562500
0.029678344726562500
0.029678344726562500
0.029678344726562500
0.029678344726562500
0.029678344726562500
0.029678344726562500
0.029678344726562500
0.029678344726562500
0.029678344726562500
0.029678344726562500
0.029678344726562500
0.029678344726562500
0.029678344726562500
0.029678344726562500
0.029678344726562500
0.029678344726562500
0.029678344726562500
0.029678344726562500
0.029678344726562500
0.029678344726562500
0.029678344726562500
0.029678344726562500
0.029678344726562500
0.029678344726562500
0.029678344726562500
0.029678344726562500
0.029678344726562500
0.029678344726562500
0.029678344726562500
0.029678344726562500
0.029678344726562500
0.029678344726562500
0.029678344726562500
0.029678344726562500
0.029678344726562500
0.029678344726562500
0.029678344726562500
0.029678344726562500
0.029678344726562500
0.029678344726562500
0.029678344726562500
0.029678344726562500
0.029678344726562500
0.029678344726562500
0.029678344726562500
0.029678344726562500
0.029678344726562500
0.029678344726562500
0.029678344726562500
-0.219116151332855225
-0.219116151332855225
-0.219116151332855225
-0.219116151332855225
-0.219116151332855225
-0.219116151332855225
-0.219116151332855225
-0.219116151332855225
-0.219116151332855225
-0.219116151332855225
-0.219116151332855225
-0.219116151332855225
-0.219116151332855225
-0.219116166234016418
-0.219116151332855225
-0.219116151332855225
-0.219116151332855225
-0.219116151332855225
-0.219116151332855225
-0.219116151332855225
-0.219116151332855225
-0.219116151332855225
-0.219116151332855225
-0.219116151332855225
-0.219116151332855225
-0.219116151332855225
-0.219116166234016418
-0.219116151332855225
-0.219116151332855225
-0.219116151332855225
-0.219116151332855225
-0.219116151332855225
-0.219116151332855225
-0.219116151332855225
-0.219116151332855225
-0.219116151332855225
-0.219116151332855225
-0.219116151332855225
-0.219116151332855225
-0.219116166234016418
-0.219116151332855225
-0.219116151332855225
-0.219116151332855225
-0.219116151332855225
-0.219116151332855225
-0.219116151332855225
-0.219116151332855225
-0.219116151332855225
-0.219116151332855225
-0.219116151332855225
-0.219116151332855225
-0.219116151332855225
-0.219116166234016418
-0.219116151332855225
-0.219116151332855225
-0.219116151332855225
-0.219116151332855225
-0.219116151332855225
-0.219116151332855225
-0.219116151332855225
-0.219116151332855225
-0.219116151332855225
-0.219116151332855225
-0.219116151332855225
-0.219116151332855225
-0.219116166234016418
-0.219116151332855225
-0.219116151332855225
-0.219116151332855225
-0.219116151332855225
-0.219116151332855225
-0.219116151332855225
-0.219116151332855225
-0.219116151332855225
-0.219116151332855225
-0.219116151332855225
-0.219116151332855225
-0.219116151332855225
-0.219116166234016418
-0.219116151332855225
-0.219116151332855225
-0.219116151332855225
-0.219116151332855225
-0.219116151332855225
-0.219116151332855225
-0.219116151332855225
-0.219116151332855225
-0.219116151332855225
-0.219116151332855225
-0.219116151332855225
-0.219116151332855225
-0.362307548522949219
-0.362296789884567261
-0.362296789884567261
-0.362296789884567261
-0.362296789884567261
-0.362296789884567261
-0.362296789884567261
-0.362296789884567261
-0.362296789884567261
-0.362296789884567261
-0.362296789884567261
-0.362296789884567261
-0.362296789884567261
-0.362314343452453613
-0.362303823232650757
-0.362303823232650757
-0.362303823232650757
-0.362303823232650757
-0.362303823232650757
-0.362303823232650757
-0.362303823232650757
-0.362303823232650757
-0.362303823232650757
-0.362303823232650757
-0.362303823232650757
-0.362303823232650757
-0.362314343452453613
-0.362303823232650757
-0.362303823232650757
-0.362303823232650757
-0.362303823232650757
-0.362303823232650757
-0.362303823232650757
-0.362303823232650757
-0.362303823232650757
-0.362303823232650757
-0.362303823232650757
-0.362303823232650757
-0.362303823232650757
-0.362314343452453613
-0.362303823232650757
-0.362303823232650757
-0.362303823232650757
-0.362303823232650757
-0.362303823232650757
-0.362303823232650757
-0.362303823232650757
-0.362303823232650757
-0.362303823232650757
-0.362303823232650757
-0.362303823232650757
-0.362303823232650757
-0.362314343452453613
-0.362303823232650757
-0.362303823232650757
-0.362303823232650757
-0.362303823232650757
-0.362303823232650757
-0.362303823232650757
-0.362303823232650757
-0.362303823232650757
-0.362303823232650757
-0.362303823232650757
-0.362303823232650757
-0.362303823232650757
-0.362314343452453613
-0.362303823232650757
-0.362303823232650757
-0.362303823232650757
-0.362303823232650757
-0.362303823232650757
-0.362303823232650757
-0.362303823232650757
-0.362303823232650757
-0.362303823232650757
-0.362303823232650757
-0.362303823232650757
-0.362303823232650757
-0.362314343452453613
-0.362303823232650757
-0.362303823232650757
-0.362303823232650757
-0.362303823232650757
-0.362303823232650757
-0.362303823232650757
-0.362303823232650757
-0.362303823232650757
-0.362303823232650757
-0.362303823232650757
-0.362303823232650757
-0.362303823232650757
-0.615090906620025635
-0.615065217018127441
-0.615065217018127441
-0.615065217018127441
-0.615065217018127441
-0.615065217018127441
-0.615065217018127441
-0.615065217018127441
-0.615065217018127441
-0.615065217018127441
-0.615065217018127441
-0.615065217018127441
-0.615065217018127441
-0.615276038646697998
-0.615321218967437744
-0.615321218967437744
-0.615321218967437744
-0.615321218967437744
-0.615321218967437744
-0.615321218967437744
-0.615321218967437744
-0.615321218967437744
-0.615321218967437744
-0.615321218967437744
-0.615321218967437744
-0.615321218967437744
-0.615276038646697998
-0.615321218967437744
-0.615321218967437744
-0.615321218967437744
-0.615321218967437744
-0.615321218967437744
-0.615321218967437744
-0.615321218967437744
-0.615321218967437744
-0.615321218967437744
-0.615321218967437744
-0.615321218967437744
-0.615321218967437744
-0.615276038646697998
-0.615321218967437744
-0.615321218967437744
-0.615321218967437744
-0.615321218967437744
-0.615321218967437744
-0.615321218967437744
-0.615321218967437744
-0.615321218967437744
-0.615321218967437744
-0.615321218967437744
-0.615321218967437744
-0.615321218967437744
-0.615276038646697998
-0.615321218967437744
-0.615321218967437744
-0.615321218967437744
-0.615321218967437744
-0.615321218967437744
-0.615321218967437744
-0.615321218967437744
-0.615321218967437744
-0.615321218967437744
-0.615321218967437744
-0.615321218967437744
-0.615321218967437744
-0.615276038646697998
-0.615321218967437744
-0.615321218967437744
-0.615321218967437744
-0.615321218967437744
-0.615321218967437744
-0.615321218967437744
-0.615321218967437744
-0.615321218967437744
-0.615321218967437744
-0.615321218967437744
-0.615321218967437744
-0.615321218967437744
-0.615276038646697998
-0.615321218967437744
-0.615321218967437744
-0.615321218967437744
-0.615321218967437744
-0.615321218967437744
-0.615321218967437744
-0.615321218967437744
-0.615321218967437744
-0.615321218967437744
-0.615321218967437744
-0.615321218967437744
-0.615321159362792969
2.776056766510009766
-3.445327758789062500
-2.795097351074218750
-3.520545959472656250
-4.078211784362792969
-3.771366119384765625
-3.368323326110839844
-3.567078590393066406
-3.161933898925781250
-3.537260055541992188
-3.415202140808105469
-3.651818275451660156
0.176651000976562500
4.881750583648681641
-0.510373115539550781
-0.283415794372558594
-1.037677764892578125
-1.103628158569335938
-0.463856697082519531
-0.381234169006347656
-0.739439964294433594
-0.984031677246093750
-0.740571022033691406
-0.924403190612792969
-0.707781791687011719
2.776278018951416016
5.186488151550292969
-0.296984672546386719
-0.506372451782226562
-0.466466903686523438
-0.827342033386230469
-1.037796020507812500
-0.848274230957031250
-0.312005996704101562
-0.688194274902343750
-0.985269546508789062
-0.559453010559082031
-1.016241073608398438
3.566295623779296875
4.991328239440917969
-0.020596504211425781
-0.682959556579589844
-0.968414306640625000
-0.699645996093750000
0.164096832275390625
0.454020500183105469
-0.286643981933593750
0.039548873901367188
-0.703887939453125000
-0.560037612915039062
-0.367646217346191406
2.911911964416503906
5.423947334289550781
-0.036828041076660156
0.290056228637695312
-0.192216873168945312
0.028388977050781250
-0.870572090148925781
-0.969409942626953125
-0.614243507385253906
-0.824621200561523438
-0.004523277282714844
-0.123406410217285156
-0.657571792602539062
3.334651470184326172
4.513282775878906250
-0.977079391479492188
-0.922109603881835938
-0.070972442626953125
-0.345429420471191406
-0.321614265441894531
-0.777488708496093750
-0.705764770507812500
0.325876235961914062
-0.204995155334472656
-0.580635070800781250
-1.601886749267578125
2.294224739074707031
4.156556606292724609
-0.152020454406738281
-0.365002632141113281
-0.076335906982421875
-1.085186004638671875
0.004202842712402344
-0.633344650268554688
-1.091974258422851562
-1.902041435241699219
-1.840763092041015625
-1.364646911621093750
-1.137492179870605469
0.990944862365722656
0.797851324081420898
0.797851920127868652
0.797851920127868652
0.797851920127868652
0.797851920127868652
0.797851920127868652
0.797851920127868652
0.797851920127868652
0.797851920127868652
0.797851920127868652
0.797851920127868652
0.797851920127868652
0.797851920127868652
0.797851324081420898
0.797852098941802979
0.797852098941802979
0.797852098941802979
0.797852098941802979
0.797852098941802979
0.797852098941802979
0.797852098941802979
0.797852098941802979
0.797852098941802979
0.797852098941802979
0.797852098941802979
0.797852098941802979
0.797851324081420898
0.797852098941802979
0.797852098941802979
0.797852098941802979
0.797852098941802979
0.797852098941802979
0.797852098941802979
0.797852098941802979
0.797852098941802979
0.797852098941802979
0.797852098941802979
0.797852098941802979
0.797852098941802979
0.797851324081420898
0.797852098941802979
0.797852098941802979
0.797852098941802979
0.797852098941802979
0.797852098941802979
0.797852098941802979
0.797852098941802979
0.797852098941802979
0.797852098941802979
0.797852098941802979
0.797852098941802979
0.797852098941802979
0.797851324081420898
0.797852098941802979
0.797852098941802979
0.797852098941802979
0.797852098941802979
0.797852098941802979
0.797852098941802979
0.797852098941802979
0.797852098941802979
0.797852098941802979
0.797852098941802979
0.797852098941802979
0.797852098941802979
0.797851324081420898
0.797852098941802979
0.797852098941802979
0.797852098941802979
0.797852098941802979
0.797852098941802979
0.797852098941802979
0.797852098941802979
0.797852098941802979
0.797852098941802979
0.797852098941802979
0.797852098941802979
0.797852098941802979
0.797851324081420898
0.797852098941802979
0.797852098941802979
0.797852098941802979
0.797852098941802979
0.797852098941802979
0.797852098941802979
0.797852098941802979
0.797852098941802979
0.797852098941802979
0.797852098941802979
0.797852098941802979
0.797852098941802979
0.311509639024734497
0.306995064020156860
0.297201454639434814
0.300556272268295288
0.301309168338775635
0.306450009346008301
0.316682159900665283
0.314784228801727295
0.303768575191497803
0.298028171062469482
0.302393227815628052
0.299331814050674438
0.275560587644577026
0.316678583621978760
0.342465311288833618
0.317343413829803467
0.305601984262466431
0.307072222232818604
0.302501380443572998
0.302614599466323853
0.304578840732574463
0.304165303707122803
0.301653355360031128
0.308210343122482300
0.296279460191726685
0.253402054309844971
0.316951721906661987
0.342256128787994385
0.321764290332794189
0.308454364538192749
0.305550128221511841
0.300595521926879883
0.298067510128021240
0.296641558408737183
0.304995626211166382
0.302911192178726196
0.305496007204055786
0.291856110095977783
0.256105601787567139
0.315987229347229004
0.338550329208374023
0.313348144292831421
0.300784975290298462
0.302906036376953125
0.297142177820205688
0.299947053194046021
0.300442248582839966
0.301575064659118652
0.300433665513992310
0.309524118900299072
0.300478041172027588
0.261146157979965210
0.316792547702789307
0.340470880270004272
0.320474088191986084
0.304298490285873413
0.298746585845947266
0.303240448236465454
0.299828767776489258
0.299262374639511108
0.302924692630767822
0.303668677806854248
0.308668851852416992
0.296999365091323853
0.264065742492675781
0.319217056035995483
0.345103085041046143
0.317971974611282349
0.303794413805007935
0.306003332138061523
0.296544551849365234
0.296726167201995850
0.301075249910354614
0.293330520391464233
0.299222141504287720
0.314618259668350220
0.298668175935745239
0.254652410745620728
0.310140877962112427
0.346444845199584961
0.319361984729766846
0.297872394323348999
0.307195305824279785
0.305089890956878662
0.301810711622238159
0.300090759992599487
0.303008943796157837
0.311144322156906128
0.324919283390045166
0.308592826128005981
0.270083218812942505
0.129526808857917786
0.129532843828201294
0.129532843828201294
0.129532843828201294
0.129532843828201294
0.129532843828201294
0.129532843828201294
0.129532843828201294
0.129532843828201294
0.129532843828201294
0.129532843828201294
0.129532843828201294
0.129532843828201294
0.129527866840362549
0.129528686404228210
0.129528686404228210
0.129528686404228210
0.129528686404228210
0.129528686404228210
0.129528686404228210
0.129528686404228210
0.129528686404228210
0.129528686404228210
0.129528686404228210
0.129528686404228210
0.129528686404228210
0.129527866840362549
0.129528686404228210
0.129528686404228210
0.129528686404228210
0.129528686404228210
0.129528686404228210
0.129528686404228210
0.129528686404228210
0.129528686404228210
0.129528686404228210
0.129528686404228210
0.129528686404228210
0.129528686404228210
0.129527866840362549
0.129528686404228210
0.129528686404228210
0.129528686404228210
0.129528686404228210
0.129528686404228210
0.129528686404228210
0.129528686404228210
0.129528686404228210
0.129528686404228210
0.129528686404228210
0.129528686404228210
0.129528701305389404
0.129527866840362549
0.129528686404228210
0.129528686404228210
0.129528686404228210
0.129528686404228210
0.129528686404228210
0.129528686404228210
0.129528686404228210
0.129528686404228210
0.129528686404228210
0.129528686404228210
0.129528686404228210
0.129528701305389404
0.129527866840362549
0.129528686404228210
0.129528686404228210
0.129528686404228210
0.129528686404228210
0.129528686404228210
0.129528686404228210
0.129528686404228210
0.129528686404228210
0.129528686404228210
0.129528686404228210
0.129528686404228210
0.129528686404228210
0.129527866840362549
0.129528686404228210
0.129528686404228210
0.129528686404228210
0.129528686404228210
0.129528701305389404
0.129528686404228210
0.129528686404228210
0.129528686404228210
0.129528686404228210
0.129528686404228210
0.129528686404228210
0.129528701305389404
0.523439824581146240
0.523440122604370117
0.523439943790435791
0.523440241813659668
0.523440003395080566
0.523440182209014893
0.523440420627593994
0.523440241813659668
0.523439943790435791
0.523440122604370117
0.523440122604370117
0.523440122604370117
0.523441076278686523
0.523446440696716309
0.523448765277862549
0.523448944091796875
0.523448884487152100
0.523448705673217773
0.523448824882507324
0.523448884487152100
0.523449361324310303
0.523448824882507324
0.523448824882507324
0.523449242115020752
0.523449718952178955
0.523452937602996826
0.523446321487426758
0.523448526859283447
0.523449361324310303
0.523449182510375977
0.523449599742889404
0.523449778556823730
0.523449778556823730
0.523450195789337158
0.523449301719665527
0.523449063301086426
0.523449659347534180
0.523450553417205811
0.523454725742340088
0.523446977138519287
0.523449063301086426
0.523449003696441650
0.523448884487152100
0.523449122905731201
0.523449361324310303
0.523449659347534180
0.523449659347534180
0.523449122905731201
0.523449003696441650
0.523449301719665527
0.523450493812561035
0.523454546928405762
0.523446738719940186
0.523449122905731201
0.523449361324310303
0.523449718952178955
0.523449599742889404
0.523449420928955078
0.523449420928955078
0.523449301719665527
0.523449480533599854
0.523448765277862549
0.523448765277862549
0.523450314998626709
0.523452877998352051
0.523446261882781982
0.523449003696441650
0.523449242115020752
0.523450016975402832
0.523450016975402832
0.523449480533599854
0.523449778556823730
0.523450195789337158
0.523449182510375977
0.523449122905731201
0.523448884487152100
0.523449897766113281
0.523452520370483398
0.523446321487426758
0.523449480533599854
0.523448824882507324
0.523449957370758057
0.523449838161468506
0.523449480533599854
0.523449420928955078
0.523450016975402832
0.523449540138244629
0.523449301719665527
0.523449182510375977
0.523450374603271484
0.523452997207641602
-0.786492943763732910
-0.786564648151397705
-0.786564648151397705
-0.786564648151397705
-0.786564648151397705
-0.786564648151397705
-0.786564648151397705
-0.786564648151397705
-0.786564648151397705
-0.786564648151397705
-0.786564648151397705
-0.786564648151397705
-0.786564648151397705
-0.786512315273284912
-0.786619722843170166
-0.786619722843170166
-0.786619722843170166
-0.786619722843170166
-0.786619722843170166
-0.786619722843170166
-0.786619722843170166
-0.786619722843170166
-0.786619722843170166
-0.786619722843170166
-0.786619722843170166
-0.786619722843170166
-0.786512315273284912
-0.786619663238525391
-0.786619663238525391
-0.786619722843170166
-0.786619663238525391
-0.786619663238525391
-0.786619663238525391
-0.786619663238525391
-0.786619663238525391
-0.786619663238525391
-0.786619663238525391
-0.786619663238525391
-0.786619722843170166
-0.786512315273284912
-0.786619663238525391
-0.786619663238525391
-0.786619663238525391
-0.786619663238525391
-0.786619663238525391
-0.786619663238525391
-0.786619663238525391
-0.786619663238525391
-0.786619663238525391
-0.786619663238525391
-0.786619663238525391
-0.786619722843170166
-0.786512315273284912
-0.786619663238525391
-0.786619663238525391
-0.786619663238525391
-0.786619663238525391
-0.786619663238525391
-0.786619663238525391
-0.786619663238525391
-0.786619663238525391
-0.786619663238525391
-0.786619663238525391
-0.786619663238525391
-0.786619722843170166
-0.786512315273284912
-0.786619663238525391
-0.786619663238525391
-0.786619722843170166
-0.786619663238525391
-0.786619663238525391
-0.786619663238525391
-0.786619663238525391
-0.786619663238525391
-0.786619663238525391
-0.786619663238525391
-0.786619663238525391
-0.786619722843170166
-0.786512315273284912
-0.786619722843170166
-0.786619722843170166
-0.786619722843170166
-0.786619722843170166
-0.786619722843170166
-0.786619722843170166
-0.786619722843170166
-0.786619722843170166
-0.786619722843170166
-0.786619722843170166
-0.786619722843170166
-0.786619722843170166
-0.779145896434783936
-0.779151320457458496
-0.779157340526580811
-0.779158949851989746
-0.779160559177398682
-0.779162704944610596
-0.779164373874664307
-0.779162704944610596
-0.779163002967834473
-0.779161036014556885
-0.779159545898437500
-0.779147505760192871
-0.779121577739715576
-0.779106318950653076
-0.779102802276611328
-0.779104471206665039
-0.779109358787536621
-0.779111504554748535
-0.779112637042999268
-0.779113531112670898
-0.779112875461578369
-0.779112279415130615
-0.779111087322235107
-0.779113709926605225
-0.779102623462677002
-0.779038071632385254
-0.779109776020050049
-0.779109477996826172
-0.779108285903930664
-0.779112279415130615
-0.779110729694366455
-0.779113352298736572
-0.779111146926879883
-0.779111862182617188
-0.779113173484802246
-0.779108643531799316
-0.779112637042999268
-0.779111564159393311
-0.779040992259979248
-0.779113829135894775
-0.779114246368408203
-0.779111444950103760
-0.779112160205841064
-0.779110372066497803
-0.779114663600921631
-0.779113411903381348
-0.779112219810485840
-0.779110014438629150
-0.779109358787536621
-0.779110848903656006
-0.779107511043548584
-0.779036462306976318
-0.779117584228515625
-0.779112517833709717
-0.779110848903656006
-0.779111385345458984
-0.779113829135894775
-0.779115259647369385
-0.779115140438079834
-0.779114723205566406
-0.779114425182342529
-0.779113113880157471
-0.779114127159118652
-0.779109477996826172
-0.779033899307250977
-0.779120028018951416
-0.779110550880432129
-0.779105007648468018
-0.779111444950103760
-0.779104173183441162
-0.779107868671417236
-0.779114127159118652
-0.779112696647644043
-0.779114902019500732
-0.779113650321960449
-0.779113411903381348
-0.779104530811309814
-0.779033601284027100
-0.779100120067596436
-0.779097497463226318
-0.779080092906951904
-0.779091000556945801
-0.779086291790008545
-0.779090702533721924
-0.779090285301208496
-0.779095053672790527
-0.779095232486724854
-0.779096186161041260
-0.779096245765686035
-0.779087841510772705
-0.779040098190307617
0.127075031399726868
0.127075105905532837
0.127075105905532837
0.127075105905532837
0.127075105905532837
0.127075105905532837
0.127075105905532837
0.127075105905532837
0.127075105905532837
0.127075105905532837
0.127075105905532837
0.127075105905532837
0.127075105905532837
0.127075091004371643
0.127075195312500000
0.127075195312500000
0.127075195312500000
0.127075195312500000
0.127075195312500000
0.127075195312500000
0.127075195312500000
0.127075195312500000
0.127075195312500000
0.127075195312500000
0.127075195312500000
0.127075195312500000
0.127075091004371643
0.127075195312500000
0.127075195312500000
0.127075195312500000
0.127075195312500000
0.127075195312500000
0.127075195312500000
0.127075195312500000
0.127075195312500000
0.127075195312500000
0.127075195312500000
0.127075195312500000
0.127075195312500000
0.127075091004371643
0.127075195312500000
0.127075195312500000
0.127075195312500000
0.127075195312500000
0.127075195312500000
0.127075195312500000
0.127075195312500000
0.127075195312500000
0.127075195312500000
0.127075195312500000
0.127075195312500000
0.127075195312500000
0.127075091004371643
0.127075195312500000
0.127075195312500000
0.127075195312500000
0.127075195312500000
0.127075195312500000
0.127075195312500000
0.127075195312500000
0.127075195312500000
0.127075195312500000
0.127075195312500000
0.127075195312500000
0.127075195312500000
0.127075091004371643
0.127075195312500000
0.127075195312500000
0.127075195312500000
0.127075195312500000
0.127075195312500000
0.127075195312500000
0.127075195312500000
0.127075195312500000
0.127075195312500000
0.127075195312500000
0.127075195312500000
0.127075195312500000
0.127075091004371643
0.127075195312500000
0.127075195312500000
0.127075195312500000
0.127075195312500000
0.127075195312500000
0.127075195312500000
0.127075195312500000
0.127075195312500000
0.127075195312500000
0.127075195312500000
0.127075195312500000
0.127075195312500000
3.677845001220703125
-1.748428344726562500
-0.713547229766845703
-0.478014945983886719
-0.653067588806152344
-1.123113155364990234
-1.473512172698974609
-1.676351547241210938
-1.129675388336181641
-0.753107070922851562
-0.663434028625488281
-1.436278820037841797
-1.534111499786376953
5.197510719299316406
-2.740682125091552734
-2.149254322052001953
-2.083118915557861328
-2.142927169799804688
-2.181920528411865234
-2.195188999176025391
-2.197211265563964844
-2.160235404968261719
-2.155945301055908203
-2.092768192291259766
-2.388133049011230469
-2.578852176666259766
4.075038433074951172
-1.620961189270019531
-1.773220539093017578
-1.760029792785644531
-1.695957660675048828
-1.736115455627441406
-1.757723808288574219
-1.855508327484130859
-2.010326385498046875
-2.019063472747802734
-1.968957901000976562
-2.210247039794921875
-1.440701007843017578
5.133436203002929688
-1.511559009552001953
-2.003030300140380859
-1.922721385955810547
-1.783786773681640625
-1.885885238647460938
-0.679843902587890625
-1.961593627929687500
-1.911352157592773438
-2.024326801300048828
-1.966218948364257812
-2.074600219726562500
-1.699936389923095703
6.756096363067626953
-1.103276729583740234
-0.286828041076660156
-2.016230583190917969
-2.037950515747070312
-2.044204711914062500
-1.604311943054199219
-1.211081504821777344
-1.240139007568359375
-1.970850467681884766
-1.942688465118408203
-2.091835975646972656
-2.059852600097656250
6.703702926635742188
-2.119121551513671875
-1.670538425445556641
-2.024154663085937500
-2.069921970367431641
-1.898962020874023438
-2.078871726989746094
-1.283895969390869141
-0.965316295623779297
-0.821117877960205078
-1.873444557189941406
-2.036589622497558594
-2.229280471801757812
6.586672306060791016
-2.065035343170166016
-2.423933982849121094
-2.470754623413085938
-2.663853645324707031
-1.465074539184570312
-2.688970565795898438
-1.896219253540039062
-2.353158950805664062
-0.976728439331054688
-2.391944885253906250
-2.578555583953857422
-2.624848365783691406
-0.445062577724456787
-0.487319558858871460
-0.487317323684692383
-0.487315654754638672
-0.487314313650131226
-0.487314343452453613
-0.487312912940979004
-0.487314432859420776
-0.487314462661743164
-0.487315922975540161
-0.487315386533737183
-0.487318336963653564
-0.487312883138656616
-0.424271672964096069
-0.468324184417724609
-0.468319952487945557
-0.468316078186035156
-0.468318939208984375
-0.468318462371826172
-0.468318164348602295
-0.468318670988082886
-0.468318879604339600
-0.468318611383438110
-0.468317270278930664
-0.468320846557617188
-0.468318402767181396
-0.424271225929260254
-0.468327790498733521
-0.468321919441223145
-0.468318372964859009
-0.468321710824966431
-0.468320608139038086
-0.468321025371551514
-0.468319296836853027
-0.468321055173873901
-0.468320548534393311
-0.468318641185760498
-0.468319952487945557
-0.468313962221145630
-0.424271404743194580
-0.468326687812805176
-0.468324601650238037
-0.468320906162261963
-0.468320488929748535
-0.468320548534393311
-0.468322008848190308
-0.468321353197097778
-0.468321204185485840
-0.468321770429611206
-0.468320429325103760
-0.468319833278656006
-0.468308031558990479
-0.424271911382675171
-0.468326985836029053
-0.468321144580841064
-0.468320280313491821
-0.468321472406387329
-0.468321740627288818
-0.468320608139038086
-0.468320518732070923
-0.468320667743682861
-0.468320429325103760
-0.468321949243545532
-0.468320965766906738
-0.468309789896011353
-0.424272000789642334
-0.468327283859252930
-0.468321919441223145
-0.468315809965133667
-0.468325704336166382
-0.468321651220321655
-0.468319654464721680
-0.468322068452835083
-0.468319833278656006
-0.468318641185760498
-0.468318819999694824
-0.468321532011032104
-0.468309849500656128
-0.424272477626800537
-0.468329101800918579
-0.468331187963485718
-0.468320518732070923
-0.468329250812530518
-0.468327522277832031
-0.468325465917587280
-0.468326061964035034
-0.468325048685073853
-0.468324154615402222
-0.468320488929748535
-0.468326628208160400
-0.468321025371551514
-1.489549636840820312
-1.442391633987426758
-1.430616617202758789
-1.419742822647094727
-1.410690784454345703
-1.412395119667053223
-1.405252218246459961
-1.404447317123413086
-1.418937444686889648
-1.426465272903442383
-1.439408659934997559
-1.523219704627990723
-4.430315971374511719
-0.773572564125061035
-0.602396011352539062
-0.605216026306152344
-0.601659297943115234
-0.595734000205993652
-0.598681926727294922
-0.601034760475158691
-0.590211868286132812
-0.598980903625488281
-0.588553428649902344
-0.615825057029724121
-1.574884414672851562
-5.006763458251953125
-0.539233684539794922
-0.340103745460510254
-0.353837728500366211
-0.350218296051025391
-0.349924802780151367
-0.338769435882568359
-0.326217174530029297
-0.341289043426513672
-0.348382592201232910
-0.336251735687255859
-0.358476400375366211
-1.671085834503173828
-4.741330146789550781
-0.545343399047851562
-0.355550289154052734
-0.342537403106689453
-0.343797802925109863
-0.347481250762939453
-0.334355950355529785
-0.329967498779296875
-0.339683294296264648
-0.339893460273742676
-0.337832689285278320
-0.352878808975219727
-1.810561060905456543
-4.645085811614990234
-0.543696641921997070
-0.347615838050842285
-0.357774019241333008
-0.354677915573120117
-0.345641613006591797
-0.342927694320678711
-0.339275002479553223
-0.342803001403808594
-0.336893439292907715
-0.341167092323303223
-0.355808019638061523
-1.701712846755981445
-4.657472610473632812
-0.529846906661987305
-0.340162515640258789
-0.359914898872375488
-0.354262351989746094
-0.358557939529418945
-0.347795128822326660
-0.341339707374572754
-0.346786618232727051
-0.337008595466613770
-0.349023699760437012
-0.385927677154541016
-1.553580760955810547
-4.719446182250976562
-1.241835832595825195
-1.244766950607299805
-1.226663112640380859
-1.330493927001953125
-1.299483537673950195
-1.295391082763671875
-1.165138244628906250
-1.244599342346191406
-1.243717432022094727
-1.236223220825195312
-1.248652935028076172
-1.722939372062683105
-5.376729488372802734
0.229492306709289551
0.229492023587226868
0.229492157697677612
0.229492202401161194
0.229492172598838806
0.229492172598838806
0.229492217302322388
0.229492187500000000
0.229492172598838806
0.229492172598838806
0.229492187500000000
0.229492157697677612
0.229492172598838806
0.229492083191871643
0.229491755366325378
0.229491963982582092
0.229491978883743286
0.229491949081420898
0.229491919279098511
0.229491904377937317
0.229491978883743286
0.229491949081420898
0.229491963982582092
0.229492023587226868
0.229491963982582092
0.229491889476776123
0.229492112994194031
0.229491814970970154
0.229491919279098511
0.229491934180259705
0.229491889476776123
0.229491949081420898
0.229491934180259705
0.229491949081420898
0.229491934180259705
0.229491904377937317
0.229491949081420898
0.229491919279098511
0.229491919279098511
0.229492127895355225
0.229491814970970154
0.229491949081420898
0.229491949081420898
0.229491874575614929
0.229491859674453735
0.229491889476776123
0.229491859674453735
0.229491874575614929
0.229491859674453735
0.229491874575614929
0.229491874575614929
0.229491934180259705
0.229492127895355225
0.229491785168647766
0.229491904377937317
0.229491919279098511
0.229491949081420898
0.229491904377937317
0.229491919279098511
0.229491919279098511
0.229491919279098511
0.229491904377937317
0.229491874575614929
0.229491844773292542
0.229491859674453735
0.229492008686065674
0.229491740465164185
0.229491904377937317
0.229491949081420898
0.229491949081420898
0.229491949081420898
0.229491934180259705
0.229491978883743286
0.229491949081420898
0.229491919279098511
0.229491874575614929
0.229491844773292542
0.229491889476776123
0.229491904377937317
0.229491561651229858
0.229491651058197021
0.229491755366325378
0.229491710662841797
0.229491755366325378
0.229491680860519409
0.229491785168647766
0.229491785168647766
0.229491755366325378
0.229491740465164185
0.229491740465164185
0.229491695761680603
0.390136182308197021
0.390136241912841797
0.390136241912841797
0.390136241912841797
0.390136241912841797
0.390136241912841797
0.390136241912841797
0.390136241912841797
0.390136241912841797
0.390136241912841797
0.390136241912841797
0.390136241912841797
0.390136241912841797
0.390136212110519409
0.390136301517486572
0.390136301517486572
0.390136301517486572
0.390136301517486572
0.390136301517486572
0.390136301517486572
0.390136301517486572
0.390136301517486572
0.390136301517486572
0.390136301517486572
0.390136301517486572
0.390136301517486572
0.390136212110519409
0.390136301517486572
0.390136301517486572
0.390136301517486572
0.390136301517486572
0.390136301517486572
0.390136301517486572
0.390136301517486572
0.390136301517486572
0.390136301517486572
0.390136301517486572
0.390136301517486572
0.390136301517486572
0.390136212110519409
0.390136301517486572
0.390136301517486572
0.390136301517486572
0.390136301517486572
0.390136301517486572
0.390136301517486572
0.390136301517486572
0.390136301517486572
0.390136301517486572
0.390136301517486572
0.390136301517486572
0.390136301517486572
0.390136212110519409
0.390136301517486572
0.390136301517486572
0.390136301517486572
0.390136301517486572
0.390136301517486572
0.390136301517486572
0.390136301517486572
0.390136301517486572
0.390136301517486572
0.390136301517486572
0.390136301517486572
0.390136301517486572
0.390136212110519409
0.390136301517486572
0.390136301517486572
0.390136301517486572
0.390136301517486572
0.390136301517486572
0.390136301517486572
0.390136301517486572
0.390136301517486572
0.390136301517486572
0.390136301517486572
0.390136301517486572
0.390136301517486572
0.390136212110519409
0.390136301517486572
0.390136301517486572
0.390136301517486572
0.390136301517486572
0.390136301517486572
0.390136301517486572
0.390136301517486572
0.390136301517486572
0.390136301517486572
0.390136301517486572
0.390136301517486572
0.390136301517486572
-0.418212890625000000
-0.418212890625000000
-0.418212890625000000
-0.418212890625000000
-0.418212890625000000
-0.418212890625000000
-0.418212890625000000
-0.418212890625000000
-0.418212890625000000
-0.418212890625000000
-0.418212890625000000
-0.418212890625000000
-0.418212890625000000
-0.418212890625000000
-0.418212890625000000
-0.418212890625000000
-0.418212890625000000
-0.418212890625000000
-0.418212890625000000
-0.418212890625000000
-0.418212890625000000
-0.418212890625000000
-0.418212890625000000
-0.418212890625000000
-0.418212890625000000
-0.418212890625000000
-0.418212890625000000
-0.418212890625000000
-0.418212890625000000
-0.418212890625000000
-0.418212890625000000
-0.418212890625000000
-0.418212890625000000
-0.418212890625000000
-0.418212890625000000
-0.418212890625000000
-0.418212890625000000
-0.418212890625000000
-0.418212890625000000
-0.418212890625000000
-0.418212890625000000
-0.418212890625000000
-0.418212890625000000
-0.418212890625000000
-0.418212890625000000
-0.418212890625000000
-0.418212890625000000
-0.418212890625000000
-0.418212890625000000
-0.418212890625000000
-0.418212890625000000
-0.418212890625000000
-0.418212890625000000
-0.418212890625000000
-0.418212890625000000
-0.418212890625000000
-0.418212890625000000
-0.418212890625000000
-0.418212890625000000
-0.418212890625000000
-0.418212890625000000
-0.418212890625000000
-0.418212890625000000
-0.418212890625000000
-0.418212890625000000
-0.418212890625000000
-0.418212890625000000
-0.418212890625000000
-0.418212890625000000
-0.418212890625000000
-0.418212890625000000
-0.418212890625000000
-0.418212890625000000
-0.418212890625000000
-0.418212890625000000
-0.418212890625000000
-0.418212890625000000
-0.418212890625000000
-0.418212890625000000
-0.418212890625000000
-0.418212890625000000
-0.418212890625000000
-0.418212890625000000
-0.418212890625000000
-0.418212890625000000
-0.418212890625000000
-0.418212890625000000
-0.418212890625000000
-0.418212890625000000
-0.418212890625000000
-0.418212890625000000
0.245727539062500000
0.245727539062500000
0.245727539062500000
0.245727539062500000
0.245727539062500000
0.245727539062500000
0.245727539062500000
0.245727539062500000
0.245727539062500000
0.245727539062500000
0.245727539062500000
0.245727539062500000
0.245727539062500000
0.245727539062500000
0.245727539062500000
0.245727539062500000
0.245727539062500000
0.245727539062500000
0.245727539062500000
0.245727539062500000
0.245727539062500000
0.245727539062500000
0.245727539062500000
0.245727539062500000
0.245727539062500000
0.245727539062500000
0.245727539062500000
0.245727539062500000
0.245727539062500000
0.245727539062500000
0.245727539062500000
0.245727539062500000
0.245727539062500000
0.245727539062500000
0.245727539062500000
0.245727539062500000
0.245727539062500000
0.245727539062500000
0.245727539062500000
0.245727539062500000
0.245727539062500000
0.245727539062500000
0.245727539062500000
0.245727539062500000
0.245727539062500000
0.245727539062500000
0.245727539062500000
0.245727539062500000
0.245727539062500000
0.245727539062500000
0.245727539062500000
0.245727539062500000
0.245727539062500000
0.245727539062500000
0.245727539062500000
0.245727539062500000
0.245727539062500000
0.245727539062500000
0.245727539062500000
0.245727539062500000
0.245727539062500000
0.245727539062500000
0.245727539062500000
0.245727539062500000
0.245727539062500000
0.245727539062500000
0.245727539062500000
0.245727539062500000
0.245727539062500000
0.245727539062500000
0.245727539062500000
0.245727539062500000
0.245727539062500000
0.245727539062500000
0.245727539062500000
0.245727539062500000
0.245727539062500000
0.245727539062500000
0.245727539062500000
0.245727539062500000
0.245727539062500000
0.245727539062500000
0.245727539062500000
0.245727539062500000
0.245727539062500000
0.245727539062500000
0.245727539062500000
0.245727539062500000
0.245727539062500000
0.245727539062500000
0.245727539062500000
-1.496080636978149414
-1.496069073677062988
-1.496069073677062988
-1.496069073677062988
-1.496069073677062988
-1.496069073677062988
-1.496069073677062988
-1.496069073677062988
-1.496069073677062988
-1.496069073677062988
-1.496069073677062988
-1.496069073677062988
-1.496069073677062988
-1.496101617813110352
-1.496092915534973145
-1.496092915534973145
-1.496092915534973145
-1.496092915534973145
-1.496092915534973145
-1.496092915534973145
-1.496092915534973145
-1.496092915534973145
-1.496092915534973145
-1.496092915534973145
-1.496092915534973145
-1.496092796325683594
-1.496101617813110352
-1.496092915534973145
-1.496092915534973145
-1.496092915534973145
-1.496092915534973145
-1.496092915534973145
-1.496092915534973145
-1.496092915534973145
-1.496092915534973145
-1.496092915534973145
-1.496092915534973145
-1.496092915534973145
-1.496092796325683594
-1.496101617813110352
-1.496092915534973145
-1.496092915534973145
-1.496092915534973145
-1.496092915534973145
-1.496092915534973145
-1.496092915534973145
-1.496092915534973145
-1.496092915534973145
-1.496092915534973145
-1.496092915534973145
-1.496092915534973145
-1.496092796325683594
-1.496101617813110352
-1.496092915534973145
-1.496092915534973145
-1.496092915534973145
-1.496092915534973145
-1.496092915534973145
-1.496092915534973145
-1.496092915534973145
-1.496092915534973145
-1.496092915534973145
-1.496092915534973145
-1.496092915534973145
-1.496092796325683594
-1.496101617813110352
-1.496092915534973145
-1.496092915534973145
-1.496092915534973145
-1.496092915534973145
-1.496092915534973145
-1.496092915534973145
-1.496092915534973145
-1.496092915534973145
-1.496092915534973145
-1.496092915534973145
-1.496092915534973145
-1.496092796325683594
-1.496101617813110352
-1.496092915534973145
-1.496092915534973145
-1.496092915534973145
-1.496092915534973145
-1.496092915534973145
-1.496092915534973145
-1.496092915534973145
-1.496092915534973145
-1.496092915534973145
-1.496092915534973145
-1.496092915534973145
-1.496092796325683594
-0.280764877796173096
-0.280768156051635742
-0.280768156051635742
-0.280768156051635742
-0.280768156051635742
-0.280768156051635742
-0.280768156051635742
-0.280768156051635742
-0.280768156051635742
-0.280768156051635742
-0.280768156051635742
-0.280768156051635742
-0.280768156051635742
-0.280762791633605957
-0.280766248703002930
-0.280766248703002930
-0.280766248703002930
-0.280766248703002930
-0.280766248703002930
-0.280766248703002930
-0.280766248703002930
-0.280766248703002930
-0.280766248703002930
-0.280766248703002930
-0.280766248703002930
-0.280766248703002930
-0.280762791633605957
-0.280766248703002930
-0.280766248703002930
-0.280766248703002930
-0.280766248703002930
-0.280766248703002930
-0.280766248703002930
-0.280766248703002930
-0.280766248703002930
-0.280766248703002930
-0.280766248703002930
-0.280766248703002930
-0.280766248703002930
-0.280762791633605957
-0.280766248703002930
-0.280766248703002930
-0.280766248703002930
-0.280766248703002930
-0.280766248703002930
-0.280766248703002930
-0.280766248703002930
-0.280766248703002930
-0.280766248703002930
-0.280766248703002930
-0.280766248703002930
-0.280766248703002930
-0.280762791633605957
-0.280766248703002930
-0.280766248703002930
-0.280766248703002930
-0.280766248703002930
-0.280766248703002930
-0.280766248703002930
-0.280766248703002930
-0.280766248703002930
-0.280766248703002930
-0.280766248703002930
-0.280766248703002930
-0.280766248703002930
-0.280762791633605957
-0.280766248703002930
-0.280766248703002930
-0.280766248703002930
-0.280766248703002930
-0.280766248703002930
-0.280766248703002930
-0.280766248703002930
-0.280766248703002930
-0.280766248703002930
-0.280766248703002930
-0.280766248703002930
-0.280766248703002930
-0.280762791633605957
-0.280766248703002930
-0.280766248703002930
-0.280766248703002930
-0.280766248703002930
-0.280766248703002930
-0.280766248703002930
-0.280766248703002930
-0.280766248703002930
-0.280766248703002930
-0.280766248703002930
-0.280766248703002930
-0.280766248703002930
-0.085510626435279846
-0.085520677268505096
-0.085523374378681183
-0.085526145994663239
-0.085526779294013977
-0.085526943206787109
-0.085527457296848297
-0.085526704788208008
-0.085525937378406525
-0.085525259375572205
-0.085526287555694580
-0.085523061454296112
-0.085534274578094482
-0.085501633584499359
-0.085509136319160461
-0.085510060191154480
-0.085512571036815643
-0.085513569414615631
-0.085514336824417114
-0.085512094199657440
-0.085511326789855957
-0.085513964295387268
-0.085512347519397736
-0.085512742400169373
-0.085509657859802246
-0.085521839559078217
-0.085503384470939636
-0.085509598255157471
-0.085511334240436554
-0.085509955883026123
-0.085509881377220154
-0.085513554513454437
-0.085516385734081268
-0.085515789687633514
-0.085514195263385773
-0.085512660443782806
-0.085515022277832031
-0.085507541894912720
-0.085524111986160278
-0.085504949092864990
-0.085512734949588776
-0.085513681173324585
-0.085515610873699188
-0.085516095161437988
-0.085514008998870850
-0.085515335202217102
-0.085514374077320099
-0.085516087710857391
-0.085514888167381287
-0.085512101650238037
-0.085505992174148560
-0.085521176457405090
-0.085503876209259033
-0.085509561002254486
-0.085510194301605225
-0.085514217615127563
-0.085517495870590210
-0.085515424609184265
-0.085516698658466339
-0.085516132414340973
-0.085515312850475311
-0.085516132414340973
-0.085513167083263397
-0.085506260395050049
-0.085517108440399170
-0.085503034293651581
-0.085511080920696259
-0.085514642298221588
-0.085515744984149933
-0.085515268146991730
-0.085515998303890228
-0.085513405501842499
-0.085515461862087250
-0.085516683757305145
-0.085517391562461853
-0.085516028106212616
-0.085507199168205261
-0.085521735250949860
-0.085504397749900818
-0.085511595010757446
-0.085509575903415680
-0.085511706769466400
-0.085514478385448456
-0.085520572960376740
-0.085512146353721619
-0.085512518882751465
-0.085516124963760376
-0.085518904030323029
-0.085516698658466339
-0.085507974028587341
-0.085519328713417053
-0.121887207031250000
-0.121887207031250000
-0.121887207031250000
-0.121887207031250000
-0.121887207031250000
-0.121887207031250000
-0.121887207031250000
-0.121887207031250000
-0.121887207031250000
-0.121887207031250000
-0.121887207031250000
-0.121887207031250000
-0.121887207031250000
-0.121887207031250000
-0.121887207031250000
-0.121887207031250000
-0.121887207031250000
-0.121887207031250000
-0.121887207031250000
-0.121887207031250000
-0.121887207031250000
-0.121887207031250000
-0.121887207031250000
-0.121887207031250000
-0.121887207031250000
-0.121887207031250000
-0.121887207031250000
-0.121887207031250000
-0.121887207031250000
-0.121887207031250000
-0.121887207031250000
-0.121887207031250000
-0.121887207031250000
-0.121887207031250000
-0.121887207031250000
-0.121887207031250000
-0.121887207031250000
-0.121887207031250000
-0.121887207031250000
-0.121887207031250000
-0.121887207031250000
-0.121887207031250000
-0.121887207031250000
-0.121887207031250000
-0.121887207031250000
-0.121887207031250000
-0.121887207031250000
-0.121887207031250000
-0.121887207031250000
-0.121887207031250000
-0.121887207031250000
-0.121887207031250000
-0.121887207031250000
-0.121887207031250000
-0.121887207031250000
-0.121887207031250000
-0.121887207031250000
-0.121887207031250000
-0.121887207031250000
-0.121887207031250000
-0.121887207031250000
-0.121887207031250000
-0.121887207031250000
-0.121887207031250000
-0.121887207031250000
-0.121887207031250000
-0.121887207031250000
-0.121887207031250000
-0.121887207031250000
-0.121887207031250000
-0.121887207031250000
-0.121887207031250000
-0.121887207031250000
-0.121887207031250000
-0.121887207031250000
-0.121887207031250000
-0.121887207031250000
-0.121887207031250000
-0.121887207031250000
-0.121887207031250000
-0.121887207031250000
-0.121887207031250000
-0.121887207031250000
-0.121887207031250000
-0.121887207031250000
-0.121887207031250000
-0.121887207031250000
-0.121887207031250000
-0.121887207031250000
-0.121887207031250000
-0.121887207031250000
-0.185670405626296997
-0.249967038631439209
-0.249358147382736206
-0.249295771121978760
-0.249260723590850830
-0.249258726835250854
-0.249293655157089233
-0.249305695295333862
-0.249311566352844238
-0.249310344457626343
-0.249327510595321655
-0.249349981546401978
-0.249745190143585205
-0.215500384569168091
-0.308137923479080200
-0.305916279554367065
-0.305896788835525513
-0.305874913930892944
-0.305914342403411865
-0.305906504392623901
-0.305871516466140747
-0.305911332368850708
-0.305887669324874878
-0.305884569883346558
-0.305906206369400024
-0.306631296873092651
-0.215353190898895264
-0.307209312915802002
-0.305927246809005737
-0.305954962968826294
-0.305935889482498169
-0.305967152118682861
-0.305968403816223145
-0.305970162153244019
-0.305974751710891724
-0.305945098400115967
-0.305956393480300903
-0.305950194597244263
-0.306765735149383545
-0.217693418264389038
-0.309828788042068481
-0.305907875299453735
-0.305903524160385132
-0.305956065654754639
-0.306008309125900269
-0.306605637073516846
-0.306136280298233032
-0.306113988161087036
-0.305962622165679932
-0.305991768836975098
-0.305940330028533936
-0.306812584400177002
-0.220534712076187134
-0.311851203441619873
-0.306064546108245850
-0.306024849414825439
-0.306024760007858276
-0.306047916412353516
-0.306048661470413208
-0.306107372045516968
-0.306154936552047729
-0.306052684783935547
-0.305982112884521484
-0.305953651666641235
-0.306833982467651367
-0.218462139368057251
-0.310951560735702515
-0.305981993675231934
-0.306054979562759399
-0.306050360202789307
-0.305945605039596558
-0.306012451648712158
-0.306091487407684326
-0.306108713150024414
-0.306038022041320801
-0.306003838777542114
-0.305923908948898315
-0.306817203760147095
-0.226074934005737305
-0.317227333784103394
-0.306314468383789062
-0.306028872728347778
-0.306883335113525391
-0.308175414800643921
-0.307985216379165649
-0.306048154830932617
-0.306050121784210205
-0.306025773286819458
-0.306065678596496582
-0.306011140346527100
-0.306836187839508057
