-0.551875472068786621
-0.551973581314086914
-0.551971554756164551
-0.551972448825836182
-0.551972091197967529
-0.551973044872283936
-0.551973104476928711
-0.551972627639770508
-0.551971852779388428
-0.551971435546875000
-0.551972329616546631
-0.551964640617370605
-0.551985085010528564
-0.551768481731414795
-0.551852881908416748
-0.551850914955139160
-0.551850497722625732
-0.551848948001861572
-0.551849007606506348
-0.551849663257598877
-0.551849246025085449
-0.551848828792572021
-0.551849365234375000
-0.551848888397216797
-0.551838517189025879
-0.551880002021789551
-0.551768660545349121
-0.551851987838745117
-0.551851093769073486
-0.551849842071533203
-0.551848351955413818
-0.551847875118255615
-0.551849126815795898
-0.551849246025085449
-0.551848649978637695
-0.551848590373992920
-0.551848709583282471
-0.551838040351867676
-0.551884174346923828
-0.551769554615020752
-0.551854848861694336
-0.551849663257598877
-0.551848948001861572
-0.551848590373992920
-0.551848053932189941
-0.551849424839019775
-0.551849305629730225
-0.551848828792572021
-0.551849186420440674
-0.551848411560058594
-0.551837503910064697
-0.551886320114135742
-0.551771283149719238
-0.551856160163879395
-0.551850318908691406
-0.551849126815795898
-0.551849007606506348
-0.551848649978637695
-0.551848590373992920
-0.551848948001861572
-0.551849365234375000
-0.551849186420440674
-0.551848888397216797
-0.551837623119354248
-0.551884353160858154
-0.551770925521850586
-0.551855027675628662
-0.551850616931915283
-0.551850318908691406
-0.551849126815795898
-0.551849663257598877
-0.551848649978637695
-0.551848351955413818
-0.551850318908691406
-0.551850616931915283
-0.551849305629730225
-0.551837861537933350
-0.551883399486541748
-0.551773905754089355
-0.551859200000762939
-0.551850914955139160
-0.551850736141204834
-0.551848948001861572
-0.551850318908691406
-0.551851868629455566
-0.551849722862243652
-0.551849365234375000
-0.551851987838745117
-0.551851153373718262
-0.551840007305145264
-0.551868140697479248
-0.010518513619899750
-0.013018831610679626
-0.012920044362545013
-0.012948848307132721
-0.012983396649360657
-0.012967631220817566
-0.013047836720943451
-0.013061881065368652
-0.013049080967903137
-0.013002209365367889
-0.012997008860111237
-0.012880444526672363
-0.013156160712242126
-0.011954315006732941
-0.015786059200763702
-0.015748538076877594
-0.015822775661945343
-0.015876621007919312
-0.015806138515472412
-0.015849448740482330
-0.015786014497280121
-0.015895031392574310
-0.015837378799915314
-0.015860505402088165
-0.015632495284080505
-0.016190983355045319
-0.011898823082447052
-0.015727981925010681
-0.015750348567962646
-0.015700720250606537
-0.015837803483009338
-0.015780664980411530
-0.015855208039283752
-0.015804462134838104
-0.015961773693561554
-0.015618167817592621
-0.015769630670547485
-0.015575788915157318
-0.016483329236507416
-0.012022674083709717
-0.016022659838199615
-0.015755534172058105
-0.015611395239830017
-0.015711508691310883
-0.015756756067276001
-0.015819057822227478
-0.015803642570972443
-0.015838429331779480
-0.015738546848297119
-0.015595771372318268
-0.015513420104980469
-0.016522161662578583
-0.012113437056541443
-0.016084685921669006
-0.015869341790676117
-0.015842556953430176
-0.015802741050720215
-0.015823028981685638
-0.015733368694782257
-0.015796817839145660
-0.015878289937973022
-0.015757054090499878
-0.015567153692245483
-0.015410296618938446
-0.016428560018539429
-0.012087471783161163
-0.015954270958900452
-0.015839368104934692
-0.015862464904785156
-0.015939354896545410
-0.015916123986244202
-0.015839286148548126
-0.015889726579189301
-0.015897430479526520
-0.015782862901687622
-0.015849284827709198
-0.015357635915279388
-0.016304187476634979
-0.012175545096397400
-0.016097426414489746
-0.015923932194709778
-0.015716828405857086
-0.015883803367614746
-0.015981346368789673
-0.015980042517185211
-0.015743084251880646
-0.015847928822040558
-0.015912078320980072
-0.016009896993637085
-0.015683792531490326
-0.016029976308345795
0.799895405769348145
-0.387560606002807617
-0.224940523505210876
-0.294124841690063477
-0.374647974967956543
-0.375250875949859619
-0.354334294795989990
-0.394089102745056152
-0.302372276782989502
-0.317011654376983643
-0.296039342880249023
-0.387374162673950195
0.064528740942478180
1.187329292297363281
-0.089943394064903259
-0.015328168869018555
-0.096724554896354675
-0.109845742583274841
-0.037043645977973938
-0.028771951794624329
-0.072337195277214050
-0.099908873438835144
-0.068154647946357727
-0.085911348462104797
-0.087552472949028015
0.321253806352615356
1.130747675895690918
0.024874329566955566
-0.016010463237762451
-0.004102855920791626
-0.043734744191169739
-0.076850101351737976
-0.052582681179046631
0.006486237049102783
-0.053635403513908386
-0.090873464941978455
-0.033511087298393250
-0.111414059996604919
0.509715855121612549
1.194472789764404297
0.067074313759803772
-0.054306790232658386
-0.078912183642387390
-0.036568924784660339
0.054795876145362854
0.189433261752128601
-0.002876743674278259
0.042934045195579529
-0.055681094527244568
-0.033976465463638306
-0.023202583193778992
0.409110397100448608
1.375692009925842285
0.098016150295734406
0.205489918589591980
0.007214397192001343
0.027396649122238159
-0.079786464571952820
-0.056609734892845154
0.018913373351097107
-0.010383680462837219
0.031556949019432068
0.018197968602180481
-0.060621470212936401
0.437377274036407471
1.261908173561096191
-0.098345562815666199
-0.054486408829689026
0.020016476511955261
-0.017697542905807495
0.000649586319923401
-0.068573549389839172
0.001263707876205444
0.150909721851348877
0.101559072732925415
-0.029291227459907532
-0.169544443488121033
0.292839169502258301
1.207652568817138672
0.003046259284019470
-0.052034839987754822
-0.023208156228065491
-0.162111207842826843
0.065102860331535339
-0.107162311673164368
-0.100299283862113953
-0.236441895365715027
-0.114571347832679749
-0.166716769337654114
-0.156324788928031921
0.092483609914779663
0.224553018808364868
0.225747689604759216
0.225736513733863831
0.225735545158386230
0.225734964013099670
0.225734889507293701
0.225735545158386230
0.225735723972320557
0.225735768675804138
0.225735723972320557
0.225736215710639954
0.225736349821090698
0.225744590163230896
0.225102677941322327
0.226822793483734131
0.226781621575355530
0.226781398057937622
0.226781070232391357
0.226781934499740601
0.226781666278839111
0.226780891418457031
0.226781785488128662
0.226781278848648071
0.226781204342842102
0.226781189441680908
0.226795524358749390
0.225100249052047729
0.226805642247200012
0.226781904697418213
0.226782396435737610
0.226782009005546570
0.226782932877540588
0.226783126592636108
0.226783186197280884
0.226783066987991333
0.226782456040382385
0.226782768964767456
0.226782009005546570
0.226798385381698608
0.225143641233444214
0.226854369044303894
0.226781725883483887
0.226781815290451050
0.226782903075218201
0.226783752441406250
0.226795077323913574
0.226786226034164429
0.226785913109779358
0.226782962679862976
0.226783260703086853
0.226781740784645081
0.226799115538597107
0.225196242332458496
0.226891621947288513
0.226784288883209229
0.226783990859985352
0.226784199476242065
0.226784616708755493
0.226784735918045044
0.226785808801651001
0.226786583662033081
0.226784765720367432
0.226783186197280884
0.226782038807868958
0.226799190044403076
0.225157782435417175
0.226875096559524536
0.226783096790313721
0.226784676313400269
0.226784601807594299
0.226782679557800293
0.226783663034439087
0.226785421371459961
0.226785719394683838
0.226784437894821167
0.226783841848373413
0.226781651377677917
0.226799383759498596
0.225298941135406494
0.226991325616836548
0.226788789033889771
0.226783722639083862
0.226800024509429932
0.226824387907981873
0.226820304989814758
0.226784363389015198
0.226784646511077881
0.226784303784370422
0.226784899830818176
0.226782917976379395
0.226799324154853821
0.409956961870193481
0.409972876310348511
0.409971356391906738
0.409972280263900757
0.409972101449966431
0.409973144531250000
0.409973829984664917
0.409973382949829102
0.409972041845321655
0.409971356391906738
0.409972310066223145
0.409966707229614258
0.409979045391082764
0.409919559955596924
0.409921437501907349
0.409920454025268555
0.409919321537017822
0.409918397665023804
0.409918099641799927
0.409918546676635742
0.409918427467346191
0.409918069839477539
0.409918308258056641
0.409918397665023804
0.409910321235656738
0.409935832023620605
0.409919828176498413
0.409921705722808838
0.409920871257781982
0.409919023513793945
0.409917801618576050
0.409917116165161133
0.409917801618576050
0.409917771816253662
0.409917950630187988
0.409917801618576050
0.409918010234832764
0.409909665584564209
0.409938782453536987
0.409918129444122314
0.409920930862426758
0.409919321537017822
0.409917950630187988
0.409917771816253662
0.409916967153549194
0.409917563199996948
0.409917950630187988
0.409917682409286499
0.409918010234832764
0.409918069839477539
0.409909904003143311
0.409940570592880249
0.409916698932647705
0.409920066595077515
0.409920126199722290
0.409918189048767090
0.409917712211608887
0.409917771816253662
0.409917503595352173
0.409917622804641724
0.409918159246444702
0.409918159246444702
0.409918367862701416
0.409909695386886597
0.409939378499984741
0.409918576478958130
0.409920424222946167
0.409920245409011841
0.409918963909149170
0.409918308258056641
0.409918099641799927
0.409917324781417847
0.409917384386062622
0.409918189048767090
0.409918874502182007
0.409918993711471558
0.409910053014755249
0.409938067197799683
0.409912794828414917
0.409917473793029785
0.409920275211334229
0.409918904304504395
0.409917503595352173
0.409917056560516357
0.409918010234832764
0.409918308258056641
0.409918308258056641
0.409920692443847656
0.409920990467071533
0.409912198781967163
0.409928470849990845
2.451201438903808594
-0.843974351882934570
-0.198259115219116211
-0.053296387195587158
-0.144528687000274658
-0.435019791126251221
-0.648315787315368652
-0.764521360397338867
-0.446891665458679199
-0.207037210464477539
-0.166529297828674316
-0.657326579093933105
-1.015596628189086914
3.573232173919677734
-1.112188577651977539
-0.753451347351074219
-0.649078607559204102
-0.689789175987243652
-0.736197113990783691
-0.753491759300231934
-0.753110408782958984
-0.742439866065979004
-0.714312195777893066
-0.684770107269287109
-1.001662015914916992
-1.375879049301147461
2.857059001922607422
-0.414794564247131348
-0.551705002784729004
-0.464412212371826172
-0.438070952892303467
-0.518898129463195801
-0.491517543792724609
-0.528626918792724609
-0.651508569717407227
-0.662222981452941895
-0.611404776573181152
-0.909481644630432129
-0.637599825859069824
3.539206027984619141
-0.350230216979980469
-0.671375155448913574
-0.574879884719848633
-0.508545637130737305
-0.639046907424926758
0.137563347816467285
-0.645292162895202637
-0.585720896720886230
-0.646164178848266602
-0.617446303367614746
-0.855916738510131836
-0.794002652168273926
4.516769886016845703
-0.096870005130767822
0.434407055377960205
-0.640627741813659668
-0.716647982597351074
-0.688908457756042480
-0.419925749301910400
-0.167123794555664062
-0.203362941741943359
-0.638817787170410156
-0.638497948646545410
-0.868681430816650391
-0.939806580543518066
4.498008251190185547
-0.730451107025146484
-0.440159857273101807
-0.661991715431213379
-0.700368404388427734
-0.571321964263916016
-0.674531221389770508
-0.221511662006378174
-0.038949012756347656
0.094452679157257080
-0.566564679145812988
-0.806412696838378906
-1.110441446304321289
4.346614360809326172
-0.811913728713989258
-1.035838007926940918
-1.104668259620666504
-1.234349131584167480
-0.512724995613098145
-1.210342526435852051
-0.744164228439331055
-1.040431380271911621
-0.141610741615295410
-0.964903831481933594
-1.148583412170410156
-1.547350525856018066
0.446822166442871094
-0.239969715476036072
-0.121176615357398987
-0.048010036349296570
-0.090414971113204956
-0.174985498189926147
-0.250132471323013306
-0.295688152313232422
-0.184972763061523438
-0.134485125541687012
-0.093985870480537415
-0.211441189050674438
-1.076029777526855469
0.474186778068542480
-0.988188326358795166
-0.891113162040710449
-1.011370658874511719
-1.005562067031860352
-0.981832504272460938
-0.964750766754150391
-0.949007809162139893
-0.906242549419403076
-0.976077139377593994
-0.948589503765106201
-1.142055749893188477
-2.369762897491455078
0.468654632568359375
-0.709878683090209961
-0.619089365005493164
-0.821295082569122314
-0.762430608272552490
-0.609065651893615723
-0.718706130981445312
-0.823756933212280273
-0.765235722064971924
-0.734082639217376709
-0.807097315788269043
-1.104863405227661133
-2.186239719390869141
0.560550391674041748
-0.704407453536987305
-0.698443591594696045
-0.795704305171966553
-0.737690210342407227
-0.608309268951416016
-0.517084717750549316
-0.708107173442840576
-0.788321971893310547
-0.797082483768463135
-0.784159421920776367
-1.104480028152465820
-2.158638954162597656
0.853009104728698730
-0.641028046607971191
-0.605196475982666016
-0.827502250671386719
-0.673343658447265625
-0.717264890670776367
-0.637329816818237305
-0.619905829429626465
-0.565250992774963379
-0.753828346729278564
-0.708159565925598145
-1.034245252609252930
-2.435932159423828125
0.855420470237731934
-0.736425876617431641
-0.713525533676147461
-0.790554583072662354
-0.762552440166473389
-0.792069792747497559
-0.817817211151123047
-0.605075061321258545
-0.557257652282714844
-0.633997201919555664
-0.769295513629913330
-0.984180092811584473
-2.278393268585205078
0.697261810302734375
-0.922856688499450684
-0.951854705810546875
-0.919059336185455322
-0.864813745021820068
-0.677760481834411621
-0.920927166938781738
-0.760964334011077881
-0.759806275367736816
-0.675142049789428711
-1.048630475997924805
-1.152055621147155762
-2.123885631561279297
2.296742677688598633
2.968107461929321289
2.890624284744262695
2.971516132354736328
3.023802280426025391
2.991413354873657227
2.946922302246093750
2.963735342025756836
2.928406953811645508
2.962957143783569336
2.957071542739868164
2.982523679733276367
2.374536991119384766
2.036032915115356445
2.535815238952636719
2.513163566589355469
2.555999040603637695
2.566457509994506836
2.510119915008544922
2.506634950637817383
2.546376705169677734
2.579771280288696289
2.538138151168823242
2.560508966445922852
2.497499942779541016
1.835088014602661133
2.051299571990966797
2.539293289184570312
2.588771104812622070
2.534328222274780273
2.582242012023925781
2.642836332321166992
2.597811698913574219
2.522279024124145508
2.580472946166992188
2.618230104446411133
2.555553913116455078
2.529661417007446289
1.756945848464965820
2.050383329391479492
2.508571624755859375
2.596187829971313477
2.597367048263549805
2.579223871231079102
2.529322624206542969
2.473933935165405273
2.552646636962890625
2.498247385025024414
2.574820280075073242
2.561192989349365234
2.458739280700683594
1.840116500854492188
2.013541698455810547
2.509292364120483398
2.452311277389526367
2.515847682952880859
2.532902956008911133
2.611929655075073242
2.623678445816040039
2.576561689376831055
2.612252712249755859
2.513579130172729492
2.535476922988891602
2.506347179412841797
1.743981719017028809
2.107139110565185547
2.620804786682128906
2.602673053741455078
2.513227462768554688
2.549329519271850586
2.532799720764160156
2.579234123229980469
2.592278480529785156
2.488377809524536133
2.516395568847656250
2.562943458557128906
2.611479282379150391
1.893200278282165527
2.104282617568969727
2.485045671463012695
2.513849020004272461
2.494539022445678711
2.616514444351196289
2.505405902862548828
2.559432983398437500
2.611982822418212891
2.711611509323120117
2.670483589172363281
2.588153839111328125
2.544738292694091797
2.073430776596069336
0.007549926638603210
0.006918266415596008
0.006918266415596008
0.006918236613273621
0.006918266415596008
0.006918236613273621
0.006918206810951233
0.006918266415596008
0.006918266415596008
0.006918266415596008
0.006918266415596008
0.006918296217918396
0.006918057799339294
0.008797034621238708
0.008408918976783752
0.008409038186073303
0.008408918976783752
0.008409008383750916
0.008409038186073303
0.008409008383750916
0.008409008383750916
0.008409008383750916
0.008408948779106140
0.008408799767494202
0.008409157395362854
0.008409067988395691
0.008796975016593933
0.008408844470977783
0.008409053087234497
0.008408978581428528
0.008409053087234497
0.008409053087234497
0.008409053087234497
0.008408993482589722
0.008409023284912109
0.008409053087234497
0.008408874273300171
0.008409261703491211
0.008409067988395691
0.008796945214271545
0.008408844470977783
0.008409142494201660
0.008408963680267334
0.008409023284912109
0.008409112691879272
0.008409142494201660
0.008409053087234497
0.008409023284912109
0.008409023284912109
0.008408904075622559
0.008409291505813599
0.008408978581428528
0.008796975016593933
0.008408874273300171
0.008408963680267334
0.008409023284912109
0.008409053087234497
0.008409082889556885
0.008409082889556885
0.008409023284912109
0.008409053087234497
0.008409082889556885
0.008408993482589722
0.008409231901168823
0.008409008383750916
0.008797064423561096
0.008408904075622559
0.008409082889556885
0.008408978581428528
0.008409142494201660
0.008409023284912109
0.008409023284912109
0.008409112691879272
0.008409053087234497
0.008408933877944946
0.008408904075622559
0.008409321308135986
0.008409127593040466
0.008797004818916321
0.008408710360527039
0.008409053087234497
0.008408844470977783
0.008409023284912109
0.008408978581428528
0.008408948779106140
0.008408948779106140
0.008409053087234497
0.008408904075622559
0.008408769965171814
0.008409187197685242
0.008409008383750916
-0.578062236309051514
-0.578072547912597656
-0.578072071075439453
-0.578072190284729004
-0.578072547912597656
-0.578072249889373779
-0.578072965145111084
-0.578073203563690186
-0.578073203563690186
-0.578072845935821533
-0.578072667121887207
-0.578072965145111084
-0.578071713447570801
-0.578068375587463379
-0.578085899353027344
-0.578086137771606445
-0.578086972236633301
-0.578087747097015381
-0.578087031841278076
-0.578087329864501953
-0.578086853027343750
-0.578087925910949707
-0.578087270259857178
-0.578087627887725830
-0.578087389469146729
-0.578084766864776611
-0.578067779541015625
-0.578085660934448242
-0.578086137771606445
-0.578085899353027344
-0.578087508678436279
-0.578087031841278076
-0.578087508678436279
-0.578086972236633301
-0.578088581562042236
-0.578085362911224365
-0.578086793422698975
-0.578086972236633301
-0.578086733818054199
-0.578068554401397705
-0.578087568283081055
-0.578086435794830322
-0.578085243701934814
-0.578086256980895996
-0.578086733818054199
-0.578087031841278076
-0.578086972236633301
-0.578087389469146729
-0.578086376190185547
-0.578085184097290039
-0.578086435794830322
-0.578086674213409424
-0.578068792819976807
-0.578087747097015381
-0.578087389469146729
-0.578087389469146729
-0.578087031841278076
-0.578087270259857178
-0.578086435794830322
-0.578086972236633301
-0.578087627887725830
-0.578086555004119873
-0.578084826469421387
-0.578085482120513916
-0.578086197376251221
-0.578068852424621582
-0.578086793422698975
-0.578087091445922852
-0.578087329864501953
-0.578088283538818359
-0.578087985515594482
-0.578087449073791504
-0.578087925910949707
-0.578087627887725830
-0.578086495399475098
-0.578087389469146729
-0.578084945678710938
-0.578085184097290039
-0.578068315982818604
-0.578086733818054199
-0.578087747097015381
-0.578085899353027344
-0.578087687492370605
-0.578088223934173584
-0.578087925910949707
-0.578086316585540771
-0.578087389469146729
-0.578087508678436279
-0.578088581562042236
-0.578087568283081055
-0.578085482120513916
0.382226973772048950
0.382234513759613037
0.382234543561935425
0.382234543561935425
0.382234513759613037
0.382234513759613037
0.382234513759613037
0.382234513759613037
0.382234513759613037
0.382234513759613037
0.382234513759613037
0.382234513759613037
0.382234543561935425
0.382228970527648926
0.382240265607833862
0.382240235805511475
0.382240235805511475
0.382240235805511475
0.382240235805511475
0.382240235805511475
0.382240235805511475
0.382240235805511475
0.382240235805511475
0.382240235805511475
0.382240235805511475
0.382240265607833862
0.382228970527648926
0.382240235805511475
0.382240235805511475
0.382240265607833862
0.382240235805511475
0.382240235805511475
0.382240235805511475
0.382240235805511475
0.382240235805511475
0.382240265607833862
0.382240235805511475
0.382240235805511475
0.382240235805511475
0.382228970527648926
0.382240235805511475
0.382240235805511475
0.382240265607833862
0.382240235805511475
0.382240235805511475
0.382240235805511475
0.382240235805511475
0.382240235805511475
0.382240235805511475
0.382240265607833862
0.382240235805511475
0.382240235805511475
0.382228970527648926
0.382240235805511475
0.382240235805511475
0.382240235805511475
0.382240235805511475
0.382240235805511475
0.382240235805511475
0.382240235805511475
0.382240235805511475
0.382240235805511475
0.382240265607833862
0.382240235805511475
0.382240235805511475
0.382228970527648926
0.382240235805511475
0.382240235805511475
0.382240235805511475
0.382240235805511475
0.382240235805511475
0.382240235805511475
0.382240235805511475
0.382240235805511475
0.382240235805511475
0.382240235805511475
0.382240265607833862
0.382240265607833862
0.382228970527648926
0.382240235805511475
0.382240235805511475
0.382240265607833862
0.382240235805511475
0.382240235805511475
0.382240235805511475
0.382240235805511475
0.382240235805511475
0.382240235805511475
0.382240235805511475
0.382240235805511475
0.382240265607833862
0.138791814446449280
0.138752207159996033
0.138669788837432861
0.138698011636734009
0.138704359531402588
0.138747632503509521
0.138833731412887573
0.138817757368087769
0.138725057244300842
0.138676747679710388
0.138713479042053223
0.138687700033187866
0.138487637042999268
0.138837099075317383
0.139052763581275940
0.138841331005096436
0.138742536306381226
0.138754904270172119
0.138716429471969604
0.138717383146286011
0.138733923435211182
0.138730436563491821
0.138709306716918945
0.138764470815658569
0.138664066791534424
0.138303190469741821
0.138839408755302429
0.139050990343093872
0.138878539204597473
0.138766527175903320
0.138742089271545410
0.138700395822525024
0.138679116964340210
0.138667106628417969
0.138737425208091736
0.138719886541366577
0.138741627335548401
0.138626828789710999
0.138325944542884827
0.138831287622451782
0.139019817113876343
0.138807713985443115
0.138701975345611572
0.138719826936721802
0.138671323657035828
0.138694941997528076
0.138699099421501160
0.138708636164665222
0.138699024915695190
0.138775527477264404
0.138699397444725037
0.138368353247642517
0.138838067650794983
0.139035969972610474
0.138867676258087158
0.138731554150581360
0.138684839010238647
0.138722658157348633
0.138693928718566895
0.138689160346984863
0.138719990849494934
0.138726249337196350
0.138768330216407776
0.138670116662979126
0.138392925262451172
0.138858467340469360
0.139074951410293579
0.138846620917320251
0.138727307319641113
0.138745903968811035
0.138666301965713501
0.138667821884155273
0.138704419136047363
0.138639256358146667
0.138688832521438599
0.138818398118019104
0.138684153556823730
0.138313710689544678
0.138782098889350891
0.139086246490478516
0.138858318328857422
0.138677507638931274
0.138755947351455688
0.138738214969635010
0.138710647821426392
0.138696163892745972
0.138720721006393433
0.138789176940917969
0.138905107975006104
0.138767689466476440
0.138443589210510254
0.087902769446372986
0.087904900312423706
0.087904512882232666
0.087904736399650574
0.087904646992683411
0.087904870510101318
0.087904885411262512
0.087904766201972961
0.087904587388038635
0.087904483079910278
0.087904706597328186
0.087902903556823730
0.087907627224922180
0.087875708937644958
0.087865322828292847
0.087865173816680908
0.087865054607391357
0.087864711880683899
0.087864726781845093
0.087864875793457031
0.087864786386489868
0.087864682078361511
0.087864801287651062
0.087864682078361511
0.087862268090248108
0.087871879339218140
0.087875768542289734
0.087865248322486877
0.087865203619003296
0.087864905595779419
0.087864562869071960
0.087864458560943604
0.087864726781845093
0.087864771485328674
0.087864622473716736
0.087864622473716736
0.087864637374877930
0.087862163782119751
0.087872818112373352
0.087875649333000183
0.087865546345710754
0.087864875793457031
0.087864711880683899
0.087864622473716736
0.087864488363265991
0.087864741683006287
0.087864756584167480
0.087864652276039124
0.087864756584167480
0.087864577770233154
0.087862044572830200
0.087873294949531555
0.087875664234161377
0.087865576148033142
0.087865009903907776
0.087864726781845093
0.087864711880683899
0.087864622473716736
0.087864607572555542
0.087864667177200317
0.087864771485328674
0.087864741683006287
0.087864696979522705
0.087862059473991394
0.087872847914695740
0.087875872850418091
0.087865427136421204
0.087865084409713745
0.087865009903907776
0.087864726781845093
0.087864860892295837
0.087864622473716736
0.087864547967910767
0.087864995002746582
0.087865084409713745
0.087864771485328674
0.087862133979797363
0.087872624397277832
0.087875515222549438
0.087865531444549561
0.087865114212036133
0.087865114212036133
0.087864577770233154
0.087864711880683899
0.087865084409713745
0.087864875793457031
0.087864801287651062
0.087865397334098816
0.087865188717842102
0.087862610816955566
0.087869077920913696
-0.890198826789855957
-0.879290997982025146
-0.880422949790954590
-0.879153072834014893
-0.878174304962158203
-0.878709316253662109
-0.879407525062561035
-0.879059135913848877
-0.879775285720825195
-0.879125475883483887
-0.879346072673797607
-0.878967642784118652
-0.887144088745117188
-0.893518030643463135
-0.883979797363281250
-0.884379386901855469
-0.883061289787292480
-0.882941961288452148
-0.884059786796569824
-0.884205520153045654
-0.883574664592742920
-0.883152186870574951
-0.883572101593017578
-0.883265137672424316
-0.884124338626861572
-0.891980528831481934
-0.893925786018371582
-0.884222924709320068
-0.883863806724548340
-0.883930802345275879
-0.883300185203552246
-0.882926762104034424
-0.883251786231994629
-0.884195029735565186
-0.883541107177734375
-0.883016467094421387
-0.883771121501922607
-0.883635580539703369
-0.893231153488159180
-0.893592417240142822
-0.884714424610137939
-0.883547961711883545
-0.883050322532653809
-0.883521556854248047
-0.885021388530731201
-0.885530889034271240
-0.884238004684448242
-0.884807229042053223
-0.883508622646331787
-0.883767068386077881
-0.884838819503784180
-0.892040371894836426
-0.894353449344635010
-0.884683847427368164
-0.885261356830596924
-0.884410083293914795
-0.884790301322937012
-0.883219897747039795
-0.883047401905059814
-0.883670806884765625
-0.883300840854644775
-0.884730994701385498
-0.884530961513519287
-0.884277343750000000
-0.892781615257263184
-0.892757534980773926
-0.883034527301788330
-0.883141517639160156
-0.884622216224670410
-0.884144484996795654
-0.884181678295135498
-0.883381366729736328
-0.883512496948242188
-0.885310351848602295
-0.884390890598297119
-0.883748888969421387
-0.882554292678833008
-0.890996277332305908
-0.892496705055236816
-0.884936273097991943
-0.884552657604217529
-0.885109186172485352
-0.883330523967742920
-0.885234892368316650
-0.884051680564880371
-0.883294701576232910
-0.881878495216369629
-0.881989121437072754
-0.882819771766662598
-0.883450150489807129
-0.889045715332031250
0.173869028687477112
0.171211123466491699
0.171684116125106812
0.171132549643516541
0.171208739280700684
0.171458676457405090
0.171834617853164673
0.171964228153228760
0.171678707003593445
0.171601712703704834
0.171307593584060669
0.171119958162307739
0.172957092523574829
0.178755477070808411
0.181047335267066956
0.180951058864593506
0.182122558355331421
0.181977912783622742
0.181817039847373962
0.181633412837982178
0.181414261460304260
0.180947542190551758
0.181757897138595581
0.181451633572578430
0.180508106946945190
0.184435427188873291
0.177868694067001343
0.180566281080245972
0.179317608475685120
0.181443542242050171
0.180848985910415649
0.179189816117286682
0.180365070700645447
0.181389838457107544
0.180454313755035400
0.180082991719245911
0.180949196219444275
0.180055454373359680
0.185098797082901001
0.178415283560752869
0.180698394775390625
0.179791077971458435
0.180842563509941101
0.180501148104667664
0.179254457354545593
0.180157840251922607
0.180052265524864197
0.181029587984085083
0.180785819888114929
0.180731981992721558
0.180027857422828674
0.184537589550018311
0.177886322140693665
0.180665239691734314
0.181526347994804382
0.181185826659202576
0.179639443755149841
0.179881945252418518
0.179687857627868652
0.180156677961349487
0.179516762495040894
0.180572167038917542
0.180075436830520630
0.179502323269844055
0.186939701437950134
0.177602648735046387
0.179962068796157837
0.180329784750938416
0.180820763111114502
0.180391192436218262
0.180979043245315552
0.180894196033477783
0.179865986108779907
0.180102467536926270
0.180948570370674133
0.180620208382606506
0.179243594408035278
0.184659048914909363
0.177093058824539185
0.179746523499488831
0.179490730166435242
0.178871124982833862
0.177883222699165344
0.177975863218307495
0.178891599178314209
0.178076669573783875
0.177210301160812378
0.178381800651550293
0.180243074893951416
0.179833367466926575
0.180442541837692261
-0.308186084032058716
-0.607128858566284180
-0.564237117767333984
-0.577031970024108887
-0.596592187881469727
-0.600332498550415039
-0.598533511161804199
-0.609203219413757324
-0.584283351898193359
-0.585403203964233398
-0.579728424549102783
-0.607430219650268555
-0.605133414268493652
-0.198164105415344238
-0.542538821697235107
-0.521221101284027100
-0.542610526084899902
-0.545392692089080811
-0.528350472450256348
-0.526089906692504883
-0.535230875015258789
-0.540358781814575195
-0.534881711006164551
-0.538776099681854248
-0.569717228412628174
-0.601214647293090820
-0.207519039511680603
-0.499402999877929688
-0.506338000297546387
-0.509092807769775391
-0.516132056713104248
-0.518903613090515137
-0.516271114349365234
-0.506532490253448486
-0.519086480140686035
-0.526268959045410156
-0.515926361083984375
-0.576040148735046387
-0.544159293174743652
-0.188318833708763123
-0.489829927682876587
-0.517312049865722656
-0.525291919708251953
-0.513885915279388428
-0.489307731389999390
-0.453603655099868774
-0.505576729774475098
-0.497450590133666992
-0.520149111747741699
-0.515290498733520508
-0.559553563594818115
-0.564283370971679688
-0.135427817702293396
-0.479965925216674805
-0.452752560377120972
-0.507305920124053955
-0.498027354478836060
-0.523513734340667725
-0.514866590499877930
-0.496538668870925903
-0.501563429832458496
-0.499231874942779541
-0.501336991786956787
-0.563156783580780029
-0.567011415958404541
-0.160857692360877991
-0.529145717620849609
-0.517602860927581787
-0.503363013267517090
-0.511309802532196045
-0.507204174995422363
-0.523793101310729980
-0.500384688377380371
-0.464156031608581543
-0.477612286806106567
-0.514553248882293701
-0.582410931587219238
-0.596902608871459961
-0.196083813905715942
-0.534830451011657715
-0.547890365123748779
-0.542828381061553955
-0.572396576404571533
-0.512962460517883301
-0.558129787445068359
-0.552251756191253662
-0.583981513977050781
-0.551010012626647949
-0.577169001102447510
-0.589998364448547363
-0.655583858489990234
-1.646515011787414551
-1.641795039176940918
-1.641927003860473633
-1.642423391342163086
-1.641610383987426758
-1.641228199005126953
-1.640759587287902832
-1.640190601348876953
-1.641406655311584473
-1.641292333602905273
-1.642057776451110840
-1.641731977462768555
-1.636083841323852539
-1.641852498054504395
-1.627037405967712402
-1.627673864364624023
-1.624410271644592285
-1.624636411666870117
-1.625638604164123535
-1.626103520393371582
-1.626202583312988281
-1.626919388771057129
-1.625493288040161133
-1.625920176506042480
-1.626114130020141602
-1.614540338516235352
-1.644066691398620605
-1.629248738288879395
-1.631531476974487305
-1.627094268798828125
-1.627982020378112793
-1.631250619888305664
-1.628990173339843750
-1.627339124679565430
-1.628840208053588867
-1.629318714141845703
-1.627933263778686523
-1.626608848571777344
-1.614978671073913574
-1.643128156661987305
-1.629287958145141602
-1.630265951156616211
-1.627756714820861816
-1.628818511962890625
-1.632356166839599609
-1.631262540817260742
-1.630150198936462402
-1.628466606140136719
-1.628132939338684082
-1.628408432006835938
-1.627155780792236328
-1.615544438362121582
-1.645378351211547852
-1.629532337188720703
-1.628327727317810059
-1.627817988395690918
-1.631315708160400391
-1.629843831062316895
-1.630324840545654297
-1.629870533943176270
-1.630995631217956543
-1.629357695579528809
-1.630264163017272949
-1.628155231475830078
-1.610780835151672363
-1.644990086555480957
-1.629608750343322754
-1.628975868225097656
-1.628712058067321777
-1.629298925399780273
-1.628162741661071777
-1.627792477607727051
-1.630350112915039062
-1.631099104881286621
-1.628784418106079102
-1.628598570823669434
-1.627999544143676758
-1.614259719848632812
-1.644239306449890137
-1.629202008247375488
-1.629315733909606934
-1.630674719810485840
-1.631671786308288574
-1.633144736289978027
-1.630291342735290527
-1.631659746170043945
-1.632432699203491211
-1.630603194236755371
-1.626625895500183105
-1.626712679862976074
-1.620313286781311035
-0.061671718955039978
-0.061624690890312195
-0.061624079942703247
-0.061624236404895782
-0.061624802649021149
-0.061624325811862946
-0.061625480651855469
-0.061625778675079346
-0.061625763773918152
-0.061625242233276367
-0.061624884605407715
-0.061625443398952484
-0.061623483896255493
-0.061710596084594727
-0.061671495437622070
-0.061671912670135498
-0.061673052608966827
-0.061674162745475769
-0.061673179268836975
-0.061673618853092194
-0.061673007905483246
-0.061674490571022034
-0.061673574149608612
-0.061674065887928009
-0.061673969030380249
-0.061670601367950439
-0.061709739267826080
-0.061670944094657898
-0.061671905219554901
-0.061671540141105652
-0.061673924326896667
-0.061673313379287720
-0.061673961579799652
-0.061673305928707123
-0.061675518751144409
-0.061670713126659393
-0.061672911047935486
-0.061673395335674286
-0.061673767864704132
-0.061710968613624573
-0.061673887073993683
-0.061672315001487732
-0.061670482158660889
-0.061672009527683258
-0.061672836542129517
-0.061673223972320557
-0.061673089861869812
-0.061673663556575775
-0.061672225594520569
-0.061670489609241486
-0.061672672629356384
-0.061673715710639954
-0.061711244285106659
-0.061674088239669800
-0.061673730611801147
-0.061673760414123535
-0.061673216521739960
-0.061673551797866821
-0.061672322452068329
-0.061673082411289215
-0.061674088239669800
-0.061672367155551910
-0.061669848859310150
-0.061671167612075806
-0.061672687530517578
-0.061711184680461884
-0.061672762036323547
-0.061673223972320557
-0.061673738062381744
-0.061675071716308594
-0.061674587428569794
-0.061673872172832489
-0.061674699187278748
-0.061674065887928009
-0.061672411859035492
-0.061673723161220551
-0.061670295894145966
-0.061671122908592224
-0.061710439622402191
-0.061672665178775787
-0.061674207448959351
-0.061671681702136993
-0.061674252152442932
-0.061674974858760834
-0.061674810945987701
-0.061672292649745941
-0.061673693358898163
-0.061673805117607117
-0.061675436794757843
-0.061674289405345917
-0.061671577394008636
-0.045143879950046539
-0.047689847648143768
-0.047352075576782227
-0.047544740140438080
-0.047473359853029251
-0.047671321779489517
-0.047674685716629028
-0.047580786049365997
-0.047413080930709839
-0.047333776950836182
-0.047520272433757782
-0.045956257730722427
-0.050054892897605896
-0.038940839469432831
-0.038966413587331772
-0.038840893656015396
-0.038750067353248596
-0.038446132093667984
-0.038456767797470093
-0.038586732000112534
-0.038506843149662018
-0.038414057344198227
-0.038529522716999054
-0.038428895175457001
-0.036327969282865524
-0.044651582837104797
-0.038996163755655289
-0.038904931396245956
-0.038872353732585907
-0.038613628596067429
-0.038313526660203934
-0.038219876587390900
-0.038465209305286407
-0.038493126630783081
-0.038370974361896515
-0.038367476314306259
-0.038382098078727722
-0.036231447011232376
-0.045473624020814896
-0.038888469338417053
-0.039167009294033051
-0.038587834686040878
-0.038444820791482925
-0.038356497883796692
-0.038249291479587555
-0.038460340350866318
-0.038487128913402557
-0.038387108594179153
-0.038482476025819778
-0.038322757929563522
-0.036123808473348618
-0.045896347612142563
-0.038906257599592209
-0.039191532880067825
-0.038703776895999908
-0.038465011864900589
-0.038440495729446411
-0.038370925933122635
-0.038358297199010849
-0.038412261754274368
-0.038503687828779221
-0.038472317159175873
-0.038423612713813782
-0.036144938319921494
-0.045495122671127319
-0.039075866341590881
-0.039068520069122314
-0.038772560656070709
-0.038701239973306656
-0.038465041667222977
-0.038581427186727524
-0.038365937769412994
-0.038305044174194336
-0.038695961236953735
-0.038765355944633484
-0.038491889834403992
-0.036203928291797638
-0.045306682586669922
-0.038771487772464752
-0.039158515632152557
-0.038790304213762283
-0.038790289312601089
-0.038328535854816437
-0.038439504802227020
-0.038759212940931320
-0.038579110056161880
-0.038515541702508926
-0.039043147116899490
-0.038861241191625595
-0.036623973399400711
-0.042223185300827026
-0.652536332607269287
-0.651535749435424805
-0.651090204715728760
-0.651342689990997314
-0.651249885559082031
-0.651513576507568359
-0.651522099971771240
-0.651396036148071289
-0.651169836521148682
-0.651060521602630615
-0.651309907436370850
-0.649208247661590576
-0.654711246490478516
-0.653502464294433594
-0.651049911975860596
-0.650886774063110352
-0.650761008262634277
-0.650351822376251221
-0.650364875793457031
-0.650540590286254883
-0.650437176227569580
-0.650310933589935303
-0.650467813014984131
-0.650325834751129150
-0.647508144378662109
-0.658699274063110352
-0.653578042984008789
-0.650964736938476562
-0.650925636291503906
-0.650577783584594727
-0.650173485279083252
-0.650051534175872803
-0.650378823280334473
-0.650415420532226562
-0.650258123874664307
-0.650246441364288330
-0.650265514850616455
-0.647373437881469727
-0.659811794757843018
-0.653431296348571777
-0.651316881179809570
-0.650550425052642822
-0.650350630283355713
-0.650232791900634766
-0.650091826915740967
-0.650371611118316650
-0.650402545928955078
-0.650274693965911865
-0.650408089160919189
-0.650185644626617432
-0.647228419780731201
-0.660379946231842041
-0.653455197811126709
-0.651350021362304688
-0.650698065757751465
-0.650378048419952393
-0.650345087051391602
-0.650252401828765869
-0.650233983993530273
-0.650306105613708496
-0.650428056716918945
-0.650388419628143311
-0.650321602821350098
-0.647256255149841309
-0.659843504428863525
-0.653681993484497070
-0.651187658309936523
-0.650793135166168213
-0.650695204734802246
-0.650377094745635986
-0.650537312030792236
-0.650243699550628662
-0.650163054466247559
-0.650689423084259033
-0.650782465934753418
-0.650421738624572754
-0.647335588932037354
-0.659590244293212891
-0.653272628784179688
-0.651304125785827637
-0.650816679000854492
-0.650811612606048584
-0.650191366672515869
-0.650348484516143799
-0.650799274444580078
-0.650527954101562500
-0.650445103645324707
-0.651150286197662354
-0.650912284851074219
-0.647899866104125977
-0.655434250831604004
0.166803300380706787
0.251783013343811035
0.243252485990524292
0.252976089715957642
0.260686755180358887
0.256647378206253052
0.251324862241744995
0.254089027643203735
0.248263955116271973
0.253449082374572754
0.251637846231460571
0.253774017095565796
0.207497656345367432
0.140738099813461304
0.217563703656196594
0.214372068643569946
0.225829660892486572
0.226435154676437378
0.217404574155807495
0.216166466474533081
0.220881178975105286
0.223828554153442383
0.221225798130035400
0.223501741886138916
0.219393044710159302
0.182549059391021729
0.135199815034866333
0.214161843061447144
0.215859800577163696
0.217049673199653625
0.221378326416015625
0.222719326615333557
0.221261680126190186
0.214745730161666870
0.219050139188766479
0.222786501049995422
0.217721641063690186
0.223343268036842346
0.172694563865661621
0.138638079166412354
0.210652485489845276
0.218494519591331482
0.223306208848953247
0.219278454780578613
0.206076845526695251
0.203311324119567871
0.213163956999778748
0.209487333893775940
0.219586089253425598
0.217492327094078064
0.214460164308547974
0.181333497166633606
0.132618322968482971
0.210972830653190613
0.207121223211288452
0.212874621152877808
0.208383560180664062
0.221034109592437744
0.222323417663574219
0.217962339520454407
0.220351606607437134
0.209715664386749268
0.210908293724060059
0.217887133359909058
0.177333146333694458
0.145051836967468262
0.223030060529708862
0.222514063119888306
0.210989803075790405
0.214284524321556091
0.214561194181442261
0.220627665519714355
0.218907535076141357
0.205088019371032715
0.213300049304962158
0.217859178781509399
0.230640396475791931
0.189597785472869873
0.150077566504478455
0.212412595748901367
0.214747697114944458
0.210223302245140076
0.223022982478141785
0.208386003971099854
0.217759311199188232
0.223549365997314453
0.233857974410057068
0.234725177288055420
0.229369640350341797
0.225030571222305298
0.202794343233108521
1.250994682312011719
1.250994682312011719
1.250994682312011719
1.250994682312011719
1.250994682312011719
1.250994682312011719
1.250994682312011719
1.250994682312011719
1.250994682312011719
1.250994682312011719
1.250994682312011719
1.250994682312011719
1.250994682312011719
1.250994682312011719
1.250994682312011719
1.250994682312011719
1.250994682312011719
1.250994682312011719
1.250994682312011719
1.250994682312011719
1.250994682312011719
1.250994682312011719
1.250994682312011719
1.250994682312011719
1.250994682312011719
1.250994682312011719
1.250994682312011719
1.250994682312011719
1.250994682312011719
1.250994682312011719
1.250994682312011719
1.250994682312011719
1.250994682312011719
1.250994682312011719
1.250994682312011719
1.250994682312011719
1.250994682312011719
1.250994682312011719
1.250994682312011719
1.250994682312011719
1.250994682312011719
1.250994682312011719
1.250994682312011719
1.250994682312011719
1.250994682312011719
1.250994682312011719
1.250994682312011719
1.250994682312011719
1.250994682312011719
1.250994682312011719
1.250994682312011719
1.250994682312011719
1.250994682312011719
1.250994682312011719
1.250994682312011719
1.250994682312011719
1.250994682312011719
1.250994682312011719
1.250994682312011719
1.250994682312011719
1.250994682312011719
1.250994682312011719
1.250994682312011719
1.250994682312011719
1.250994682312011719
1.250994682312011719
1.250994682312011719
1.250994682312011719
1.250994682312011719
1.250994682312011719
1.250994682312011719
1.250994682312011719
1.250994682312011719
1.250994682312011719
1.250994682312011719
1.250994682312011719
1.250994682312011719
1.250994682312011719
1.250994682312011719
1.250994682312011719
1.250994682312011719
1.250994682312011719
1.250994682312011719
1.250994682312011719
1.250994682312011719
1.250994682312011719
1.250994682312011719
1.250994682312011719
1.250994682312011719
1.250994682312011719
1.250994682312011719
-0.036908209323883057
-0.045960817486047745
-0.045875087380409241
-0.045866306871175766
-0.045861363410949707
-0.045861091464757919
-0.045865993946790695
-0.045867688953876495
-0.045868515968322754
-0.045868348330259323
-0.045870773494243622
-0.045873932540416718
-0.045929610729217529
-0.041113272309303284
-0.054158482700586319
-0.053845677524805069
-0.053842920809984207
-0.053839825093746185
-0.053845390677452087
-0.053844280540943146
-0.053839363157749176
-0.053844951093196869
-0.053841628134250641
-0.053841192275285721
-0.053844239562749863
-0.053946398198604584
-0.041092552244663239
-0.054027743637561798
-0.053847223520278931
-0.053851131349802017
-0.053848411887884140
-0.053852818906307220
-0.053852993994951248
-0.053853251039981842
-0.053853873163461685
-0.053849752992391586
-0.053851321339607239
-0.053850445896387100
-0.053965304046869278
-0.041422046720981598
-0.054396521300077438
-0.053844489157199860
-0.053843896836042404
-0.053851280361413956
-0.053858630359172821
-0.053942725062370300
-0.053876638412475586
-0.053873494267463684
-0.053852204233407974
-0.053856324404478073
-0.053849056363105774
-0.053971890360116959
-0.041822083294391632
-0.054681271314620972
-0.053866539150476456
-0.053860943764448166
-0.053860936313867569
-0.053864199668169022
-0.053864311426877975
-0.053872570395469666
-0.053879261016845703
-0.053864877671003342
-0.053854972124099731
-0.053850956261157990
-0.053974919021129608
-0.041530273854732513
-0.054554618895053864
-0.053854916244745255
-0.053865186870098114
-0.053864520043134689
-0.053849779069423676
-0.053859196603298187
-0.053870316594839096
-0.053872749209403992
-0.053862821310758591
-0.053857985883951187
-0.053846769034862518
-0.053972564637660980
-0.042602129280567169
-0.055438239127397537
-0.053901713341474533
-0.053861528635025024
-0.053981803357601166
-0.054163724184036255
-0.054136939346790314
-0.053864236921072006
-0.053864490240812302
-0.053861070424318314
-0.053866676986217499
-0.053859014064073563
-0.053975220769643784
0.680057823657989502
1.022491812705993652
0.970010638236999512
0.959290266036987305
0.982419371604919434
1.004723072052001953
1.021657943725585938
1.039822340011596680
0.997287392616271973
0.987117350101470947
0.972710371017456055
1.018628478050231934
1.294298887252807617
0.606797695159912109
1.176535606384277344
1.140695452690124512
1.189611434936523438
1.189201951026916504
1.171159148216247559
1.164707422256469727
1.165981173515319824
1.157558202743530273
1.173867106437683105
1.169312477111816406
1.253028988838195801
1.658605813980102539
0.601992905139923096
1.076190233230590820
1.053949356079101562
1.113751649856567383
1.102197647094726562
1.059883713722229004
1.089117646217346191
1.112090110778808594
1.102136850357055664
1.097719430923461914
1.112483501434326172
1.249227881431579590
1.576207876205444336
0.572781920433044434
1.069615721702575684
1.081745028495788574
1.115609169006347656
1.092921495437622070
1.039184927940368652
1.000506401062011719
1.077479600906372070
1.095534086227416992
1.111716866493225098
1.105428338050842285
1.241025447845458984
1.577877879142761230
0.469370931386947632
1.048639774322509766
1.028432726860046387
1.112269520759582520
1.062105894088745117
1.090994000434875488
1.066478252410888672
1.053131222724914551
1.040403485298156738
1.086286306381225586
1.074948668479919434
1.222039818763732910
1.655719041824340820
0.484445095062255859
1.098627924919128418
1.089234590530395508
1.099069237709045410
1.095887064933776855
1.103166937828063965
1.119641661643981934
1.050790071487426758
1.016434192657470703
1.048313140869140625
1.101777791976928711
1.219057321548461914
1.629540681838989258
0.559443593025207520
1.165893673896789551
1.179669857025146484
1.168123245239257812
1.169718265533447266
1.088390469551086426
1.174811124801635742
1.133252859115600586
1.149420619010925293
1.115685343742370605
1.226648330688476562
1.268701910972595215
1.627528190612792969
0.892261862754821777
0.223054558038711548
0.317225843667984009
0.259626358747482300
0.219743579626083374
0.231329262256622314
0.257014065980911255
0.241442322731018066
0.277937680482864380
0.265279233455657959
0.267022907733917236
0.222385853528976440
0.718116939067840576
1.185451745986938477
0.638968348503112793
0.671750366687774658
0.666283488273620605
0.654381692409515381
0.688484966754913330
0.687144339084625244
0.655854821205139160
0.625924170017242432
0.669074833393096924
0.650697112083435059
0.682634592056274414
1.261660814285278320
1.118756055831909180
0.659097373485565186
0.598092734813690186
0.674407303333282471
0.632919251918792725
0.559829652309417725
0.611169695854187012
0.678394615650177002
0.616789758205413818
0.583867549896240234
0.644294798374176025
0.659861862659454346
1.359022378921508789
1.163312673568725586
0.686161637306213379
0.594122350215911865
0.615240156650543213
0.625750005245208740
0.633196353912353516
0.726002931594848633
0.629764020442962646
0.686197102069854736
0.626150131225585938
0.636422157287597656
0.714179694652557373
1.282424688339233398
1.230463385581970215
0.697925746440887451
0.778907895088195801
0.674040734767913818
0.633229553699493408
0.583757042884826660
0.586268484592437744
0.639540493488311768
0.602548837661743164
0.665532469749450684
0.642664968967437744
0.669792115688323975
1.380283355712890625
1.159961104393005371
0.576611399650573730
0.610625386238098145
0.668947815895080566
0.635064661502838135
0.662468373775482178
0.623430192470550537
0.621220767498016357
0.706306338310241699
0.707665741443634033
0.636772036552429199
0.592897772789001465
1.232762098312377930
1.160833120346069336
0.682082593441009521
0.646475374698638916
0.648633897304534912
0.540720343589782715
0.656171143054962158
0.594967663288116455
0.571164727210998535
0.472942590713500977
0.566528618335723877
0.611288368701934814
0.634723246097564697
1.030508399009704590
0.047615282237529755
0.051070719957351685
0.050959259271621704
0.051004849374294281
0.050979465246200562
0.051025912165641785
0.051002740859985352
0.050979852676391602
0.050957769155502319
0.050948269665241241
0.050994455814361572
0.050528377294540405
0.051858127117156982
0.049561224877834320
0.054236248135566711
0.054136134684085846
0.054137445986270905
0.054039940237998962
0.054057270288467407
0.054096102714538574
0.054065167903900146
0.054040111601352692
0.054080493748188019
0.054031908512115479
0.053426623344421387
0.056110560894012451
0.049568973481655121
0.054164282977581024
0.054134584963321686
0.054092079401016235
0.054007306694984436
0.053994007408618927
0.054074943065643311
0.054087191820144653
0.054029144346714020
0.054031126201152802
0.054029315710067749
0.053411103785037994
0.056362234055995941
0.049673564732074738
0.054404713213443756
0.054069690406322479
0.054057732224464417
0.054028511047363281
0.054014392197132111
0.054105341434478760
0.054084524512290955
0.054050408303737640
0.054074205458164215
0.054002858698368073
0.053355373442173004
0.056480139493942261
0.049840740859508514
0.054523795843124390
0.054094396531581879
0.054061852395534515
0.054068893194198608
0.054037459194660187
0.054042376577854156
0.054063528776168823
0.054084450006484985
0.054067313671112061
0.054035238921642303
0.053371526300907135
0.056351892650127411
0.049766331911087036
0.054422788321971893
0.054117411375045776
0.054136708378791809
0.054058916866779327
0.054113090038299561
0.054050609469413757
0.054025597870349884
0.054165489971637726
0.054167032241821289
0.054042480885982513
0.053383387625217438
0.056318238377571106
0.050136305391788483
0.054808005690574646
0.054138109087944031
0.054177083075046539
0.054061859846115112
0.054176382720470428
0.054273195564746857
0.054108388721942902
0.054081879556179047
0.054219067096710205
0.054130695760250092
0.053490050137042999
0.055340766906738281
-0.508901834487915039
-0.513560771942138672
-0.513518512248992920
-0.513513326644897461
-0.513510704040527344
-0.513509690761566162
-0.513510525226593018
-0.513511657714843750
-0.513513863086700439
-0.513514757156372070
-0.513515293598175049
-0.513517141342163086
-0.513550519943237305
-0.511049747467041016
-0.517752051353454590
-0.517595469951629639
-0.517595887184143066
-0.517593920230865479
-0.517597615718841553
-0.517597019672393799
-0.517594277858734131
-0.517597079277038574
-0.517595887184143066
-0.517594456672668457
-0.517597734928131104
-0.517659127712249756
-0.511039137840270996
-0.517684817314147949
-0.517595469951629639
-0.517599701881408691
-0.517598628997802734
-0.517601788043975830
-0.517602264881134033
-0.517602682113647461
-0.517601549625396729
-0.517599940299987793
-0.517600178718566895
-0.517601609230041504
-0.517668485641479492
-0.511208534240722656
-0.517874896526336670
-0.517595529556274414
-0.517597317695617676
-0.517600655555725098
-0.517605364322662354
-0.517648100852966309
-0.517614006996154785
-0.517612218856811523
-0.517601668834686279
-0.517602205276489258
-0.517599463462829590
-0.517671108245849609
-0.511414051055908203
-0.518020987510681152
-0.517605483531951904
-0.517605304718017578
-0.517606258392333984
-0.517607152462005615
-0.517607867717742920
-0.517612159252166748
-0.517614901065826416
-0.517607510089874268
-0.517601728439331055
-0.517601072788238525
-0.517672181129455566
-0.511263608932495117
-0.517955183982849121
-0.517599999904632568
-0.517607629299163818
-0.517606735229492188
-0.517600893974304199
-0.517605662345886230
-0.517610609531402588
-0.517613232135772705
-0.517607271671295166
-0.517602205276489258
-0.517598688602447510
-0.517672657966613770
-0.511816143989562988
-0.518409192562103271
-0.517623782157897949
-0.517606854438781738
-0.517666876316070557
-0.517760813236236572
-0.517748057842254639
-0.517607748508453369
-0.517607331275939941
-0.517604231834411621
-0.517604827880859375
-0.517603158950805664
-0.517670691013336182
0.699756801128387451
0.700584411621093750
0.700579941272735596
0.700580894947052002
0.700584411621093750
0.700581431388854980
0.700588047504425049
0.700590014457702637
0.700590312480926514
0.700587093830108643
0.700585067272186279
0.700588345527648926
0.700576961040496826
0.699443340301513672
0.700365960597991943
0.700367987155914307
0.700374960899353027
0.700382113456726074
0.700375974178314209
0.700378537178039551
0.700373947620391846
0.700383841991424561
0.700378060340881348
0.700380861759185791
0.700379133224487305
0.700356185436248779
0.699438393115997314
0.700363397598266602
0.700367867946624756
0.700365722179412842
0.700379848480224609
0.700375676155090332
0.700379967689514160
0.700375437736511230
0.700389683246612549
0.700360894203186035
0.700373411178588867
0.700374960899353027
0.700373589992523193
0.699445247650146484
0.700380980968475342
0.700370669364929199
0.700359702110290527
0.700368762016296387
0.700373351573944092
0.700375735759735107
0.700375139713287354
0.700378954410552979
0.700370013713836670
0.700359225273132324
0.700370669364929199
0.700373172760009766
0.699447274208068848
0.700382173061370850
0.700379014015197754
0.700378775596618652
0.700375676155090332
0.700377881526947021
0.700370430946350098
0.700375199317932129
0.700381219387054443
0.700371444225311279
0.700356006622314453
0.700361788272857666
0.700368642807006836
0.699447631835937500
0.700373888015747070
0.700376152992248535
0.700378358364105225
0.700387060642242432
0.700384259223937988
0.700379371643066406
0.700384020805358887
0.700381338596343994
0.700371205806732178
0.700379133224487305
0.700356960296630859
0.700359761714935303
0.699443161487579346
0.700373351573944092
0.700382888317108154
0.700365662574768066
0.700382173061370850
0.700386881828308105
0.700384318828582764
0.700369656085968018
0.700379014015197754
0.700380086898803711
0.700389683246612549
0.700381040573120117
0.700362384319305420
0.037778228521347046
0.037846870720386505
0.036849893629550934
0.037408635020256042
0.037179924547672272
0.037741608917713165
0.037748187780380249
0.037458077073097229
0.037006117403507233
0.036761425435543060
0.037328932434320450
0.032777257263660431
0.044458366930484772
0.041345883160829544
0.039221681654453278
0.038783676922321320
0.038395229727029800
0.037517562508583069
0.037585027515888214
0.037981696426868439
0.037758924067020416
0.037512417882680893
0.037800714373588562
0.037506565451622009
0.031404383480548859
0.055195186287164688
0.041598159819841385
0.039063349366188049
0.039003178477287292
0.038095578551292419
0.037250656634569168
0.037106767296791077
0.037735000252723694
0.037757471203804016
0.037470243871212006
0.037461929023265839
0.037453241646289825
0.031129710376262665
0.057614021003246307
0.041340455412864685
0.039943311363458633
0.038148358464241028
0.037627611309289932
0.037411894649267197
0.037236951291561127
0.037818260490894318
0.037838365882635117
0.037500306963920593
0.037770338356494904
0.037298053503036499
0.030830264091491699
0.058871593326330185
0.041581936180591583
0.040110893547534943
0.038384906947612762
0.037695743143558502
0.037749461829662323
0.037498988211154938
0.037471905350685120
0.037609867751598358
0.037915281951427460
0.037775330245494843
0.037657372653484344
0.030928444117307663
0.057545989751815796
0.041965778917074203
0.039733838289976120
0.038626637309789658
0.038415506482124329
0.037747651338577271
0.038047906011343002
0.037404682487249374
0.037317033857107162
0.038479108363389969
0.038592867553234100
0.037816330790519714
0.031097128987312317
0.057123575359582901
0.041389435529708862
0.040239121764898300
0.038698438555002213
0.038725696504116058
0.037462979555130005
0.037898875772953033
0.038780823349952698
0.038144446909427643
0.037996850907802582
0.039439968764781952
0.038800932466983795
0.032275225967168808
0.048335753381252289
0.293435722589492798
0.717768073081970215
0.616364240646362305
0.583678603172302246
0.579794526100158691
0.632957220077514648
0.673523128032684326
0.683466851711273193
0.648436725139617920
0.595995426177978516
0.599767982959747314
0.672500967979431152
0.500174462795257568
0.126017540693283081
0.696331620216369629
0.644242227077484131
0.569521725177764893
0.578927874565124512
0.612184405326843262
0.622689604759216309
0.617926239967346191
0.619839131832122803
0.601961910724639893
0.596279203891754150
0.581220924854278564
0.287092119455337524
0.308739244937896729
0.624503910541534424
0.673772692680358887
0.602128684520721436
0.601941883563995361
0.655536115169525146
0.626234114170074463
0.620680570602416992
0.654287159442901611
0.657745659351348877
0.636996746063232422
0.557241737842559814
0.196423202753067017
0.169314682483673096
0.617404937744140625
0.676715314388275146
0.621638655662536621
0.628091454505920410
0.714715540409088135
0.566381931304931641
0.678451120853424072
0.652192234992980957
0.644875228404998779
0.644576132297515869
0.555372893810272217
0.227388203144073486
0.030171632766723633
0.575113713741302490
0.469428598880767822
0.648115634918212891
0.711837172508239746
0.670945763587951660
0.627063572406768799
0.582085847854614258
0.599548041820526123
0.672281146049499512
0.680344045162200928
0.573991715908050537
0.199311763048171997
0.012415468692779541
0.673077285289764404
0.612397372722625732
0.665874123573303223
0.674695432186126709
0.638283848762512207
0.643955707550048828
0.595959544181823730
0.593262314796447754
0.528260529041290283
0.634706676006317139
0.554923713207244873
0.250071644783020020
-0.035135149955749512
0.623977661132812500
0.663792371749877930
0.691002011299133301
0.710346698760986328
0.620168268680572510
0.707986772060394287
0.626254618167877197
0.674277424812316895
0.490324914455413818
0.595521450042724609
0.595010757446289062
0.327301830053329468
0.585987627506256104
0.749518334865570068
0.833723664283752441
1.053957343101501465
1.134317278861999512
0.958606362342834473
0.788077592849731445
0.783049881458282471
0.821494340896606445
0.986084520816802979
0.983586072921752930
0.853594899177551270
-0.484712600708007812
0.495289027690887451
-0.157976448535919189
-0.073219716548919678
0.080482959747314453
0.085287779569625854
-0.057719469070434570
-0.075214207172393799
0.007100880146026611
0.075556844472885132
0.010005295276641846
0.065300464630126953
-0.177937924861907959
-1.590170741081237793
0.234197556972503662
0.096759140491485596
0.129994004964828491
0.083242565393447876
0.186702489852905273
0.257174611091613770
0.190474659204483032
0.031340301036834717
0.094813555479049683
0.165625661611557007
0.065145432949066162
-0.078495383262634277
-1.477459311485290527
0.499962031841278076
0.056456387042999268
0.109184563159942627
0.167301982641220093
0.146945059299468994
-0.034122824668884277
0.155336529016494751
0.028826773166656494
-0.048951625823974609
0.090059071779251099
0.071094751358032227
-0.208364605903625488
-1.369231104850769043
0.779311001300811768
0.152602404356002808
0.246837794780731201
-0.028128087520599365
-0.048423886299133301
0.138373970985412598
0.261921614408493042
0.263711780309677124
0.315744698047637939
-0.044030249118804932
-0.004773020744323730
-0.122739315032958984
-1.588773131370544434
0.970456123352050781
0.142706543207168579
0.221063226461410522
-0.048787474632263184
0.007726013660430908
0.030706167221069336
0.091029316186904907
0.272264540195465088
0.118955284357070923
0.246221035718917847
0.093116611242294312
0.120092332363128662
-1.368715167045593262
0.917976379394531250
-0.160753846168518066
-0.186079800128936768
-0.262666285037994385
-0.065104782581329346
-0.032564878463745117
-0.166566133499145508
0.112090051174163818
0.200910896062850952
0.472397983074188232
0.016832470893859863
-0.138542950153350830
-1.196135878562927246
0.575877368450164795
0.575481355190277100
0.575293898582458496
0.574977159500122070
0.574874341487884521
0.575195252895355225
0.575580239295959473
0.575575053691864014
0.575388729572296143
0.575082361698150635
0.575111210346221924
0.575209498405456543
0.576805710792541504
0.576540768146514893
0.578027784824371338
0.577648162841796875
0.577393174171447754
0.577393710613250732
0.577536404132843018
0.577555775642395020
0.577434003353118896
0.577307105064392090
0.577430129051208496
0.577394366264343262
0.577409565448760986
0.579077661037445068
0.576868712902069092
0.577658534049987793
0.577314794063568115
0.577387928962707520
0.577177762985229492
0.576901674270629883
0.577066779136657715
0.577348411083221436
0.577288448810577393
0.577102541923522949
0.577350795269012451
0.577172160148620605
0.579069435596466064
0.576527535915374756
0.577715158462524414
0.577288031578063965
0.577131986618041992
0.577170670032501221
0.577292919158935547
0.577131330966949463
0.577295720577239990
0.577492773532867432
0.577250361442565918
0.577349781990051270
0.577427566051483154
0.578938722610473633
0.576114237308502197
0.577599525451660156
0.577314972877502441
0.577499568462371826
0.577360570430755615
0.577152073383331299
0.576919555664062500
0.576955795288085938
0.576882183551788330
0.577466547489166260
0.577404141426086426
0.577230811119079590
0.579437375068664551
0.575845181941986084
0.577587008476257324
0.577222466468811035
0.577503442764282227
0.577418148517608643
0.577331185340881348
0.577226698398590088
0.576949000358581543
0.577120304107666016
0.577043116092681885
0.577388167381286621
0.576886594295501709
0.578835964202880859
0.575700640678405762
0.577931642532348633
0.577678263187408447
0.577493846416473389
0.577242970466613770
0.577204644680023193
0.577432274818420410
0.576930582523345947
0.576774597167968750
0.576574087142944336
0.577499568462371826
0.577420592308044434
0.578311264514923096
0.322472244501113892
0.321937948465347290
0.322374016046524048
0.322207003831863403
0.322187066078186035
0.321954250335693359
0.321489393711090088
0.321592330932617188
0.322094827890396118
0.322350621223449707
0.322131216526031494
0.322304159402847290
0.323163628578186035
0.321831136941909790
0.319599688053131104
0.320819586515426636
0.321401745080947876
0.321345150470733643
0.321551233530044556
0.321548581123352051
0.321448743343353271
0.321478933095932007
0.321595937013626099
0.321280658245086670
0.321769803762435913
0.323489546775817871
0.321867287158966064
0.319598913192749023
0.320604860782623291
0.321252763271331787
0.321409195661544800
0.321630656719207764
0.321767657995223999
0.321836322546005249
0.321458965539932251
0.321513593196868896
0.321410447359085083
0.321957319974899292
0.323367655277252197
0.321848899126052856
0.319753110408782959
0.321025878190994263
0.321615278720855713
0.321518421173095703
0.321793437004089355
0.321613729000091553
0.321645647287368774
0.321601748466491699
0.321650087833404541
0.321193635463714600
0.321518599987030029
0.323141247034072876
0.321699410676956177
0.319613546133041382
0.320639491081237793
0.321477293968200684
0.321727722883224487
0.321521401405334473
0.321655929088592529
0.321676701307296753
0.321507930755615234
0.321489870548248291
0.321222156286239624
0.321678161621093750
0.323022007942199707
0.321624159812927246
0.319431155920028687
0.320802748203277588
0.321497440338134766
0.321404635906219482
0.321853220462799072
0.321844249963760376
0.321604728698730469
0.321957498788833618
0.321662485599517822
0.320973902940750122
0.321603566408157349
0.323447197675704956
0.321860015392303467
0.319172441959381104
0.320685088634490967
0.321678668260574341
0.321250379085540771
0.321289002895355225
0.321510255336761475
0.321562826633453369
0.321451723575592041
0.321022242307662964
0.320440620183944702
0.321172356605529785
0.322647333145141602
-0.444746792316436768
-0.444756269454956055
-0.444746434688568115
-0.444752097129821777
-0.444749772548675537
-0.444754958152770996
-0.444754362106323242
-0.444752216339111328
-0.444748312234878540
-0.444746851921081543
-0.444751292467117310
-0.444713979959487915
-0.444813072681427002
-0.444744884967803955
-0.444723367691040039
-0.444719910621643066
-0.444718122482299805
-0.444711029529571533
-0.444711327552795410
-0.444714188575744629
-0.444711744785308838
-0.444709837436676025
-0.444712162017822266
-0.444710791110992432
-0.444660186767578125
-0.444858610630035400
-0.444745898246765137
-0.444722592830657959
-0.444721549749374390
-0.444715112447738647
-0.444708168506622314
-0.444704949855804443
-0.444711327552795410
-0.444711923599243164
-0.444708108901977539
-0.444709122180938721
-0.444709360599517822
-0.444658786058425903
-0.444877147674560547
-0.444743692874908447
-0.444729030132293701
-0.444713652133941650
-0.444711089134216309
-0.444708675146102905
-0.444705605506896973
-0.444711089134216309
-0.444712638854980469
-0.444709002971649170
-0.444710612297058105
-0.444708138704299927
-0.444656372070312500
-0.444886922836303711
-0.444744169712066650
-0.444729506969451904
-0.444717705249786377
-0.444711506366729736
-0.444710969924926758
-0.444708913564682007
-0.444708734750747681
-0.444710046052932739
-0.444712579250335693
-0.444711387157440186
-0.444710612297058105
-0.444656968116760254
-0.444876909255981445
-0.444748550653457642
-0.444725960493087769
-0.444718956947326660
-0.444717168807983398
-0.444711863994598389
-0.444713860750198364
-0.444709360599517822
-0.444707453250885010
-0.444716811180114746
-0.444718331098556519
-0.444710254669189453
-0.444658041000366211
-0.444872289896011353
-0.444741010665893555
-0.444728910923004150
-0.444719642400741577
-0.444719702005386353
-0.444708228111267090
-0.444709628820419312
-0.444713473320007324
-0.444714367389678955
-0.444712698459625244
-0.444725960493087769
-0.444720238447189331
-0.444668769836425781
-0.444800913333892822
-2.021292686462402344
-0.751417398452758789
-1.109680652618408203
-1.321201562881469727
-1.363065123558044434
-1.113222122192382812
-0.906998217105865479
-0.867201089859008789
-1.002841591835021973
-1.235573768615722656
-1.227230548858642578
-0.907033920288085938
0.367378830909729004
-2.714642047882080078
-0.544662714004516602
-0.751510024070739746
-1.013126730918884277
-0.991403996944427490
-0.835052311420440674
-0.799503803253173828
-0.857066392898559570
-0.887890279293060303
-0.899554312229156494
-0.936947405338287354
-0.503998517990112305
0.705789804458618164
-2.149579048156738281
-1.012000322341918945
-0.898354291915893555
-1.044703722000122070
-1.103680253028869629
-1.015388011932373047
-1.052207231521606445
-0.970517694950103760
-0.911412000656127930
-0.943616628646850586
-0.936080217361450195
-0.592326879501342773
0.265930533409118652
-2.687513351440429688
-1.010256648063659668
-0.868519604206085205
-1.033538341522216797
-1.016206026077270508
-0.715607643127441406
-1.248332381248474121
-0.826541125774383545
-0.851198971271514893
-0.933615326881408691
-0.923405826091766357
-0.491695880889892578
0.268222689628601074
-3.273686885833740234
-1.190914630889892578
-1.541722893714904785
-0.859339833259582520
-0.700519025325775146
-0.894418418407440186
-1.093770503997802734
-1.226604461669921875
-1.212581634521484375
-0.801929056644439697
-0.800432980060577393
-0.527840852737426758
0.345690846443176270
-3.415827751159667969
-0.887249588966369629
-1.095238804817199707
-0.806372106075286865
-0.810490369796752930
-0.923586308956146240
-0.931373059749603271
-1.192061066627502441
-1.143942117691040039
-1.368983864784240723
-0.953394949436187744
-0.752647697925567627
0.382874011993408203
-3.253925323486328125
-0.545337557792663574
-0.419284343719482422
-0.277451753616333008
-0.331954121589660645
-0.645709097385406494
-0.327963232994079590
-0.693668663501739502
-0.595558524131774902
-1.267501711845397949
-0.680272161960601807
-0.429074287414550781
0.721915483474731445
-0.947531938552856445
-0.927703857421875000
-0.930464148521423340
-0.930094957351684570
-0.928761124610900879
-0.928180098533630371
-0.927885949611663818
-0.927067756652832031
-0.929029762744903564
-0.929206073284149170
-0.929803371429443359
-0.928089499473571777
-0.936043739318847656
-0.950079262256622314
-0.922985792160034180
-0.924614906311035156
-0.922674179077148438
-0.922535896301269531
-0.923643589019775391
-0.923888623714447021
-0.923427939414978027
-0.923428058624267578
-0.923267006874084473
-0.923319876194000244
-0.924710154533386230
-0.931081533432006836
-0.948779106140136719
-0.925598025321960449
-0.925863862037658691
-0.924468636512756348
-0.924406886100769043
-0.925132155418395996
-0.924576044082641602
-0.924575805664062500
-0.924300432205200195
-0.924039959907531738
-0.924259126186370850
-0.924962282180786133
-0.933893978595733643
-0.950134217739105225
-0.926194012165069580
-0.924779415130615234
-0.923734784126281738
-0.924691975116729736
-0.926792025566101074
-0.928990364074707031
-0.925343394279479980
-0.925295114517211914
-0.924010157585144043
-0.924405097961425781
-0.926457166671752930
-0.932599306106567383
-0.954379498958587646
-0.926970839500427246
-0.928542196750640869
-0.924610316753387451
-0.926013946533203125
-0.924328625202178955
-0.925158083438873291
-0.926192462444305420
-0.926227092742919922
-0.925427854061126709
-0.925643026828765869
-0.926202356815338135
-0.930917322635650635
-0.952956378459930420
-0.923906266689300537
-0.924670755863189697
-0.925057232379913330
-0.924810409545898438
-0.924771308898925781
-0.923710703849792480
-0.926102280616760254
-0.928278386592864990
-0.927092492580413818
-0.924661815166473389
-0.924770236015319824
-0.930523097515106201
-0.953193664550781250
-0.926436364650726318
-0.925596475601196289
-0.926546096801757812
-0.925132036209106445
-0.929212689399719238
-0.924996733665466309
-0.926441371440887451
-0.924805045127868652
-0.926768302917480469
-0.923488855361938477
-0.924243390560150146
-0.931134223937988281
0.619008183479309082
0.619029760360717773
0.619305431842803955
0.619345843791961670
0.619510293006896973
0.619405090808868408
0.619359016418457031
0.619427442550659180
0.619311928749084473
0.619489431381225586
0.619339048862457275
0.619113266468048096
0.617994129657745361
0.621153414249420166
0.622697651386260986
0.622724711894989014
0.623501718044281006
0.623443841934204102
0.623163461685180664
0.623051345348358154
0.623066544532775879
0.622941374778747559
0.623231887817382812
0.623160660266876221
0.622362315654754639
0.622126877307891846
0.620432496070861816
0.622762978076934814
0.622222006320953369
0.623166620731353760
0.623029828071594238
0.622346818447113037
0.622810840606689453
0.623073995113372803
0.622730135917663574
0.622657656669616699
0.622919559478759766
0.622278153896331787
0.622534394264221191
0.621020913124084473
0.622775495052337646
0.622433841228485107
0.623014688491821289
0.622813344001770020
0.621966004371643066
0.622592568397521973
0.622441887855529785
0.622790277004241943
0.622882902622222900
0.622824847698211670
0.622063636779785156
0.622443199157714844
0.621082484722137451
0.622883915901184082
0.623342871665954590
0.622900545597076416
0.622138082981109619
0.622524321079254150
0.622582256793975830
0.622781634330749512
0.622554421424865723
0.622583210468292236
0.622400939464569092
0.621941983699798584
0.623291432857513428
0.621215462684631348
0.622597754001617432
0.622829198837280273
0.622697532176971436
0.622577965259552002
0.622880160808563232
0.622940063476562500
0.622660219669342041
0.622529983520507812
0.623105943202972412
0.622795581817626953
0.622170150279998779
0.622537314891815186
0.620937764644622803
0.622070431709289551
0.621874034404754639
0.621470510959625244
0.621304869651794434
0.621323585510253906
0.621648848056793213
0.621599197387695312
0.621346175670623779
0.622203052043914795
0.622520923614501953
0.622107028961181641
0.620795369148254395
0.483651518821716309
0.483324259519577026
0.483327418565750122
0.483327776193618774
0.483327984809875488
0.483327984809875488
0.483327835798263550
0.483327746391296387
0.483327686786651611
0.483327686786651611
0.483327627182006836
0.483327448368072510
0.483325660228729248
0.483499377965927124
0.483027577400207520
0.483038872480392456
0.483039021492004395
0.483039140701293945
0.483038961887359619
0.483038961887359619
0.483039110898971558
0.483038961887359619
0.483039051294326782
0.483039081096649170
0.483038902282714844
0.483035534620285034
0.483500152826309204
0.483032286167144775
0.483038842678070068
0.483038663864135742
0.483038783073425293
0.483038693666458130
0.483038753271102905
0.483038723468780518
0.483038663864135742
0.483038783073425293
0.483038783073425293
0.483038663864135742
0.483034908771514893
0.483488321304321289
0.483019083738327026
0.483038991689682007
0.483039051294326782
0.483038783073425293
0.483038485050201416
0.483035475015640259
0.483037859201431274
0.483037978410720825
0.483038723468780518
0.483038514852523804
0.483038693666458130
0.483034610748291016
0.483473896980285645
0.483008742332458496
0.483038127422332764
0.483038425445556641
0.483038485050201416
0.483038306236267090
0.483038336038589478
0.483038008213043213
0.483037769794464111
0.483038306236267090
0.483038604259490967
0.483038604259490967
0.483034402132034302
0.483484387397766113
0.483013331890106201
0.483038634061813354
0.483038306236267090
0.483038306236267090
0.483038842678070068
0.483038455247879028
0.483038097620010376
0.483038038015365601
0.483038395643234253
0.483038544654846191
0.483038783073425293
0.483034580945968628
0.483445793390274048
0.482981532812118530
0.483036816120147705
0.483038336038589478
0.483034074306488037
0.483027637004852295
0.483028411865234375
0.483038276433944702
0.483038306236267090
0.483038485050201416
0.483038246631622314
0.483038365840911865
0.483034431934356689
1.211580157279968262
0.056966245174407959
0.239931985735893250
0.236295297741889954
0.172178864479064941
0.120147943496704102
0.089367926120758057
0.044225692749023438
0.155701786279678345
0.186028942465782166
0.212948963046073914
0.089088648557662964
0.259848296642303467
1.491115689277648926
-0.066404670476913452
0.035656034946441650
-0.029469788074493408
-0.039424419403076172
0.001269102096557617
0.008618891239166260
-0.011162370443344116
-0.012877672910690308
-0.012308835983276367
-0.009652405977249146
-0.029319971799850464
0.055242598056793213
1.371212720870971680
0.121741741895675659
0.110995113849639893
0.072273880243301392
0.069371163845062256
0.083427906036376953
0.069202363491058350
0.070152848958969116
0.041631877422332764
0.028091847896575928
0.046019017696380615
-0.016423374414443970
0.261439442634582520
1.499048829078674316
0.153249114751815796
0.056603789329528809
0.027463465929031372
0.072459369897842407
0.141524732112884521
0.315937101840972900
0.083936095237731934
0.093191325664520264
0.031895816326141357
0.050889730453491211
0.045656949281692505
0.192680850625038147
1.772247910499572754
0.211680725216865540
0.333093196153640747
0.059147268533706665
0.102521508932113647
0.036226958036422729
0.096776634454727173
0.167566478252410889
0.162349462509155273
0.090977698564529419
0.096995353698730469
0.035673439502716064
0.120348453521728516
1.709259867668151855
0.016865551471710205
0.077060967683792114
0.073579460382461548
0.057287544012069702
0.071549385786056519
0.016866683959960938
0.156849831342697144
0.267265379428863525
0.234845906496047974
0.064705073833465576
-0.012913495302200317
0.071783035993576050
1.670737266540527344
0.074062913656234741
0.013118684291839600
0.037169903516769409
-0.037814378738403320
0.205944627523422241
-0.030005723237991333
0.068635284900665283
-0.033835887908935547
0.144162267446517944
-0.065184444189071655
-0.073629230260848999
0.006004810333251953
0.010578230023384094
0.010629132390022278
0.010626807808876038
0.010627552866935730
0.010626792907714844
0.010627299547195435
0.010626271367073059
0.010626405477523804
0.010626643896102905
0.010627299547195435
0.010627552866935730
0.010627210140228271
0.010628059506416321
0.010532155632972717
0.010578319430351257
0.010577201843261719
0.010577186942100525
0.010576993227005005
0.010577201843261719
0.010577544569969177
0.010576814413070679
0.010576486587524414
0.010576516389846802
0.010577365756034851
0.010576024651527405
0.010577887296676636
0.010531529784202576
0.010578274726867676
0.010577350854873657
0.010577619075775146
0.010577678680419922
0.010576188564300537
0.010576173663139343
0.010576352477073669
0.010575294494628906
0.010577172040939331
0.010576367378234863
0.010577633976936340
0.010575965046882629
0.010531350970268250
0.010577887296676636
0.010575458407402039
0.010576277971267700
0.010576069355010986
0.010575562715530396
0.010576054453849792
0.010577559471130371
0.010575994849205017
0.010575234889984131
0.010577037930488586
0.010578021407127380
0.010576069355010986
0.010531723499298096
0.010578632354736328
0.010577559471130371
0.010576620697975159
0.010575965046882629
0.010576352477073669
0.010576307773590088
0.010576546192169189
0.010576963424682617
0.010576322674751282
0.010576933622360229
0.010577932000160217
0.010576888918876648
0.010532379150390625
0.010577678680419922
0.010576337575912476
0.010575681924819946
0.010576441884040833
0.010575637221336365
0.010576888918876648
0.010576307773590088
0.010575637221336365
0.010575771331787109
0.010574638843536377
0.010578081011772156
0.010576829314231873
0.010531902313232422
0.010578110814094543
0.010577321052551270
0.010575905442237854
0.010575473308563232
0.010572269558906555
0.010571807622909546
0.010577633976936340
0.010575786232948303
0.010576218366622925
0.010575085878372192
0.010577589273452759
0.010576665401458740
2.293756246566772461
2.293735504150390625
2.293735742568969727
2.293735742568969727
2.293735742568969727
2.293735742568969727
2.293735742568969727
2.293735742568969727
2.293735742568969727
2.293735742568969727
2.293735742568969727
2.293735742568969727
2.293735742568969727
2.293759346008300781
2.293735265731811523
2.293735504150390625
2.293735504150390625
2.293735504150390625
2.293735504150390625
2.293735504150390625
2.293735504150390625
2.293735504150390625
2.293735504150390625
2.293735504150390625
2.293735504150390625
2.293735504150390625
2.293759346008300781
2.293735265731811523
2.293735504150390625
2.293735504150390625
2.293735504150390625
2.293735504150390625
2.293735504150390625
2.293735504150390625
2.293735504150390625
2.293735504150390625
2.293735504150390625
2.293735504150390625
2.293735265731811523
2.293759107589721680
2.293735027313232422
2.293735504150390625
2.293735504150390625
2.293735504150390625
2.293735504150390625
2.293735504150390625
2.293735504150390625
2.293735504150390625
2.293735504150390625
2.293735504150390625
2.293735504150390625
2.293735265731811523
2.293758869171142578
2.293734788894653320
2.293735504150390625
2.293735504150390625
2.293735504150390625
2.293735504150390625
2.293735504150390625
2.293735504150390625
2.293735504150390625
2.293735504150390625
2.293735504150390625
2.293735504150390625
2.293735265731811523
2.293759107589721680
2.293734788894653320
2.293735504150390625
2.293735504150390625
2.293735504150390625
2.293735504150390625
2.293735504150390625
2.293735504150390625
2.293735504150390625
2.293735504150390625
2.293735504150390625
2.293735504150390625
2.293735265731811523
2.293758153915405273
2.293734073638916016
2.293735504150390625
2.293735504150390625
2.293735265731811523
2.293735265731811523
2.293735265731811523
2.293735504150390625
2.293735504150390625
2.293735504150390625
2.293735504150390625
2.293735504150390625
2.293735265731811523
0.898797094821929932
0.898690283298492432
0.898691892623901367
0.898695886135101318
0.898692011833190918
0.898695528507232666
0.898706376552581787
0.898700416088104248
0.898693442344665527
0.898688614368438721
0.898696362972259521
0.898679077625274658
0.898677587509155273
0.898830950260162354
0.898733735084533691
0.898707926273345947
0.898689687252044678
0.898689329624176025
0.898686170578002930
0.898686468601226807
0.898687601089477539
0.898685216903686523
0.898684084415435791
0.898692071437835693
0.898670792579650879
0.898652911186218262
0.898819625377655029
0.898746669292449951
0.898716032505035400
0.898699462413787842
0.898692727088928223
0.898684263229370117
0.898682117462158203
0.898682355880737305
0.898688137531280518
0.898686230182647705
0.898691415786743164
0.898665726184844971
0.898672997951507568
0.898829042911529541
0.898743391036987305
0.898700952529907227
0.898685216903686523
0.898689687252044678
0.898683428764343262
0.898702740669250488
0.898685634136199951
0.898689091205596924
0.898683905601501465
0.898697733879089355
0.898681759834289551
0.898674249649047852
0.898850142955780029
0.898750424385070801
0.898734509944915771
0.898690760135650635
0.898683667182922363
0.898685336112976074
0.898685991764068604
0.898691177368164062
0.898694157600402832
0.898691594600677490
0.898698985576629639
0.898676156997680664
0.898676514625549316
0.898848950862884521
0.898740947246551514
0.898710012435913086
0.898690760135650635
0.898690640926361084
0.898680984973907471
0.898677110671997070
0.898691236972808838
0.898690223693847656
0.898698747158050537
0.898704111576080322
0.898675084114074707
0.898657202720642090
0.898834705352783203
0.898748397827148438
0.898706018924713135
0.898679554462432861
0.898682475090026855
0.898697972297668457
0.898678183555603027
0.898683547973632812
0.898677289485931396
0.898705482482910156
0.898709237575531006
0.898683309555053711
0.898659884929656982
1.321912407875061035
1.321178197860717773
1.321101069450378418
1.321131348609924316
1.321131825447082520
1.321172475814819336
1.321231365203857422
1.321215033531188965
1.321142792701721191
1.321104884147644043
1.321140885353088379
1.321024775505065918
1.321164965629577637
1.322448015213012695
1.321849822998046875
1.321697711944580078
1.321627020835876465
1.321616649627685547
1.321590900421142578
1.321600317955017090
1.321605801582336426
1.321598887443542480
1.321591496467590332
1.321621656417846680
1.321425318717956543
1.321730256080627441
1.322451233863830566
1.321840882301330566
1.321722865104675293
1.321631908416748047
1.321598172187805176
1.321564435958862305
1.321566224098205566
1.321559429168701172
1.321601152420043945
1.321584343910217285
1.321601629257202148
1.321393847465515137
1.321800231933593750
1.322444558143615723
1.321844935417175293
1.321658730506896973
1.321577191352844238
1.321584939956665039
1.321546673774719238
1.321576833724975586
1.321579933166503906
1.321581244468688965
1.321579933166503906
1.321618318557739258
1.321435093879699707
1.321854829788208008
1.322456359863281250
1.321861505508422852
1.321706771850585938
1.321601152420043945
1.321568012237548828
1.321589112281799316
1.321568012237548828
1.321569085121154785
1.321596264839172363
1.321597099304199219
1.321619510650634766
1.321415185928344727
1.321845531463623047
1.322476267814636230
1.321876883506774902
1.321696758270263672
1.321613192558288574
1.321611404418945312
1.321565985679626465
1.321552276611328125
1.321573615074157715
1.321555018424987793
1.321591019630432129
1.321661591529846191
1.321426868438720703
1.321780085563659668
1.322424292564392090
1.321906447410583496
1.321710824966430664
1.321587443351745605
1.321613788604736328
1.321613311767578125
1.321617007255554199
1.321586966514587402
1.321600675582885742
1.321679592132568359
1.321747303009033203
1.321513175964355469
1.321671366691589355
0.443314492702484131
-0.056531786918640137
-0.056748449802398682
-0.241827547550201416
-0.317357957363128662
-0.189711749553680420
-0.055900335311889648
-0.060117423534393311
-0.069279313087463379
-0.189620316028594971
-0.190299212932586670
-0.134799599647521973
0.800080895423889160
0.761159181594848633
0.930204510688781738
0.889983594417572021
0.790977120399475098
0.780753493309020996
0.895669579505920410
0.905241966247558594
0.831222414970397949
0.763853311538696289
0.839193701744079590
0.786740005016326904
0.877545595169067383
1.874186992645263672
0.916623294353485107
0.788442790508270264
0.721678614616394043
0.811626553535461426
0.713995754718780518
0.614437282085418701
0.697865903377532959
0.849615216255187988
0.764852762222290039
0.696706354618072510
0.802994847297668457
0.785215497016906738
1.880082488059997559
0.763675332069396973
0.830088853836059570
0.738145232200622559
0.717748165130615234
0.734752178192138672
0.854478478431701660
0.783914685249328613
0.814814329147338867
0.906252861022949219
0.776531338691711426
0.793548583984375000
0.891181230545043945
1.768209338188171387
0.606969714164733887
0.771449565887451172
0.758418262004852295
0.885061621665954590
0.865874648094177246
0.713160634040832520
0.629367709159851074
0.660839498043060303
0.600729107856750488
0.887965917587280273
0.843663096427917480
0.814207673072814941
1.988499999046325684
0.436906933784484863
0.706397056579589844
0.673377215862274170
0.893585085868835449
0.832909703254699707
0.837605476379394531
0.774859786033630371
0.642442703247070312
0.796567440032958984
0.715632379055023193
0.774907708168029785
0.617566704750061035
1.734569311141967773
0.404264152050018311
0.887585103511810303
0.886003494262695312
0.925406992435455322
0.726719141006469727
0.769736409187316895
0.845022439956665039
0.629304707050323486
0.508028507232666016
0.384177148342132568
0.731651425361633301
0.805690526962280273
1.416369676589965820
0.826865434646606445
0.826659858226776123
0.826558828353881836
0.826617121696472168
0.826597988605499268
0.826655805110931396
0.826656520366668701
0.826628983020782471
0.826577544212341309
0.826554298400878906
0.826609432697296143
0.826142430305480957
0.827356278896331787
0.827074348926544189
0.826542556285858154
0.826505661010742188
0.826479852199554443
0.826388955116271973
0.826390027999877930
0.826428890228271484
0.826406955718994141
0.826379477977752686
0.826413750648498535
0.826382637023925781
0.825755059719085693
0.828235805034637451
0.827090263366699219
0.826523065567016602
0.826515018939971924
0.826437532901763916
0.826348483562469482
0.826321959495544434
0.826394259929656982
0.826400876045227051
0.826366901397705078
0.826365292072296143
0.826368212699890137
0.825726032257080078
0.828481078147888184
0.827058196067810059
0.826600551605224609
0.826432049274444580
0.826388478279113770
0.826361358165740967
0.826327502727508545
0.826388895511627197
0.826397895812988281
0.826368510723114014
0.826400399208068848
0.826350510120391846
0.825691878795623779
0.828609347343444824
0.827062249183654785
0.826607942581176758
0.826462090015411377
0.826392233371734619
0.826384246349334717
0.826366186141967773
0.826362371444702148
0.826377391815185547
0.826405107975006104
0.826393961906433105
0.826379537582397461
0.825698971748352051
0.828488767147064209
0.827115297317504883
0.826574504375457764
0.826486706733703613
0.826462447643280029
0.826392412185668945
0.826428055763244629
0.826364040374755859
0.826345801353454590
0.826460003852844238
0.826482295989990234
0.826402962207794189
0.825719296932220459
0.828435420989990234
0.827025234699249268
0.826598107814788818
0.826490342617034912
0.826488494873046875
0.826353192329406738
0.826385021209716797
0.826487183570861816
0.826428174972534180
0.826412022113800049
0.826568782329559326
0.826514363288879395
0.825843513011932373
0.827514290809631348
1.116502761840820312
0.824832677841186523
0.907379567623138428
0.969827294349670410
0.978060066699981689
0.911485195159912109
0.854140043258666992
0.841211080551147461
0.880457758903503418
0.939174234867095947
0.942657828330993652
0.861627995967864990
0.431551754474639893
1.236848592758178711
0.635253787040710449
0.688187241554260254
0.730437755584716797
0.727557003498077393
0.692218303680419922
0.686820507049560547
0.704973220825195312
0.720475137233734131
0.709264576435089111
0.723366141319274902
0.602708816528320312
0.135859847068786621
1.118414402008056641
0.769728004932403564
0.762273669242858887
0.759456872940063477
0.784191787242889404
0.792141795158386230
0.780539810657501221
0.741747260093688965
0.743383884429931641
0.758020222187042236
0.740511655807495117
0.629601955413818359
0.244256496429443359
1.243207931518554688
0.767069280147552490
0.745491087436676025
0.766436934471130371
0.768841385841369629
0.717978596687316895
0.836441516876220703
0.730393111705780029
0.719275832176208496
0.743041992187500000
0.741658449172973633
0.602399826049804688
0.255896747112274170
1.401653885841369629
0.813566446304321289
0.884951531887054443
0.717693567276000977
0.706646740436553955
0.749367713928222656
0.802882611751556396
0.828322112560272217
0.836504817008972168
0.715312004089355469
0.723628103733062744
0.623611807823181152
0.192628741264343262
1.441244125366210938
0.748441934585571289
0.791934430599212646
0.711446344852447510
0.719649791717529297
0.737309932708740234
0.739981293678283691
0.824677109718322754
0.810504257678985596
0.850442886352539062
0.750541627407073975
0.687425315380096436
0.220795094966888428
1.388321876525878906
0.642218232154846191
0.613250732421875000
0.585602402687072754
0.616500139236450195
0.696192979812622070
0.601851999759674072
0.705373227596282959
0.695047080516815186
0.843603312969207764
0.662644982337951660
0.591763496398925781
0.190312325954437256
-0.021437773481011391
-0.021991094574332237
-0.021977918222546577
-0.021991657093167305
-0.022003090009093285
-0.021996485069394112
-0.021991068497300148
-0.021995363757014275
-0.021987957879900932
-0.021993899717926979
-0.021991001442074776
-0.021996369585394859
-0.021921707317233086
-0.021189758554100990
-0.021755026653409004
-0.021752348169684410
-0.021768478676676750
-0.021771958097815514
-0.021758189424872398
-0.021757462993264198
-0.021762667223811150
-0.021770270541310310
-0.021763963624835014
-0.021768232807517052
-0.021763669326901436
-0.021691558882594109
-0.021182658150792122
-0.021750686690211296
-0.021756453439593315
-0.021755019202828407
-0.021766128018498421
-0.021768713369965553
-0.021766534075140953
-0.021755186840891838
-0.021766604855656624
-0.021763117983937263
-0.021759146824479103
-0.021768091246485710
-0.021682286635041237
-0.021187452599406242
-0.021749990060925484
-0.021760633215308189
-0.021762469783425331
-0.021760301664471626
-0.021745720878243446
-0.021740863099694252
-0.021754575893282890
-0.021749718114733696
-0.021760759875178337
-0.021754728630185127
-0.021754736080765724
-0.021694218739867210
-0.021178932860493660
-0.021749826148152351
-0.021745136007666588
-0.021754002198576927
-0.021748946979641914
-0.021766277030110359
-0.021765770390629768
-0.021760663017630577
-0.021766422316431999
-0.021748231723904610
-0.021745661273598671
-0.021757343783974648
-0.021684972569346428
-0.021196758374571800
-0.021765025332570076
-0.021766690537333488
-0.021751591935753822
-0.021759407594799995
-0.021758114919066429
-0.021765010431408882
-0.021765103563666344
-0.021745165809988976
-0.021751860156655312
-0.021761288866400719
-0.021773317828774452
-0.021701464429497719
-0.021198814734816551
-0.021746998652815819
-0.021758319810032845
-0.021747717633843422
-0.021771194413304329
-0.021751983091235161
-0.021763047203421593
-0.021767789497971535
-0.021785682067275047
-0.021784888580441475
-0.021779032424092293
-0.021772174164652824
-0.021726476028561592
-0.134419396519660950
-0.134225845336914062
-0.134235963225364685
-0.134233564138412476
-0.134226247668266296
-0.134231656789779663
-0.134216964244842529
-0.134213224053382874
-0.134213879704475403
-0.134221225976943970
-0.134224802255630493
-0.134218841791152954
-0.134245023131370544
-0.134309545159339905
-0.133978381752967834
-0.133977025747299194
-0.133964017033576965
-0.133949369192123413
-0.133962318301200867
-0.133957058191299438
-0.133966282010078430
-0.133946180343627930
-0.133958250284194946
-0.133951738476753235
-0.133956909179687500
-0.134009614586830139
-0.134319394826889038
-0.133983686566352844
-0.133976742625236511
-0.133982539176940918
-0.133954226970672607
-0.133963197469711304
-0.133954823017120361
-0.133964166045188904
-0.133934229612350464
-0.133993148803710938
-0.133967161178588867
-0.133965641260147095
-0.133973687887191772
-0.134305581450462341
-0.133948221802711487
-0.133972033858299255
-0.133995696902275085
-0.133977010846138000
-0.133968368172645569
-0.133963212370872498
-0.133964344859123230
-0.133956536650657654
-0.133974879980087280
-0.133995637297630310
-0.133973464369773865
-0.133973777294158936
-0.134301304817199707
-0.133945673704147339
-0.133954167366027832
-0.133956477046012878
-0.133963525295257568
-0.133958443999290466
-0.133974000811576843
-0.133964315056800842
-0.133951634168624878
-0.133971422910690308
-0.134002313017845154
-0.133991956710815430
-0.133982777595520020
-0.134300217032432556
-0.133961945772171021
-0.133960455656051636
-0.133957251906394958
-0.133939772844314575
-0.133946448564529419
-0.133956193923950195
-0.133946329355239868
-0.133952587842941284
-0.133972436189651489
-0.133954569697380066
-0.134001672267913818
-0.134001925587654114
-0.134310752153396606
-0.133963212370872498
-0.133947387337684631
-0.133984327316284180
-0.133950129151344299
-0.133940666913986206
-0.133946135640144348
-0.133976012468338013
-0.133956670761108398
-0.133953467011451721
-0.133932247757911682
-0.133952021598815918
-0.133995056152343750
