-0.551875174045562744
-0.551974117755889893
-0.551971793174743652
-0.551971554756164551
-0.551971733570098877
-0.551973104476928711
-0.551972150802612305
-0.551973164081573486
-0.551972448825836182
-0.551972091197967529
-0.551973462104797363
-0.551966667175292969
-0.551972627639770508
-0.551769673824310303
-0.551855146884918213
-0.551850020885467529
-0.551849842071533203
-0.551848232746124268
-0.551849365234375000
-0.551849424839019775
-0.551849067211151123
-0.551849424839019775
-0.551848948001861572
-0.551849842071533203
-0.551839768886566162
-0.551856994628906250
-0.551768004894256592
-0.551851630210876465
-0.551851034164428711
-0.551850259304046631
-0.551848053932189941
-0.551847815513610840
-0.551848113536834717
-0.551848471164703369
-0.551848888397216797
-0.551848411560058594
-0.551849722862243652
-0.551839172840118408
-0.551860988140106201
-0.551771342754364014
-0.551855087280273438
-0.551848709583282471
-0.551849544048309326
-0.551848113536834717
-0.551847457885742188
-0.551849901676177979
-0.551848948001861572
-0.551848113536834717
-0.551848351955413818
-0.551850497722625732
-0.551839411258697510
-0.551857829093933105
-0.551771342754364014
-0.551856935024261475
-0.551849722862243652
-0.551848948001861572
-0.551848232746124268
-0.551848113536834717
-0.551849246025085449
-0.551849126815795898
-0.551848649978637695
-0.551848173141479492
-0.551849842071533203
-0.551839232444763184
-0.551860749721527100
-0.551774203777313232
-0.551858365535736084
-0.551850080490112305
-0.551849663257598877
-0.551849067211151123
-0.551849603652954102
-0.551847815513610840
-0.551850259304046631
-0.551849365234375000
-0.551849305629730225
-0.551849901676177979
-0.551838576793670654
-0.551857531070709229
-0.551774799823760986
-0.551861941814422607
-0.551850378513336182
-0.551849544048309326
-0.551851391792297363
-0.551850676536560059
-0.551847875118255615
-0.551851034164428711
-0.551848828792572021
-0.551851332187652588
-0.551852047443389893
-0.551843762397766113
-0.551854550838470459
-0.010485842823982239
-0.013015195727348328
-0.012967564165592194
-0.013040103018283844
-0.013022914528846741
-0.013063050806522369
-0.013120166957378387
-0.013103671371936798
-0.012958377599716187
-0.012958899140357971
-0.012940958142280579
-0.012964747846126556
-0.012893699109554291
-0.011999845504760742
-0.015995174646377563
-0.015649653971195221
-0.015731841325759888
-0.015812575817108154
-0.016010023653507233
-0.016011752188205719
-0.015961498022079468
-0.015800803899765015
-0.015509903430938721
-0.015668369829654694
-0.015596590936183929
-0.015759833157062531
-0.011959664523601532
-0.016023315489292145
-0.015694238245487213
-0.015513978898525238
-0.015559919178485870
-0.015891678631305695
-0.015936739742755890
-0.015936627984046936
-0.015837691724300385
-0.015714354813098907
-0.015717312693595886
-0.015440925955772400
-0.015936516225337982
-0.012110412120819092
-0.016111500561237335
-0.015821754932403564
-0.015552587807178497
-0.015726834535598755
-0.015774540603160858
-0.015926726162433624
-0.015718221664428711
-0.015702567994594574
-0.015646263957023621
-0.015662893652915955
-0.015507414937019348
-0.015928171575069427
-0.012109175324440002
-0.016203895211219788
-0.016099147498607635
-0.015775658190250397
-0.015673153102397919
-0.015581205487251282
-0.015668220818042755
-0.015617646276950836
-0.015831537544727325
-0.015731699764728546
-0.015627406537532806
-0.015479721128940582
-0.016056813299655914
-0.012214958667755127
-0.016275033354759216
-0.015956588089466095
-0.015737615525722504
-0.015793636441230774
-0.015855327248573303
-0.015559993684291840
-0.015524640679359436
-0.015749685466289520
-0.015870898962020874
-0.015637047588825226
-0.015355624258518219
-0.016020320355892181
-0.012262068688869476
-0.016394130885601044
-0.015937671065330505
-0.015669405460357666
-0.015761479735374451
-0.015857324004173279
-0.015595510601997375
-0.015634365379810333
-0.015715539455413818
-0.015930809080600739
-0.015913896262645721
-0.015742704272270203
-0.015932068228721619
0.665125012397766113
-0.326038300991058350
-0.331807553768157959
-0.367761015892028809
-0.357325136661529541
-0.355017006397247314
-0.370610058307647705
-0.344592213630676270
-0.212847933173179626
-0.294689774513244629
-0.394134521484375000
-0.425627827644348145
-0.097170397639274597
1.288782358169555664
0.003531321883201599
-0.117789402604103088
-0.110129371285438538
-0.119518980383872986
-0.055464535951614380
-0.006283938884735107
0.087021961808204651
-0.067135885357856750
-0.055017665028572083
-0.044241577386856079
-0.115064665675163269
0.157803639769554138
0.978214144706726074
0.027766019105911255
-0.033118411898612976
0.043342381715774536
-0.075554743409156799
-0.162564352154731750
-0.158059284090995789
-0.015008479356765747
0.011073827743530273
-0.019203007221221924
-0.010397478938102722
0.030813679099082947
0.312766849994659424
0.992094755172729492
0.137515753507614136
-0.023029789328575134
0.053639248013496399
-0.089443221688270569
0.261872023344039917
0.191017299890518188
0.031136810779571533
-0.043594777584075928
-0.000881135463714600
-0.066385850310325623
-0.049337759613990784
0.217711091041564941
1.135904312133789062
0.043258622288703918
0.039138019084930420
-0.029487088322639465
-0.033316746354103088
-0.075159028172492981
-0.061958909034729004
-0.056633427739143372
-0.023892804980278015
-0.034032136201858521
-0.047185465693473816
0.019186705350875854
0.151479482650756836
1.347553968429565430
0.014493465423583984
-0.035610541701316833
-0.006197437644004822
0.040774405002593994
-0.035353228449821472
-0.129590347409248352
-0.156799152493476868
0.089043356478214264
0.093517854809761047
0.007555305957794189
-0.038588598370552063
0.061626903712749481
1.241429924964904785
-0.042767584323883057
-0.144334390759468079
-0.112108901143074036
0.089327968657016754
-0.167760029435157776
-0.127629950642585754
-0.186454221606254578
-0.075892403721809387
-0.178859487175941467
-0.093731686472892761
-0.062250494956970215
-0.032317712903022766
0.224529117345809937
0.225738927721977234
0.225735887885093689
0.225734874606132507
0.225735172629356384
0.225735515356063843
0.225736111402511597
0.225735694169998169
0.225734740495681763
0.225734144449234009
0.225735083222389221
0.225735783576965332
0.225739464163780212
0.225160494446754456
0.226858794689178467
0.226780116558074951
0.226780056953430176
0.226779803633689880
0.226780623197555542
0.226782634854316711
0.226782873272895813
0.226780951023101807
0.226779684424400330
0.226780623197555542
0.226780831813812256
0.226788520812988281
0.225093454122543335
0.226818144321441650
0.226781532168388367
0.226782768964767456
0.226781845092773438
0.226781651377677917
0.226782292127609253
0.226783379912376404
0.226782709360122681
0.226782232522964478
0.226782381534576416
0.226782768964767456
0.226789921522140503
0.225199371576309204
0.226894050836563110
0.226780414581298828
0.226780980825424194
0.226783961057662964
0.226783856749534607
0.226789101958274841
0.226783290505409241
0.226782768964767456
0.226781532168388367
0.226781144738197327
0.226782053709030151
0.226805463433265686
0.225207448005676270
0.226946204900741577
0.226783782243728638
0.226781681180000305
0.226782068610191345
0.226782560348510742
0.226782739162445068
0.226782873272895813
0.226783961057662964
0.226783066987991333
0.226782262325286865
0.226782768964767456
0.226855650544166565
0.225259259343147278
0.226974606513977051
0.226782292127609253
0.226783215999603271
0.226783812046051025
0.226781934499740601
0.226781129837036133
0.226781249046325684
0.226782336831092834
0.226782739162445068
0.226782068610191345
0.226781889796257019
0.226841136813163757
0.225291758775711060
0.227053314447402954
0.226783692836761475
0.226784408092498779
0.226806521415710449
0.226801276206970215
0.226782217621803284
0.226781651377677917
0.226784273982048035
0.226784527301788330
0.226791888475418091
0.226809978485107422
0.226825580000877380
0.409958034753799438
0.409974485635757446
0.409972518682479858
0.409971356391906738
0.409970760345458984
0.409972637891769409
0.409973382949829102
0.409973829984664917
0.409972548484802246
0.409972131252288818
0.409973591566085815
0.409969061613082886
0.409971058368682861
0.409917354583740234
0.409920871257781982
0.409919917583465576
0.409918844699859619
0.409917443990707397
0.409918069839477539
0.409918069839477539
0.409918248653411865
0.409918487071990967
0.409918040037155151
0.409919053316116333
0.409911692142486572
0.409920334815979004
0.409919828176498413
0.409920871257781982
0.409920305013656616
0.409919232130050659
0.409918069839477539
0.409917354583740234
0.409917116165161133
0.409917324781417847
0.409917891025543213
0.409917593002319336
0.409918546676635742
0.409910619258880615
0.409922897815704346
0.409916639328002930
0.409919470548629761
0.409918338060379028
0.409917145967483521
0.409917145967483521
0.409916877746582031
0.409918248653411865
0.409917950630187988
0.409917503595352173
0.409917414188385010
0.409918993711471558
0.409911215305328369
0.409920632839202881
0.409915953874588013
0.409917682409286499
0.409919619560241699
0.409918040037155151
0.409917235374450684
0.409917086362838745
0.409918099641799927
0.409918099641799927
0.409917891025543213
0.409917354583740234
0.409918487071990967
0.409911096096038818
0.409920156002044678
0.409915506839752197
0.409917533397674561
0.409919947385787964
0.409918338060379028
0.409918159246444702
0.409918278455734253
0.409916877746582031
0.409919053316116333
0.409918814897537231
0.409918516874313354
0.409918844699859619
0.409910649061203003
0.409918844699859619
0.409913778305053711
0.409916400909423828
0.409920603036880493
0.409918040037155151
0.409918516874313354
0.409919649362564087
0.409917920827865601
0.409918218851089478
0.409916996955871582
0.409920632839202881
0.409920752048492432
0.409913748502731323
0.409918874502182007
1.950822234153747559
-1.225193500518798828
-0.604268670082092285
-0.425314247608184814
-0.228100538253784180
-0.105460941791534424
-0.670775651931762695
-0.942165970802307129
0.287429928779602051
0.522930681705474854
-0.504931449890136719
-0.849248170852661133
-1.343811988830566406
4.015644550323486328
-0.715344429016113281
-0.672455906867980957
-0.632352828979492188
-0.685020446777343750
-0.552654266357421875
-0.687992691993713379
-0.437344491481781006
-0.699998140335083008
-0.484889388084411621
-0.645479440689086914
-0.888219594955444336
-1.625876784324645996
2.354870319366455078
-0.563218235969543457
-0.588013172149658203
-0.545415401458740234
-0.524309277534484863
-0.608870029449462891
-0.639814496040344238
-0.245159804821014404
-0.672090768814086914
-0.542215108871459961
-0.542111039161682129
-0.082393407821655273
-0.845560789108276367
2.113159656524658203
-0.562256693840026855
-0.684940338134765625
-0.580922245979309082
-0.567206501960754395
0.713158071041107178
0.215790092945098877
-0.640049219131469727
-0.663159608840942383
-0.539112091064453125
-0.522804498672485352
-0.680794239044189453
-1.693374752998352051
3.502391338348388672
-0.375340640544891357
-0.627882838249206543
-0.640291571617126465
-0.675676226615905762
-0.509523749351501465
-0.544820427894592285
-0.675937891006469727
-0.497363805770874023
-0.524199962615966797
-0.526347041130065918
-0.399160206317901611
-1.560581088066101074
4.947076320648193359
-0.344375967979431152
-0.667082667350769043
-0.511794567108154297
-0.607095241546630859
-0.560220360755920410
-0.665762662887573242
-0.742753863334655762
0.250614047050476074
0.228137016296386719
-0.565330505371093750
-0.514126181602478027
-1.379122853279113770
4.494282245635986328
-0.336072623729705811
-0.997498750686645508
-0.581060171127319336
-0.276025772094726562
-1.095752239227294922
-1.087344884872436523
-1.142696022987365723
0.273491352796554565
-0.764274716377258301
-0.775364160537719727
-0.577459335327148438
-1.518010497093200684
0.394737839698791504
-0.332854211330413818
-0.163365632295608521
-0.122636839747428894
-0.008406117558479309
0.057893604040145874
-0.192633688449859619
-0.246160551905632019
0.050257623195648193
0.086222112178802490
-0.181929484009742737
-0.189266234636306763
-0.740482628345489502
0.504395961761474609
-0.908555507659912109
-0.884961187839508057
-0.931920528411865234
-1.020071268081665039
-0.991335988044738770
-1.111634492874145508
-0.958214282989501953
-0.865291595458984375
-0.859476923942565918
-0.993122756481170654
-1.027673006057739258
-1.457510232925415039
0.284969270229339600
-0.737381339073181152
-0.773086786270141602
-0.730740785598754883
-0.653047084808349609
-0.669199883937835693
-0.812000811100006104
-0.603077948093414307
-0.809913039207458496
-0.794955193996429443
-0.680403769016265869
-0.694782257080078125
-1.302550673484802246
0.162156492471694946
-0.711139023303985596
-0.718989729881286621
-0.711165368556976318
-0.738128066062927246
-0.415003001689910889
-0.569701671600341797
-0.775096476078033447
-0.734686255455017090
-0.661057472229003906
-0.746094048023223877
-0.835950493812561035
-1.857861995697021484
0.517407357692718506
-0.626983046531677246
-0.863429248332977295
-0.721057891845703125
-0.765363812446594238
-0.581312298774719238
-0.629387795925140381
-0.734488487243652344
-0.748131334781646729
-0.690242826938629150
-0.773306310176849365
-0.863027811050415039
-1.731551408767700195
0.917319655418395996
-0.688703775405883789
-0.740755975246429443
-0.705985903739929199
-0.878809690475463867
-0.828194320201873779
-0.775339782238006592
-0.645209133625030518
-0.494828343391418457
-0.566240072250366211
-0.716385662555694580
-0.709128618240356445
-1.532459735870361328
0.767440199851989746
-0.845807433128356934
-0.933020830154418945
-0.751925230026245117
-0.623210668563842773
-0.940442919731140137
-0.846062123775482178
-0.844484269618988037
-0.510601401329040527
-0.804270505905151367
-0.953361034393310547
-0.897728443145751953
-1.458410859107971191
2.373570203781127930
2.878617763519287109
2.951267719268798828
2.998328208923339844
3.025583267211914062
3.045011997222900391
2.973056554794311523
2.926687955856323242
2.942934036254882812
3.029518604278564453
3.002310276031494141
3.012343645095825195
2.581951379776000977
1.978829145431518555
2.494961738586425781
2.602695941925048828
2.586927175521850586
2.571261167526245117
2.531026840209960938
2.455739974975585938
2.426323652267456055
2.564439535140991211
2.565306901931762695
2.517226696014404297
2.555228471755981445
2.190631151199340820
2.111197233200073242
2.523843526840209961
2.564350128173828125
2.513413906097412109
2.630965709686279297
2.695189237594604492
2.655894041061401367
2.605175018310546875
2.515630960464477539
2.549793958663940430
2.569854021072387695
2.549368619918823242
2.131971836090087891
2.059837341308593750
2.439645290374755859
2.564894199371337891
2.508204936981201172
2.620118379592895508
2.463671207427978516
2.463418245315551758
2.508774518966674805
2.579037904739379883
2.566926956176757812
2.601190805435180664
2.556431293487548828
2.036645889282226562
2.086725950241088867
2.545680284500122070
2.481467485427856445
2.571659564971923828
2.562676668167114258
2.648578405380249023
2.624598979949951172
2.589344739913940430
2.566793680191040039
2.587848663330078125
2.578690052032470703
2.505529403686523438
2.130377531051635742
2.070863723754882812
2.555947303771972656
2.570726394653320312
2.561678171157836914
2.477393150329589844
2.554264545440673828
2.640061616897583008
2.690452814102172852
2.566819906234741211
2.545019388198852539
2.545452594757080078
2.585061788558959961
2.263116121292114258
2.099736213684082031
2.561833143234252930
2.595897197723388672
2.631056070327758789
2.508872509002685547
2.609596252441406250
2.599609851837158203
2.646000623703002930
2.696170091629028320
2.665624856948852539
2.559203386306762695
2.555429697036743164
2.349308967590332031
0.007549926638603210
0.006918266415596008
0.006918296217918396
0.006918266415596008
0.006918236613273621
0.006918206810951233
0.006918206810951233
0.006918266415596008
0.006918236613273621
0.006918236613273621
0.006918236613273621
0.006918296217918396
0.006918147206306458
0.008797094225883484
0.008408918976783752
0.008409038186073303
0.008408978581428528
0.008409038186073303
0.008408978581428528
0.008408948779106140
0.008408978581428528
0.008409008383750916
0.008408978581428528
0.008408889174461365
0.008408948779106140
0.008409306406974792
0.008796975016593933
0.008408844470977783
0.008408993482589722
0.008408948779106140
0.008409112691879272
0.008409172296524048
0.008409112691879272
0.008409053087234497
0.008408963680267334
0.008408963680267334
0.008408874273300171
0.008409142494201660
0.008409336209297180
0.008796945214271545
0.008408874273300171
0.008409231901168823
0.008408963680267334
0.008408963680267334
0.008409023284912109
0.008409053087234497
0.008409082889556885
0.008409112691879272
0.008409053087234497
0.008408904075622559
0.008409142494201660
0.008409276604652405
0.008797034621238708
0.008408844470977783
0.008408933877944946
0.008408933877944946
0.008409023284912109
0.008409172296524048
0.008409082889556885
0.008408963680267334
0.008409023284912109
0.008409053087234497
0.008408904075622559
0.008409112691879272
0.008409306406974792
0.008797034621238708
0.008408904075622559
0.008409112691879272
0.008408978581428528
0.008409023284912109
0.008409023284912109
0.008408993482589722
0.008408993482589722
0.008408948779106140
0.008409023284912109
0.008409023284912109
0.008409142494201660
0.008409395813941956
0.008797094225883484
0.008408740162849426
0.008409008383750916
0.008408978581428528
0.008408918976783752
0.008408918976783752
0.008409097790718079
0.008409038186073303
0.008408799767494202
0.008408918976783752
0.008408829569816589
0.008408918976783752
0.008409246802330017
-0.578062117099761963
-0.578072428703308105
-0.578072488307952881
-0.578073203563690186
-0.578073024749755859
-0.578073143959045410
-0.578073859214782715
-0.578073501586914062
-0.578072249889373779
-0.578072369098663330
-0.578071892261505127
-0.578073382377624512
-0.578071594238281250
-0.578068256378173828
-0.578087270259857178
-0.578085422515869141
-0.578086197376251221
-0.578087270259857178
-0.578088939189910889
-0.578088939189910889
-0.578088521957397461
-0.578086912631988525
-0.578084290027618408
-0.578085601329803467
-0.578086853027343750
-0.578085064888000488
-0.578068554401397705
-0.578088402748107910
-0.578085660934448242
-0.578084111213684082
-0.578084945678710938
-0.578088104724884033
-0.578088462352752686
-0.578088402748107910
-0.578087389469146729
-0.578086316585540771
-0.578086078166961670
-0.578085482120513916
-0.578086018562316895
-0.578068733215332031
-0.578088164329528809
-0.578087270259857178
-0.578084588050842285
-0.578086495399475098
-0.578087031841278076
-0.578087985515594482
-0.578086256980895996
-0.578086256980895996
-0.578085660934448242
-0.578085422515869141
-0.578086018562316895
-0.578086435794830322
-0.578068673610687256
-0.578088402748107910
-0.578089654445648193
-0.578086793422698975
-0.578085958957672119
-0.578085124492645264
-0.578085720539093018
-0.578085243701934814
-0.578087329864501953
-0.578086495399475098
-0.578085243701934814
-0.578085839748382568
-0.578086793422698975
-0.578068852424621582
-0.578088641166687012
-0.578088283538818359
-0.578086316585540771
-0.578086912631988525
-0.578087389469146729
-0.578085005283355713
-0.578084170818328857
-0.578086495399475098
-0.578087627887725830
-0.578085303306579590
-0.578084766864776611
-0.578087151050567627
-0.578069031238555908
-0.578088641166687012
-0.578088045120239258
-0.578085660934448242
-0.578086078166961670
-0.578087151050567627
-0.578085303306579590
-0.578085064888000488
-0.578086256980895996
-0.578087806701660156
-0.578087449073791504
-0.578087270259857178
-0.578086972236633301
0.382226973772048950
0.382234513759613037
0.382234513759613037
0.382234513759613037
0.382234513759613037
0.382234513759613037
0.382234513759613037
0.382234513759613037
0.382234513759613037
0.382234513759613037
0.382234543561935425
0.382234513759613037
0.382234543561935425
0.382228970527648926
0.382240235805511475
0.382240265607833862
0.382240235805511475
0.382240235805511475
0.382240235805511475
0.382240235805511475
0.382240235805511475
0.382240235805511475
0.382240265607833862
0.382240265607833862
0.382240235805511475
0.382240265607833862
0.382228970527648926
0.382240235805511475
0.382240235805511475
0.382240265607833862
0.382240265607833862
0.382240235805511475
0.382240235805511475
0.382240235805511475
0.382240235805511475
0.382240235805511475
0.382240235805511475
0.382240235805511475
0.382240235805511475
0.382228970527648926
0.382240235805511475
0.382240235805511475
0.382240265607833862
0.382240235805511475
0.382240235805511475
0.382240235805511475
0.382240235805511475
0.382240235805511475
0.382240235805511475
0.382240235805511475
0.382240235805511475
0.382240235805511475
0.382228970527648926
0.382240235805511475
0.382240206003189087
0.382240235805511475
0.382240235805511475
0.382240265607833862
0.382240235805511475
0.382240265607833862
0.382240235805511475
0.382240235805511475
0.382240265607833862
0.382240235805511475
0.382240235805511475
0.382228970527648926
0.382240235805511475
0.382240235805511475
0.382240235805511475
0.382240235805511475
0.382240235805511475
0.382240265607833862
0.382240265607833862
0.382240235805511475
0.382240235805511475
0.382240265607833862
0.382240265607833862
0.382240235805511475
0.382228970527648926
0.382240235805511475
0.382240235805511475
0.382240265607833862
0.382240235805511475
0.382240235805511475
0.382240265607833862
0.382240265607833862
0.382240235805511475
0.382240235805511475
0.382240235805511475
0.382240235805511475
0.382240235805511475
0.138799339532852173
0.138848066329956055
0.138788521289825439
0.138655766844749451
0.138569518923759460
0.138689190149307251
0.138863652944564819
0.138827621936798096
0.138728648424148560
0.138704940676689148
0.138771131634712219
0.138797938823699951
0.138554304838180542
0.138830572366714478
0.139015108346939087
0.138847619295120239
0.138728961348533630
0.138691455125808716
0.138671755790710449
0.138687953352928162
0.138735741376876831
0.138721168041229248
0.138701945543289185
0.138756439089775085
0.138718575239181519
0.138336867094039917
0.138854771852493286
0.139057695865631104
0.138814926147460938
0.138758152723312378
0.138794586062431335
0.138722896575927734
0.138674318790435791
0.138681560754776001
0.138709962368011475
0.138707548379898071
0.138716191053390503
0.138654381036758423
0.138320609927177429
0.138845428824424744
0.139071479439735413
0.138764575123786926
0.138550251722335815
0.138687402009963989
0.138708740472793579
0.138704895973205566
0.138717830181121826
0.138725966215133667
0.138686835765838623
0.138693779706954956
0.138695925474166870
0.138408109545707703
0.138816908001899719
0.139022827148437500
0.138852357864379883
0.138717710971832275
0.138678282499313354
0.138674631714820862
0.138701647520065308
0.138713747262954712
0.138736739754676819
0.138704895973205566
0.138699561357498169
0.138701304793357849
0.138424336910247803
0.138847202062606812
0.139063239097595215
0.138852462172508240
0.138702780008316040
0.138729631900787354
0.138690575957298279
0.138669908046722412
0.138725459575653076
0.138780444860458374
0.138746619224548340
0.138735026121139526
0.138699263334274292
0.138443604111671448
0.138781860470771790
0.139113992452621460
0.138911426067352295
0.138677030801773071
0.138712897896766663
0.138883769512176514
0.138787865638732910
0.138551443815231323
0.138612091541290283
0.138839393854141235
0.138840466737747192
0.138809472322463989
0.138603374361991882
0.087902873754501343
0.087905094027519226
0.087904572486877441
0.087904527783393860
0.087904572486877441
0.087904885411262512
0.087904646992683411
0.087904885411262512
0.087904721498489380
0.087904646992683411
0.087904959917068481
0.087903380393981934
0.087904736399650574
0.087875559926033020
0.087865576148033142
0.087864965200424194
0.087864935398101807
0.087864547967910767
0.087864816188812256
0.087864816188812256
0.087864726781845093
0.087864831089973450
0.087864726781845093
0.087864920496940613
0.087862566113471985
0.087866559624671936
0.087875664234161377
0.087865069508552551
0.087865188717842102
0.087865009903907776
0.087864503264427185
0.087864443659782410
0.087864503264427185
0.087864577770233154
0.087864682078361511
0.087864577770233154
0.087864875793457031
0.087862417101860046
0.087867453694343567
0.087875649333000183
0.087865307927131653
0.087864652276039124
0.087864845991134644
0.087864503264427185
0.087864354252815247
0.087864890694618225
0.087864696979522705
0.087864518165588379
0.087864577770233154
0.087865069508552551
0.087862476706504822
0.087866619229316711
0.087875589728355408
0.087865352630615234
0.087864875793457031
0.087864696979522705
0.087864547967910767
0.087864503264427185
0.087864771485328674
0.087864741683006287
0.087864622473716736
0.087864518165588379
0.087864920496940613
0.087862446904182434
0.087866917252540588
0.087875872850418091
0.087865456938743591
0.087864965200424194
0.087864860892295837
0.087864726781845093
0.087864860892295837
0.087864443659782410
0.087865024805068970
0.087864786386489868
0.087864786386489868
0.087864920496940613
0.087862297892570496
0.087866276502609253
0.087875783443450928
0.087865710258483887
0.087865039706230164
0.087864831089973450
0.087865099310874939
0.087864965200424194
0.087864458560943604
0.087865203619003296
0.087864667177200317
0.087865248322486877
0.087865352630615234
0.087863281369209290
0.087865695357322693
-0.889186143875122070
-0.880874693393707275
-0.879613161087036133
-0.878776788711547852
-0.878548800945281982
-0.878335952758789062
-0.879203319549560547
-0.880097150802612305
-0.879673004150390625
-0.878054201602935791
-0.878564476966857910
-0.878674745559692383
-0.884804368019104004
-0.894169688224792480
-0.884593367576599121
-0.882762134075164795
-0.882810711860656738
-0.882793188095092773
-0.883469581604003906
-0.884449720382690430
-0.885301709175109863
-0.883532762527465820
-0.883311688899993896
-0.883801877498626709
-0.883323431015014648
-0.888982474803924561
-0.892694354057312012
-0.884538173675537109
-0.883729934692382812
-0.884729385375976562
-0.882967591285705566
-0.881877541542053223
-0.882038235664367676
-0.883320093154907227
-0.884509503841400146
-0.883841216564178467
-0.883945763111114502
-0.883900344371795654
-0.889887034893035889
-0.893359541893005371
-0.886103570461273193
-0.884024381637573242
-0.884929358959197998
-0.882873475551605225
-0.885506570339202881
-0.885427892208099365
-0.884732961654663086
-0.883695483207702637
-0.884060680866241455
-0.883124470710754395
-0.883812010288238525
-0.890434920787811279
-0.892833590507507324
-0.884397149085998535
-0.884852051734924316
-0.883853912353515625
-0.883873760700225830
-0.882922649383544922
-0.883190989494323730
-0.883529126644134521
-0.883682906627655029
-0.883571147918701172
-0.883411765098571777
-0.884304404258728027
-0.889018952846527100
-0.893163025379180908
-0.883947312831878662
-0.883824586868286133
-0.883952140808105469
-0.884840607643127441
-0.883659005165100098
-0.882483482360839844
-0.882191002368927002
-0.883893370628356934
-0.884018778800964355
-0.884251832962036133
-0.883640944957733154
-0.887154757976531982
-0.892692744731903076
-0.883416175842285156
-0.883172035217285156
-0.882826030254364014
-0.885139465332031250
-0.882987737655639648
-0.883513033390045166
-0.882783114910125732
-0.881746828556060791
-0.882209956645965576
-0.883490145206451416
-0.883546173572540283
-0.886224925518035889
0.173093214631080627
0.171529725193977356
0.171248063445091248
0.171054184436798096
0.170313045382499695
0.169991075992584229
0.171172723174095154
0.171054303646087646
0.171060711145401001
0.171131744980812073
0.171368330717086792
0.171146094799041748
0.172964498400688171
0.179516851902008057
0.181180104613304138
0.180870026350021362
0.181427389383316040
0.182150244712829590
0.182227984070777893
0.183201611042022705
0.182345911860466003
0.180718854069709778
0.181157767772674561
0.182050079107284546
0.180984020233154297
0.181765392422676086
0.178330495953559875
0.180543318390846252
0.180646821856498718
0.180532574653625488
0.179593071341514587
0.179417863488197327
0.180712595582008362
0.179781079292297363
0.181025460362434387
0.181054472923278809
0.179910197854042053
0.179461166262626648
0.181090891361236572
0.179076284170150757
0.180501028895378113
0.180027738213539124
0.180347532033920288
0.180258095264434814
0.180438309907913208
0.180811822414398193
0.180770188570022583
0.180174216628074646
0.179830625653266907
0.180491179227828979
0.179916962981224060
0.182613059878349304
0.178631454706192017
0.179876491427421570
0.181630462408065796
0.180111497640609741
0.180461362004280090
0.178981751203536987
0.179377675056457520
0.180148795247077942
0.180670499801635742
0.180038467049598694
0.180787861347198486
0.180776596069335938
0.183128640055656433
0.178048089146614075
0.180465683341026306
0.180197894573211670
0.180271267890930176
0.181834429502487183
0.181248664855957031
0.180359393358230591
0.178977772593498230
0.179895758628845215
0.180527850985527039
0.180262178182601929
0.178980231285095215
0.182993277907371521
0.176810815930366516
0.179770290851593018
0.179081976413726807
0.178319230675697327
0.177992120385169983
0.179137662053108215
0.178392559289932251
0.178072154521942139
0.177736297249794006
0.178364053368568420
0.179922282695770264
0.179989501833915710
0.180312365293502808
-0.342132449150085449
-0.597187817096710205
-0.589434206485748291
-0.596199631690979004
-0.590131163597106934
-0.586690068244934082
-0.601034402847290039
-0.599416375160217285
-0.554224729537963867
-0.569239795207977295
-0.604897856712341309
-0.608770370483398438
-0.587202727794647217
-0.173096954822540283
-0.518416166305541992
-0.543435692787170410
-0.542530715465545654
-0.547356843948364258
-0.531961619853973389
-0.525178313255310059
-0.499578297138214111
-0.531451523303985596
-0.527139961719512939
-0.530436396598815918
-0.556811988353729248
-0.536908268928527832
-0.249198779463768005
-0.500209271907806396
-0.515141785144805908
-0.495876371860504150
-0.520237565040588379
-0.540284216403961182
-0.543720126152038574
-0.503868758678436279
-0.505321979522705078
-0.511387407779693604
-0.506768286228179932
-0.513270139694213867
-0.505753040313720703
-0.250653326511383057
-0.475134909152984619
-0.510829567909240723
-0.492113769054412842
-0.526201963424682617
-0.432280123233795166
-0.454564660787582397
-0.499964326620101929
-0.515793561935424805
-0.503114461898803711
-0.520826935768127441
-0.533051609992980957
-0.568255782127380371
-0.203028157353401184
-0.492989122867584229
-0.501292526721954346
-0.512172341346740723
-0.514361798763275146
-0.517216324806213379
-0.516099929809570312
-0.518422365188598633
-0.511105358600616455
-0.511765122413635254
-0.517307937145233154
-0.518363773822784424
-0.561496734619140625
-0.138374000787734985
-0.501322686672210693
-0.514929771423339844
-0.505904555320739746
-0.500889301300048828
-0.516629099845886230
-0.536441862583160400
-0.538356065750122070
-0.475928485393524170
-0.477224051952362061
-0.503747344017028809
-0.527038037776947021
-0.557634830474853516
-0.185486003756523132
-0.541990280151367188
-0.569280564785003662
-0.553585410118103027
-0.504604279994964600
-0.572656571865081787
-0.559947788715362549
-0.573624730110168457
-0.535070061683654785
-0.570756793022155762
-0.556315898895263672
-0.545243442058563232
-0.593947649002075195
-1.647178530693054199
-1.641898870468139648
-1.642265558242797852
-1.642183899879455566
-1.643684864044189453
-1.644404411315917969
-1.641996860504150391
-1.642460465431213379
-1.643167257308959961
-1.642292499542236328
-1.641304969787597656
-1.642056345939636230
-1.638512730598449707
-1.640920639038085938
-1.627329707145690918
-1.626932621002197266
-1.625800848007202148
-1.624215126037597656
-1.624515771865844727
-1.622949600219726562
-1.625403761863708496
-1.627679467201232910
-1.626801252365112305
-1.625013947486877441
-1.626063585281372070
-1.624936223030090332
-1.641985654830932617
-1.629393339157104492
-1.628552436828613281
-1.629483222961425781
-1.630419611930847168
-1.630064845085144043
-1.627364039421081543
-1.630404949188232422
-1.628255724906921387
-1.627849936485290527
-1.630281925201416016
-1.629985570907592773
-1.626441121101379395
-1.640673756599426270
-1.630443572998046875
-1.630044579505920410
-1.629992365837097168
-1.628865480422973633
-1.631027340888977051
-1.629857420921325684
-1.628933906555175781
-1.629535436630249023
-1.630598783493041992
-1.628577828407287598
-1.628992080688476562
-1.621093988418579102
-1.642176866531372070
-1.630850672721862793
-1.627182960510253906
-1.629773974418640137
-1.629015684127807617
-1.631727099418640137
-1.631009101867675781
-1.629502892494201660
-1.628589510917663574
-1.629836201667785645
-1.628127574920654297
-1.627572536468505859
-1.620785832405090332
-1.644593358039855957
-1.629348635673522949
-1.629537701606750488
-1.629584550857543945
-1.626750469207763672
-1.627254962921142578
-1.628361463546752930
-1.631139874458312988
-1.630834460258483887
-1.629532217979431152
-1.629725813865661621
-1.630921721458435059
-1.621609449386596680
-1.645088911056518555
-1.628473281860351562
-1.629253983497619629
-1.630996346473693848
-1.633231163024902344
-1.629173398017883301
-1.631129264831542969
-1.631209015846252441
-1.632119774818420410
-1.630458354949951172
-1.627909064292907715
-1.628083944320678711
-1.625190615653991699
-0.061671480536460876
-0.061624683439731598
-0.061624653637409210
-0.061625763773918152
-0.061625473201274872
-0.061625689268112183
-0.061626717448234558
-0.061626225709915161
-0.061624370515346527
-0.061624489724636078
-0.061623856425285339
-0.061626069247722626
-0.061623416841030121
-0.061710372567176819
-0.061673454940319061
-0.061670728027820587
-0.061671979725360870
-0.061673596501350403
-0.061675891280174255
-0.061675913631916046
-0.061675325036048889
-0.061672866344451904
-0.061668992042541504
-0.061671033501625061
-0.061673007905483246
-0.061670489609241486
-0.061710886657238007
-0.061675153672695160
-0.061671003699302673
-0.061668820679187775
-0.061670206487178802
-0.061674907803535461
-0.061675339937210083
-0.061675325036048889
-0.061673790216445923
-0.061672098934650421
-0.061671867966651917
-0.061671100556850433
-0.061671987175941467
-0.061711184680461884
-0.061674870550632477
-0.061673551797866821
-0.061669610440731049
-0.061672329902648926
-0.061673291027545929
-0.061674684286117554
-0.061672069132328033
-0.061672046780586243
-0.061671145260334015
-0.061670802533626556
-0.061671920120716095
-0.061672776937484741
-0.061711154878139496
-0.061675086617469788
-0.061677165329456329
-0.061672881245613098
-0.061671599745750427
-0.061670295894145966
-0.061671175062656403
-0.061670593917369843
-0.061673633754253387
-0.061672285199165344
-0.061670444905757904
-0.061671547591686249
-0.061673216521739960
-0.061711333692073822
-0.061675511300563812
-0.061675064265727997
-0.061672121286392212
-0.061673022806644440
-0.061673700809478760
-0.061670079827308655
-0.061669036746025085
-0.061672329902648926
-0.061674073338508606
-0.061670467257499695
-0.061669968068599701
-0.061673440039157867
-0.061711482703685760
-0.061675496399402618
-0.061674587428569794
-0.061671122908592224
-0.061671681702136993
-0.061673194169998169
-0.061670489609241486
-0.061670213937759399
-0.061671979725360870
-0.061674281954765320
-0.061673723161220551
-0.061673693358898163
-0.061673291027545929
-0.045239478349685669
-0.047855984419584274
-0.047402810305356979
-0.047369312494993210
-0.047401998192071915
-0.047670848667621613
-0.047474522143602371
-0.047684788703918457
-0.047538600862026215
-0.047471154481172562
-0.047747086733579636
-0.046373683959245682
-0.047552689909934998
-0.038810826838016510
-0.039195019751787186
-0.038661863654851913
-0.038632221519947052
-0.038307394832372665
-0.038538735359907150
-0.038526199758052826
-0.038463167846202850
-0.038551740348339081
-0.038458291441202164
-0.038628075271844864
-0.036587331444025040
-0.040041070431470871
-0.038905512541532516
-0.038748331367969513
-0.038860198110342026
-0.038694120943546295
-0.038264732807874680
-0.038215477019548416
-0.038269016891717911
-0.038328964263200760
-0.038419313728809357
-0.038336299359798431
-0.038593616336584091
-0.036451671272516251
-0.040825087577104568
-0.038893945515155792
-0.038957223296165466
-0.038393337279558182
-0.038567651063203812
-0.038258310407400131
-0.038134738802909851
-0.038588996976613998
-0.038426391780376434
-0.038265362381935120
-0.038326818495988846
-0.038763739168643951
-0.036513935774564743
-0.040096540004014969
-0.038841653615236282
-0.038997661322355270
-0.038583625108003616
-0.038437530398368835
-0.038299988955259323
-0.038271874189376831
-0.038495816290378571
-0.038476426154375076
-0.038368802517652512
-0.038276329636573792
-0.038618296384811401
-0.036472652107477188
-0.040349803864955902
-0.039080601185560226
-0.039093140512704849
-0.038671124726533890
-0.038570679724216461
-0.038455668836832047
-0.038567282259464264
-0.038212664425373077
-0.038712546229362488
-0.038515012711286545
-0.038508497178554535
-0.038627725094556808
-0.036344826221466064
-0.039800647646188736
-0.038999244570732117
-0.039306122809648514
-0.038721270859241486
-0.038543511182069778
-0.038782391697168350
-0.038661487400531769
-0.038223393261432648
-0.038867767900228500
-0.038398802280426025
-0.038907971233129501
-0.039003651589155197
-0.037208586931228638
-0.039296939969062805
-0.652662873268127441
-0.651773035526275635
-0.651154637336730957
-0.651111125946044922
-0.651156783103942871
-0.651520133018493652
-0.651257157325744629
-0.651536881923675537
-0.651339888572692871
-0.651248216629028320
-0.651618063449859619
-0.649768233299255371
-0.651352226734161377
-0.653319895267486572
-0.651362538337707520
-0.650643587112426758
-0.650599777698516846
-0.650163412094116211
-0.650474786758422852
-0.650461077690124512
-0.650374352931976318
-0.650489747524261475
-0.650368094444274902
-0.650593578815460205
-0.647851467132568359
-0.652495205402374268
-0.653454184532165527
-0.650759935379028320
-0.650910735130310059
-0.650685429573059082
-0.650107979774475098
-0.650049746036529541
-0.650122225284576416
-0.650195777416229248
-0.650316894054412842
-0.650204122066497803
-0.650550425052642822
-0.647667884826660156
-0.653567373752593994
-0.653431236743927002
-0.651041626930236816
-0.650294005870819092
-0.650513648986816406
-0.650095880031585693
-0.649928271770477295
-0.650546669960021973
-0.650327682495117188
-0.650112569332122803
-0.650192081928253174
-0.650779306888580322
-0.647749245166778564
-0.652576446533203125
-0.653367400169372559
-0.651084721088409424
-0.650544881820678711
-0.650340318679809570
-0.650155544281005859
-0.650118291378021240
-0.650419235229492188
-0.650390744209289551
-0.650248944759368896
-0.650123298168182373
-0.650583207607269287
-0.647696197032928467
-0.652926683425903320
-0.653689205646514893
-0.651220381259918213
-0.650658249855041504
-0.650519728660583496
-0.650365710258483887
-0.650517284870147705
-0.650037825107574463
-0.650710403919219971
-0.650445044040679932
-0.650441586971282959
-0.650597035884857178
-0.647520661354064941
-0.652180671691894531
-0.653577923774719238
-0.651507794857025146
-0.650720894336700439
-0.650481641292572021
-0.650802314281463623
-0.650640487670898438
-0.650051891803741455
-0.650918960571289062
-0.650285065174102783
-0.650976121425628662
-0.651099145412445068
-0.648684680461883545
-0.651497542858123779
0.174026101827621460
0.239380478858947754
0.248793214559555054
0.255448222160339355
0.256805658340454102
0.258287787437438965
0.252338796854019165
0.245496258139610291
0.248863726854324341
0.261515706777572632
0.257691532373428345
0.254761606454849243
0.215227514505386353
0.136422917246818542
0.213292270898818970
0.226962238550186157
0.227006986737251282
0.227569997310638428
0.222557231783866882
0.215622097253799438
0.208363085985183716
0.220668822526931763
0.222700461745262146
0.219859629869461060
0.223222970962524414
0.186051458120346069
0.145102858543395996
0.211538314819335938
0.218118488788604736
0.209895908832550049
0.222795158624649048
0.231188431382179260
0.231095284223556519
0.220325976610183716
0.211768448352813721
0.217122510075569153
0.215590149164199829
0.218027487397193909
0.181359469890594482
0.140400618314743042
0.199308529496192932
0.214809343218803406
0.207907155156135559
0.224164411425590515
0.203832060098648071
0.204817503690719604
0.209846362471580505
0.217467188835144043
0.214277714490890503
0.222619324922561646
0.217955574393272400
0.181934475898742676
0.144829988479614258
0.212360382080078125
0.209862276911735535
0.216275691986083984
0.216310560703277588
0.222501263022422791
0.220891490578651428
0.218796789646148682
0.218125820159912109
0.218394339084625244
0.220513701438903809
0.215098083019256592
0.190267115831375122
0.142496913671493530
0.216532543301582336
0.216830432415008545
0.215744346380233765
0.209984198212623596
0.218981936573982239
0.227212518453598022
0.228422760963439941
0.216269984841346741
0.215854048728942871
0.213445857167243958
0.218616783618927002
0.201122894883155823
0.148397371172904968
0.224958285689353943
0.225560352206230164
0.227429196238517761
0.209346801042556763
0.226490646600723267
0.221269130706787109
0.227208763360977173
0.235755980014801025
0.232442811131477356
0.223759979009628296
0.222138032317161560
0.209190934896469116
1.250994682312011719
1.250994682312011719
1.250994682312011719
1.250994682312011719
1.250994682312011719
1.250994682312011719
1.250994682312011719
1.250994682312011719
1.250994682312011719
1.250994682312011719
1.250994682312011719
1.250994682312011719
1.250994682312011719
1.250994682312011719
1.250994682312011719
1.250994682312011719
1.250994682312011719
1.250994682312011719
1.250994682312011719
1.250994682312011719
1.250994682312011719
1.250994682312011719
1.250994682312011719
1.250994682312011719
1.250994682312011719
1.250994682312011719
1.250994682312011719
1.250994682312011719
1.250994682312011719
1.250994682312011719
1.250994682312011719
1.250994682312011719
1.250994682312011719
1.250994682312011719
1.250994682312011719
1.250994682312011719
1.250994682312011719
1.250994682312011719
1.250994682312011719
1.250994682312011719
1.250994682312011719
1.250994682312011719
1.250994682312011719
1.250994682312011719
1.250994682312011719
1.250994682312011719
1.250994682312011719
1.250994682312011719
1.250994682312011719
1.250994682312011719
1.250994682312011719
1.250994682312011719
1.250994682312011719
1.250994682312011719
1.250994682312011719
1.250994682312011719
1.250994682312011719
1.250994682312011719
1.250994682312011719
1.250994682312011719
1.250994682312011719
1.250994682312011719
1.250994682312011719
1.250994682312011719
1.250994682312011719
1.250994682312011719
1.250994682312011719
1.250994682312011719
1.250994682312011719
1.250994682312011719
1.250994682312011719
1.250994682312011719
1.250994682312011719
1.250994682312011719
1.250994682312011719
1.250994682312011719
1.250994682312011719
1.250994682312011719
1.250994682312011719
1.250994682312011719
1.250994682312011719
1.250994682312011719
1.250994682312011719
1.250994682312011719
1.250994682312011719
1.250994682312011719
1.250994682312011719
1.250994682312011719
1.250994682312011719
1.250994682312011719
1.250994682312011719
-0.036725394427776337
-0.045892354100942612
-0.045870795845985413
-0.045860987156629562
-0.045862093567848206
-0.045864067971706390
-0.045869495719671249
-0.045867994427680969
-0.045861598104238510
-0.045857034623622894
-0.045862294733524323
-0.045869898051023483
-0.045893475413322449
-0.041554756462574005
-0.054431300610303879
-0.053836107254028320
-0.053834602236747742
-0.053832273930311203
-0.053835269063711166
-0.053850311785936356
-0.053851742297410965
-0.053837787359952927
-0.053829878568649292
-0.053836669772863388
-0.053841929882764816
-0.053894728422164917
-0.041040547192096710
-0.054120734333992004
-0.053843166679143906
-0.053852286189794540
-0.053846620023250580
-0.053841143846511841
-0.053846884518861771
-0.053856156766414642
-0.053852058947086334
-0.053847316652536392
-0.053848531097173691
-0.053854908794164658
-0.053901266306638718
-0.041846260428428650
-0.054698277264833450
-0.053835924714803696
-0.053837839514017105
-0.053858328610658646
-0.053860653191804886
-0.053898960351943970
-0.053856067359447479
-0.053851377218961716
-0.053843341767787933
-0.053839676082134247
-0.053849935531616211
-0.054021257907152176
-0.041908092796802521
-0.055093709379434586
-0.053859502077102661
-0.053844753652811050
-0.053845383226871490
-0.053849041461944580
-0.053850028663873672
-0.053853325545787811
-0.053859468549489975
-0.053852867335081100
-0.053848654031753540
-0.053854797035455704
-0.054405674338340759
-0.042302377521991730
-0.055311977863311768
-0.053849838674068451
-0.053856011480093002
-0.053860455751419067
-0.053847182542085648
-0.053841140121221542
-0.053840201348066330
-0.053848788142204285
-0.053851284086704254
-0.053845517337322235
-0.053848329931497574
-0.054292872548103333
-0.042548075318336487
-0.055909525603055954
-0.053861130028963089
-0.053863711655139923
-0.054029460996389389
-0.053990319371223450
-0.053848899900913239
-0.053844220936298370
-0.053862448781728745
-0.053862668573856354
-0.053920824080705643
-0.054062023758888245
-0.054176360368728638
0.710123777389526367
1.036958575248718262
0.991581857204437256
0.987428963184356689
0.954476058483123779
0.934513807296752930
1.007061243057250977
1.018619060516357422
0.921168088912963867
0.922877192497253418
1.008534669876098633
1.006440877914428711
1.160200238227844238
0.588111042976379395
1.144280552864074707
1.153956294059753418
1.167193651199340820
1.194467306137084961
1.178463459014892578
1.206247568130493164
1.150387048721313477
1.140836834907531738
1.138868689537048340
1.176865339279174805
1.205576181411743164
1.318817615509033203
0.673791706562042236
1.082651019096374512
1.102612733840942383
1.078853845596313477
1.072843074798583984
1.089165925979614258
1.131196141242980957
1.052110910415649414
1.105372905731201172
1.106779456138610840
1.072055697441101074
1.095940828323364258
1.271227836608886719
0.706262290477752686
1.059506416320800781
1.083329916000366211
1.070667147636413574
1.100392580032348633
0.965563654899597168
1.016806006431579590
1.092735290527343750
1.091286897659301758
1.063985943794250488
1.099468946456909180
1.137986183166503906
1.467813849449157715
0.593952119350433350
1.049709320068359375
1.118351817131042480
1.085455417633056641
1.098917722702026367
1.050961017608642578
1.063315749168395996
1.092545270919799805
1.094058036804199219
1.078032493591308594
1.104814767837524414
1.140242934226989746
1.420163393020629883
0.458612233400344849
1.072655081748962402
1.092309713363647461
1.078793644905090332
1.122842550277709961
1.119521379470825195
1.116035223007202148
1.079181551933288574
1.010052323341369629
1.030783653259277344
1.079783558845520020
1.101128935813903809
1.354653120040893555
0.534601688385009766
1.155197501182556152
1.189066886901855469
1.133416771888732910
1.070474505424499512
1.190831065177917480
1.156298518180847168
1.164632797241210938
1.064821481704711914
1.156123876571655273
1.188691258430480957
1.168144464492797852
1.364113211631774902
0.801154732704162598
0.270351588726043701
0.245771855115890503
0.219932645559310913
0.199771344661712646
0.186791032552719116
0.227377444505691528
0.245283156633377075
0.295381605625152588
0.247315168380737305
0.218584746122360229
0.185985654592514038
0.518154025077819824
1.260108590126037598
0.690462291240692139
0.612122416496276855
0.633957505226135254
0.653634369373321533
0.689987123012542725
0.751039683818817139
0.771158337593078613
0.634991765022277832
0.651937663555145264
0.692294776439666748
0.643074452877044678
0.894624590873718262
1.058902740478515625
0.661840498447418213
0.634854912757873535
0.670062780380249023
0.574312210083007812
0.522499084472656250
0.569153964519500732
0.609590411186218262
0.669444262981414795
0.652991950511932373
0.621421813964843750
0.665866732597351074
0.974169135093688965
1.093966603279113770
0.719838440418243408
0.618885934352874756
0.668487966060638428
0.590684652328491211
0.767094016075134277
0.747860372066497803
0.671987652778625488
0.612545013427734375
0.621533870697021484
0.609745860099792480
0.633639693260192871
1.039040327072143555
1.139676332473754883
0.645715534687042236
0.705565869808197021
0.617935061454772949
0.627917885780334473
0.552683591842651367
0.574119806289672852
0.604130446910858154
0.637459933757781982
0.611383438110351562
0.629857242107391357
0.697952210903167725
0.974305868148803711
1.215328335762023926
0.649632394313812256
0.618949651718139648
0.633982181549072266
0.712617754936218262
0.652661561965942383
0.573235392570495605
0.511659264564514160
0.663684606552124023
0.687958419322967529
0.642661213874816895
0.607886493206024170
0.874381065368652344
1.166789293289184570
0.654176533222198486
0.585952401161193848
0.569825291633605957
0.665987551212310791
0.570228874683380127
0.565037310123443604
0.525850713253021240
0.559117019176483154
0.536861240863800049
0.635338366031646729
0.647306859493255615
0.778229236602783203
0.047566942870616913
0.051064997911453247
0.050935871899127960
0.050962850451469421
0.051000058650970459
0.051045797765254974
0.050934441387653351
0.051008634269237518
0.050992041826248169
0.050976969301700592
0.051042430102825165
0.050619430840015411
0.051062680780887604
0.049703732132911682
0.054429650306701660
0.054075516760349274
0.054102160036563873
0.054014153778553009
0.054091751575469971
0.054089330136775970
0.054055891931056976
0.054081156849861145
0.054055854678153992
0.054093100130558014
0.053486838936805725
0.054676815867424011
0.049515195190906525
0.054153285920619965
0.054148882627487183
0.054119542241096497
0.053975611925125122
0.053981393575668335
0.054014965891838074
0.054034091532230377
0.054050959646701813
0.054024368524551392
0.054100438952445984
0.053470991551876068
0.054924860596656799
0.049843840301036835
0.054449290037155151
0.054020933806896210
0.054139383137226105
0.054011031985282898
0.053967840969562531
0.054123558104038239
0.054052524268627167
0.053999304771423340
0.054026380181312561
0.054155372083187103
0.053474806249141693
0.054724380373954773
0.049862869083881378
0.054637379944324493
0.054060496389865875
0.054050922393798828
0.054021604359149933
0.054015912115573883
0.054075926542282104
0.054067313671112061
0.054030336439609528
0.054009191691875458
0.054113015532493591
0.053462825715541840
0.054954625666141510
0.050087668001651764
0.054744079709053040
0.054082930088043213
0.054100774228572845
0.054059341549873352
0.054100029170513153
0.053995855152606964
0.054130420088768005
0.054056771099567413
0.054066888988018036
0.054103747010231018
0.053421549499034882
0.054734706878662109
0.050183512270450592
0.055037803947925568
0.054083824157714844
0.054103329777717590
0.054232634603977203
0.054127015173435211
0.053965754806995392
0.054232947528362274
0.054078541696071625
0.054163858294487000
0.054215781390666962
0.053737610578536987
0.054483883082866669
-0.508807718753814697
-0.513523936271667480
-0.513513803482055664
-0.513511419296264648
-0.513513743877410889
-0.513512432575225830
-0.513511657714843750
-0.513511598110198975
-0.513510406017303467
-0.513508498668670654
-0.513509929180145264
-0.513512849807739258
-0.513530254364013672
-0.511276662349700928
-0.517893016338348389
-0.517590403556823730
-0.517591893672943115
-0.517591297626495361
-0.517593145370483398
-0.517600595951080322
-0.517600357532501221
-0.517593562602996826
-0.517590165138244629
-0.517592489719390869
-0.517595469951629639
-0.517630994319915771
-0.511011958122253418
-0.517732322216033936
-0.517594754695892334
-0.517600655555725098
-0.517596840858459473
-0.517595291137695312
-0.517599225044250488
-0.517603754997253418
-0.517601191997528076
-0.517598867416381836
-0.517599403858184814
-0.517603516578674316
-0.517634987831115723
-0.511426210403442383
-0.518029034137725830
-0.517591953277587891
-0.517597317695617676
-0.517604827880859375
-0.517605483531951904
-0.517625391483306885
-0.517603158950805664
-0.517600595951080322
-0.517597258090972900
-0.517595350742340088
-0.517599999904632568
-0.517694592475891113
-0.511458635330200195
-0.518233120441436768
-0.517602086067199707
-0.517597317695617676
-0.517598450183868408
-0.517600476741790771
-0.517600417137145996
-0.517601907253265381
-0.517604410648345947
-0.517601728439331055
-0.517599821090698242
-0.517602503299713135
-0.517892062664031982
-0.511660754680633545
-0.518344581127166748
-0.517597198486328125
-0.517603456974029541
-0.517605125904083252
-0.517599105834960938
-0.517596483230590820
-0.517595112323760986
-0.517598152160644531
-0.517600119113922119
-0.517597496509552002
-0.517599225044250488
-0.517833411693572998
-0.511788308620452881
-0.518650829792022705
-0.517601788043975830
-0.517607986927032471
-0.517692446708679199
-0.517668783664703369
-0.517598092555999756
-0.517600595951080322
-0.517608523368835449
-0.517604112625122070
-0.517633974552154541
-0.517706871032714844
-0.517770171165466309
0.699755728244781494
0.700583517551422119
0.700583636760711670
0.700590133666992188
0.700588345527648926
0.700589358806610107
0.700595796108245850
0.700592696666717529
0.700581789016723633
0.700582444667816162
0.700578570365905762
0.700591981410980225
0.700575888156890869
0.699442267417907715
0.700377881526947021
0.700361311435699463
0.700368463993072510
0.700378060340881348
0.700392663478851318
0.700392663478851318
0.700388967990875244
0.700374960899353027
0.700351238250732422
0.700363099575042725
0.700374007225036621
0.700358629226684570
0.699445009231567383
0.700388312339782715
0.700363337993621826
0.700349211692810059
0.700356900691986084
0.700385332107543945
0.700388550758361816
0.700387954711914062
0.700378894805908203
0.700369238853454590
0.700367331504821777
0.700361788272857666
0.700366854667663574
0.699446916580200195
0.700386106967926025
0.700378000736236572
0.700353801250457764
0.700370907783508301
0.700375854969024658
0.700384378433227539
0.700368702411651611
0.700368762016296387
0.700363695621490479
0.700361490249633789
0.700366973876953125
0.700370550155639648
0.699446260929107666
0.700388252735137939
0.700399458408355713
0.700373589992523193
0.700366139411926270
0.700358569622039795
0.700363993644714355
0.700359821319580078
0.700378656387329102
0.700371146202087402
0.700359582901000977
0.700364828109741211
0.700374066829681396
0.699447810649871826
0.700390398502349854
0.700386941432952881
0.700369119644165039
0.700374782085418701
0.700379252433776855
0.700357377529144287
0.700350165367126465
0.700370609760284424
0.700380921363830566
0.700360357761383057
0.700355589389801025
0.700377106666564941
0.699449300765991211
0.700390756130218506
0.700385093688964844
0.700363695621490479
0.700367271900177002
0.700376868247985840
0.700360476970672607
0.700358450412750244
0.700368762016296387
0.700382769107818604
0.700379669666290283
0.700378358364105225
0.700375497341156006
0.038025513291358948
0.038349837064743042
0.037007104605436325
0.036905594170093536
0.037053965032100677
0.037863463163375854
0.037219066172838211
0.037843637168407440
0.037421066313982010
0.037187121808528900
0.037972427904605865
0.034006871283054352
0.037303075194358826
0.041051685810089111
0.039989881217479706
0.038227006793022156
0.038092929869890213
0.037093430757522583
0.037778198719024658
0.037701353430747986
0.037593964487314224
0.037923835217952728
0.037623930722475052
0.038053516298532486
0.032154098153114319
0.042177237570285797
0.041249811649322510
0.038658615201711655
0.038865327835083008
0.038414582610130310
0.037197373807430267
0.037060815840959549
0.037123680114746094
0.037385217845439911
0.037576418370008469
0.037314016371965408
0.038149241358041763
0.031883850693702698
0.044531665742397308
0.041416384279727936
0.039489381015300751
0.037583395838737488
0.038058046251535416
0.037122845649719238
0.036811940371990204
0.038130998611450195
0.037625160068273544
0.037180207669734955
0.037384197115898132
0.038582656532526016
0.032036878168582916
0.042237929999828339
0.041326276957988739
0.039721943438053131
0.038034059107303619
0.037677280604839325
0.037254363298416138
0.037266761064529419
0.037893705070018768
0.037782482802867889
0.037441618740558624
0.037211932241916656
0.038143843412399292
0.031868167221546173
0.043117374181747437
0.042206764221191406
0.040030300617218018
0.038356196135282516
0.038059141486883163
0.037630412727594376
0.037971056997776031
0.036972969770431519
0.038528561592102051
0.037926062941551208
0.037874728441238403
0.038230679929256439
0.031606890261173248
0.041507489979267120
0.042060308158397675
0.040796212852001190
0.038474034518003464
0.038015902042388916
0.038837052881717682
0.038345396518707275
0.037094466388225555
0.038974080234766006
0.037615090608596802
0.039070576429367065
0.039263583719730377
0.034085638821125031
0.040103234350681305
0.380275487899780273
0.805848240852355957
0.691216647624969482
0.646516680717468262
0.626057803630828857
0.613518357276916504
0.689715921878814697
0.748004674911499023
0.538943946361541748
0.473217546939849854
0.645625412464141846
0.734186708927154541
0.723072707653045654
0.040478527545928955
0.632651865482330322
0.604262530803680420
0.583890259265899658
0.572861909866333008
0.558872818946838379
0.572865545749664307
0.565560936927795410
0.626550853252410889
0.576360821723937988
0.583840548992156982
0.605203866958618164
0.691988348960876465
0.359023571014404297
0.655988693237304688
0.639496862888336182
0.656238257884979248
0.645810186862945557
0.645568370819091797
0.617661237716674805
0.599464178085327148
0.662748277187347412
0.626493215560913086
0.656214714050292969
0.509078383445739746
0.542134761810302734
0.392408877611160278
0.684593021869659424
0.681422948837280273
0.673503756523132324
0.631478071212768555
0.459316432476043701
0.533209025859832764
0.667026996612548828
0.667403340339660645
0.663908243179321289
0.623601377010345459
0.619234263896942139
0.557187318801879883
0.155151188373565674
0.638427853584289551
0.642597258090972900
0.667909324169158936
0.664900898933410645
0.661340415477752686
0.660538196563720703
0.668724000453948975
0.625649571418762207
0.645033597946166992
0.621569573879241943
0.552401363849639893
0.575040578842163086
-0.070054352283477783
0.608615696430206299
0.667813241481781006
0.643794357776641846
0.633906245231628418
0.618236660957336426
0.639349699020385742
0.688319206237792969
0.520903706550598145
0.509058415889739990
0.657099485397338867
0.609441101551055908
0.593931257724761963
-0.047307610511779785
0.510178565979003906
0.637147426605224609
0.584964454174041748
0.579189002513885498
0.660205006599426270
0.691562831401824951
0.692682147026062012
0.434273600578308105
0.605743348598480225
0.587871551513671875
0.559916853904724121
0.596995234489440918
0.550165355205535889
0.416527569293975830
0.802153408527374268
0.969158291816711426
1.089848756790161133
1.171714663505554199
0.825069844722747803
0.621472179889678955
1.118911743164062500
1.395536899566650391
0.953967034816741943
0.837106406688690186
-0.211198270320892334
0.551845729351043701
-0.094055116176605225
0.150104761123657227
0.140637129545211792
0.100011855363845825
0.064301967620849609
-0.132429659366607666
-0.116037428379058838
0.053831100463867188
0.144270271062850952
-0.003350913524627686
-0.019803941249847412
-1.047793388366699219
0.183159887790679932
0.006836831569671631
0.087678611278533936
-0.009616971015930176
0.237000316381454468
0.341036140918731689
0.267571061849594116
0.289550334215164185
-0.044212400913238525
0.079871654510498047
0.103397369384765625
0.246963441371917725
-0.879710793495178223
-0.007330060005187988
-0.177012503147125244
0.040438830852508545
-0.038807153701782227
0.209495812654495239
0.356204032897949219
0.173953115940093994
-0.051286160945892334
0.082068890333175659
0.095830470323562622
0.188657432794570923
0.038793921470642090
-1.352888464927673340
0.568357646465301514
0.111752718687057495
-0.089788556098937988
0.073466330766677856
0.046899855136871338
0.268803298473358154
0.210752218961715698
0.098552256822586060
0.127002388238906860
0.151186168193817139
0.143922567367553711
0.051464438438415527
-1.111713171005249023
1.068609237670898438
0.156215846538543701
0.063556551933288574
0.102974444627761841
-0.087516665458679199
0.086788296699523926
0.217132359743118286
0.271198928356170654
0.396126240491867065
0.351891458034515381
0.047821521759033203
0.148027867078781128
-0.777882456779479980
0.958219766616821289
0.186528235673904419
0.000930547714233398
0.219021290540695190
0.064080476760864258
-0.008597254753112793
-0.041118800640106201
0.032664597034454346
0.672825217247009277
0.225327402353286743
0.018426299095153809
0.085604548454284668
-0.670747399330139160
0.575874090194702148
0.576102852821350098
0.575458645820617676
0.575047612190246582
0.574715375900268555
0.574732065200805664
0.575520157814025879
0.575752735137939453
0.574924945831298828
0.574507415294647217
0.575221598148345947
0.575410187244415283
0.576619207859039307
0.576506495475769043
0.577922344207763672
0.577315092086791992
0.577233076095581055
0.577300965785980225
0.577359020709991455
0.577729642391204834
0.577701091766357422
0.577304840087890625
0.577155411243438721
0.577509582042694092
0.577343761920928955
0.578358054161071777
0.576989114284515381
0.577820658683776855
0.577382802963256836
0.577430188655853271
0.577050447463989258
0.576832532882690430
0.576974034309387207
0.576895594596862793
0.577486991882324219
0.577293097972869873
0.577189803123474121
0.576760768890380859
0.578043043613433838
0.577302336692810059
0.578101992607116699
0.577357292175292969
0.577211558818817139
0.577021002769470215
0.576880037784576416
0.577176749706268311
0.577476084232330322
0.577245712280273438
0.577153205871582031
0.577076315879821777
0.577161312103271484
0.578827440738677979
0.576422870159149170
0.577584445476531982
0.577796697616577148
0.577253699302673340
0.577255845069885254
0.576820313930511475
0.576975166797637939
0.577199101448059082
0.577246010303497314
0.577115893363952637
0.577163875102996826
0.577207744121551514
0.578615427017211914
0.575726330280303955
0.577614247798919678
0.577457368373870850
0.577203810214996338
0.577625572681427002
0.577290117740631104
0.576976537704467773
0.576872289180755615
0.576860308647155762
0.576939046382904053
0.577310502529144287
0.576923608779907227
0.578211843967437744
0.575639367103576660
0.577490508556365967
0.577438592910766602
0.576765120029449463
0.577023327350616455
0.577419042587280273
0.577271699905395508
0.576860070228576660
0.576004683971405029
0.576985716819763184
0.577394068241119385
0.577234566211700439
0.577979564666748047
0.322474658489227295
0.321421742439270020
0.321734309196472168
0.322487860918045044
0.322955369949340820
0.322269707918167114
0.321325361728668213
0.321531027555465698
0.322014093399047852
0.322147816419601440
0.321820259094238281
0.321723341941833496
0.322980523109436035
0.321790665388107300
0.319772243499755859
0.320775747299194336
0.321465164422988892
0.321703881025314331
0.321827918291091919
0.321747303009033203
0.321441262960433960
0.321512937545776367
0.321580350399017334
0.321300864219665527
0.321507990360260010
0.323580354452133179
0.321834385395050049
0.319595813751220703
0.320973485708236694
0.321268320083618164
0.321069896221160889
0.321530193090438843
0.321823656558990479
0.321744471788406372
0.321603655815124512
0.321597039699554443
0.321530818939208984
0.321780622005462646
0.323589146137237549
0.321810394525527954
0.319436252117156982
0.321285218000411987
0.322460711002349854
0.321707516908645630
0.321514368057250977
0.321577876806259155
0.321536302566528320
0.321489483118057251
0.321694374084472656
0.321658313274383545
0.321609795093536377
0.323068648576736450
0.321878910064697266
0.319656699895858765
0.320825576782226562
0.321542173624038696
0.321759968996047974
0.321749448776245117
0.321608245372772217
0.321546852588653564
0.321438163518905640
0.321603894233703613
0.321623593568801880
0.321562081575393677
0.322999149560928345
0.321569442749023438
0.319408684968948364
0.320797234773635864
0.321612536907196045
0.321485668420791626
0.321710497140884399
0.321796655654907227
0.321464508771896362
0.321125239133834839
0.321339517831802368
0.321417331695556641
0.321552395820617676
0.322966039180755615
0.321866959333419800
0.318958610296249390
0.320385903120040894
0.321658134460449219
0.321406513452529907
0.320530235767364502
0.321060001850128174
0.322400808334350586
0.321983426809310913
0.320779591798782349
0.320772111415863037
0.320923894643783569
0.321996062994003296
-0.444749474525451660
-0.444757461547851562
-0.444748491048812866
-0.444747090339660645
-0.444747507572174072
-0.444753646850585938
-0.444748938083648682
-0.444754600524902344
-0.444750964641571045
-0.444749653339385986
-0.444756239652633667
-0.444724261760711670
-0.444752365350723267
-0.444743245840072632
-0.444727689027786255
-0.444716095924377441
-0.444715857505798340
-0.444708079099655151
-0.444713115692138672
-0.444711983203887939
-0.444711089134216309
-0.444714128971099854
-0.444711089134216309
-0.444715440273284912
-0.444666981697082520
-0.444749802350997925
-0.444743990898132324
-0.444717645645141602
-0.444720983505249023
-0.444717049598693848
-0.444706737995147705
-0.444703936576843262
-0.444705337285995483
-0.444707959890365601
-0.444710433483123779
-0.444708675146102905
-0.444714546203613281
-0.444664001464843750
-0.444765001535415649
-0.444745153188705444
-0.444722652435302734
-0.444708198308944702
-0.444714426994323730
-0.444706708192825317
-0.444704473018646240
-0.444713830947875977
-0.444710314273834229
-0.444706171751022339
-0.444708347320556641
-0.444718480110168457
-0.444666028022766113
-0.444749474525451660
-0.444742739200592041
-0.444725453853607178
-0.444712698459625244
-0.444710969924926758
-0.444707334041595459
-0.444706976413726807
-0.444712162017822266
-0.444711923599243164
-0.444708973169326782
-0.444707065820693970
-0.444715380668640137
-0.444664537906646729
-0.444754064083099365
-0.444748580455780029
-0.444726854562759399
-0.444716483354568481
-0.444714426994323730
-0.444711327552795410
-0.444713771343231201
-0.444705665111541748
-0.444717347621917725
-0.444712698459625244
-0.444711565971374512
-0.444715261459350586
-0.444662034511566162
-0.444742023944854736
-0.444746673107147217
-0.444731593132019043
-0.444718480110168457
-0.444713711738586426
-0.444718986749649048
-0.444716393947601318
-0.444706380367279053
-0.444721579551696777
-0.444710254669189453
-0.444721311330795288
-0.444724857807159424
-0.444682776927947998
-0.444731593132019043
-1.740238428115844727
-0.332262396812438965
-0.895440816879272461
-1.097972393035888672
-1.226964592933654785
-1.324167728424072266
-0.882728695869445801
-0.586971044540405273
-1.505351424217224121
-1.848462343215942383
-1.075784325599670410
-0.828561723232269287
0.199355721473693848
-2.990130424499511719
-0.763073980808258057
-0.975522220134735107
-1.023391962051391602
-1.019485950469970703
-1.044016242027282715
-0.887481987476348877
-0.935695946216583252
-0.868591189384460449
-1.064245700836181641
-0.934644937515258789
-0.739737153053283691
0.429858446121215820
-1.944137692451477051
-0.873184978961944580
-0.942767500877380371
-0.865244925022125244
-1.024298310279846191
-1.071704149246215820
-1.088204145431518555
-1.192366123199462891
-0.822112023830413818
-0.984227776527404785
-0.921419918537139893
-1.174401760101318359
0.041387200355529785
-1.735776185989379883
-0.706765353679656982
-0.819502413272857666
-0.813327968120574951
-1.031321167945861816
-1.668662071228027344
-1.342316985130310059
-0.809346437454223633
-0.875522673130035400
-0.911135792732238770
-1.047089815139770508
-0.797237515449523926
0.702023506164550781
-2.749515295028686523
-0.990073323249816895
-0.841558158397674561
-0.872109949588775635
-0.860357165336608887
-1.014764070510864258
-0.977971673011779785
-0.883782267570495605
-1.015299677848815918
-0.980654716491699219
-1.027522325515747070
-0.978189587593078613
0.379918813705444336
-3.707875728607177734
-1.083954811096191406
-0.858490943908691406
-0.959508597850799561
-0.866812884807586670
-0.996856570243835449
-1.007735252380371094
-0.926712214946746826
-1.485785841941833496
-1.483505964279174805
-0.888783872127532959
-0.889723658561706543
0.003759145736694336
-3.326537132263183594
-1.037671923637390137
-0.569010734558105469
-0.869520187377929688
-0.824378550052642822
-0.529476642608642578
-0.450834512710571289
-0.471411228179931641
-1.559525966644287109
-0.807871580123901367
-0.732499718666076660
-0.875080645084381104
0.175183534622192383
-0.945602536201477051
-0.927813887596130371
-0.928673088550567627
-0.928593337535858154
-0.929615974426269531
-0.930017232894897461
-0.928160846233367920
-0.928365945816040039
-0.931722044944763184
-0.930736422538757324
-0.927882850170135498
-0.926928400993347168
-0.931172430515289307
-0.951489567756652832
-0.924756944179534912
-0.923301935195922852
-0.923025190830230713
-0.922249853610992432
-0.923294126987457275
-0.923057198524475098
-0.925413668155670166
-0.924127817153930664
-0.924200773239135742
-0.923488438129425049
-0.923378944396972656
-0.927032589912414551
-0.945598840713500977
-0.925465941429138184
-0.924545228481292725
-0.925758659839630127
-0.924820601940155029
-0.923609673976898193
-0.922624230384826660
-0.925903379917144775
-0.924723327159881592
-0.924441814422607422
-0.925510585308074951
-0.927799344062805176
-0.931296527385711670
-0.944883823394775391
-0.927070379257202148
-0.925020933151245117
-0.926001191139221191
-0.924070239067077637
-0.930534839630126953
-0.928597748279571533
-0.925264716148376465
-0.924643635749816895
-0.925672292709350586
-0.924265563488006592
-0.925313174724578857
-0.928611516952514648
-0.949077725410461426
-0.926454603672027588
-0.924713373184204102
-0.924930334091186523
-0.924553990364074707
-0.925318777561187744
-0.925160169601440430
-0.924452006816864014
-0.924740493297576904
-0.925067245960235596
-0.924295246601104736
-0.926010370254516602
-0.926620483398437500
-0.954394042491912842
-0.925611972808837891
-0.924748897552490234
-0.925299525260925293
-0.924605906009674072
-0.924067378044128418
-0.923282742500305176
-0.923858642578125000
-0.927934288978576660
-0.927479684352874756
-0.925448834896087646
-0.926453113555908203
-0.924866855144500732
-0.954074978828430176
-0.926397681236267090
-0.924703717231750488
-0.926271200180053711
-0.929841816425323486
-0.924088239669799805
-0.925237417221069336
-0.924652755260467529
-0.928346753120422363
-0.925020217895507812
-0.924997687339782715
-0.925545930862426758
-0.926209688186645508
0.618631362915039062
0.618734180927276611
0.619095683097839355
0.619227528572082520
0.619026839733123779
0.618977069854736328
0.619097113609313965
0.618771195411682129
0.619367837905883789
0.619782269001007080
0.619362771511077881
0.619129896163940430
0.618487715721130371
0.621570765972137451
0.622821211814880371
0.623003840446472168
0.623254954814910889
0.623549103736877441
0.623518764972686768
0.623713672161102295
0.623297035694122314
0.622795045375823975
0.623115062713623047
0.623343408107757568
0.622826635837554932
0.621755063533782959
0.620633602142333984
0.622640490531921387
0.622802913188934326
0.622602939605712891
0.622510015964508057
0.622588396072387695
0.623106658458709717
0.622647285461425781
0.622804284095764160
0.622985124588012695
0.622468948364257812
0.622394204139709473
0.621576011180877686
0.620774865150451660
0.622375011444091797
0.622448742389678955
0.622478723526000977
0.622795462608337402
0.622952699661254883
0.622922658920288086
0.622667610645294189
0.622578978538513184
0.622420907020568848
0.622871100902557373
0.622380375862121582
0.621688842773437500
0.621249973773956299
0.622494637966156006
0.623020052909851074
0.622533261775970459
0.622667312622070312
0.622263908386230469
0.622372090816497803
0.622593045234680176
0.622864365577697754
0.622599661350250244
0.622948884963989258
0.622778952121734619
0.622311174869537354
0.621555507183074951
0.622847735881805420
0.622560501098632812
0.622639417648315430
0.623121678829193115
0.623089790344238281
0.622866392135620117
0.622290611267089844
0.622800350189208984
0.623041987419128418
0.622559189796447754
0.622070968151092529
0.622730195522308350
0.620842337608337402
0.622555196285247803
0.621943175792694092
0.621854662895202637
0.621441245079040527
0.621976017951965332
0.621566474437713623
0.621529102325439453
0.622143626213073730
0.621903419494628906
0.622352123260498047
0.622470021247863770
0.621588766574859619
0.483658134937286377
0.483326762914657593
0.483327567577362061
0.483327984809875488
0.483327984809875488
0.483327955007553101
0.483327746391296387
0.483327716588973999
0.483327925205230713
0.483328074216842651
0.483327925205230713
0.483327597379684448
0.483326852321624756
0.483483433723449707
0.483017742633819580
0.483039140701293945
0.483039230108261108
0.483039349317550659
0.483039319515228271
0.483038753271102905
0.483038723468780518
0.483039230108261108
0.483039438724517822
0.483039200305938721
0.483038961887359619
0.483037263154983521
0.483502060174942017
0.483029007911682129
0.483039021492004395
0.483038693666458130
0.483038812875747681
0.483039140701293945
0.483038932085037231
0.483038574457168579
0.483038723468780518
0.483038932085037231
0.483038872480392456
0.483038514852523804
0.483037084341049194
0.483473032712936401
0.483008176088333130
0.483039230108261108
0.483039259910583496
0.483038514852523804
0.483038365840911865
0.483037024736404419
0.483038544654846191
0.483038723468780518
0.483038991689682007
0.483039140701293945
0.483038693666458130
0.483032763004302979
0.483470767736434937
0.482993990182876587
0.483038425445556641
0.483038961887359619
0.483038991689682007
0.483038872480392456
0.483038812875747681
0.483038634061813354
0.483038485050201416
0.483038693666458130
0.483038812875747681
0.483038514852523804
0.483018785715103149
0.483456552028656006
0.482986062765121460
0.483038783073425293
0.483038574457168579
0.483038395643234253
0.483038812875747681
0.483039051294326782
0.483039140701293945
0.483038842678070068
0.483038753271102905
0.483038961887359619
0.483038723468780518
0.483022868633270264
0.483447700738906860
0.482964545488357544
0.483038365840911865
0.483038336038589478
0.483032405376434326
0.483033835887908936
0.483038812875747681
0.483038991689682007
0.483038395643234253
0.483038425445556641
0.483036279678344727
0.483031123876571655
0.483027070760726929
1.075896859169006348
0.026061117649078369
0.125819742679595947
0.137339949607849121
0.194540232419967651
0.223630949854850769
0.094810932874679565
0.072017699480056763
0.339070111513137817
0.324352651834487915
0.100632905960083008
0.035024732351303101
0.107898056507110596
1.598638653755187988
0.046729803085327148
-0.010671883821487427
-0.015567004680633545
-0.049318701028823853
0.006986856460571289
-0.011604070663452148
0.106517761945724487
0.019466042518615723
0.047460317611694336
0.004438191652297974
-0.043569296598434448
-0.014151632785797119
1.190283179283142090
0.101410776376724243
0.058181941509246826
0.113430052995681763
0.072176754474639893
0.012175023555755615
-0.026004582643508911
0.145837724208831787
0.060993760824203491
0.062154740095138550
0.099323987960815430
0.209963545203208923
0.218092158436775208
1.141006588935852051
0.168395191431045532
0.066595315933227539
0.119092941284179688
0.038758218288421631
0.439852029085159302
0.310624659061431885
0.085029065608978271
0.053634136915206909
0.107631623744964600
0.052612632513046265
0.056914746761322021
-0.008202672004699707
1.452731251716613770
0.158507227897644043
0.067763149738311768
0.067242473363876343
0.049785077571868896
0.091583102941513062
0.082958579063415527
0.044485479593276978
0.076993018388748169
0.084457129240036011
0.055293381214141846
0.117218285799026489
-0.043739914894104004
1.817311286926269531
0.129818409681320190
0.057129889726638794
0.096357345581054688
0.066186726093292236
0.044339299201965332
-0.003165423870086670
0.007063388824462891
0.280879825353622437
0.262478530406951904
0.096615731716156006
0.115205258131027222
-0.067710340023040771
1.721275687217712402
0.119556903839111328
-0.024396061897277832
0.079857289791107178
0.256059288978576660
-0.055251538753509521
-0.009345591068267822
-0.044248998165130615
0.249063387513160706
0.010601669549942017
0.016211271286010742
0.063989490270614624
-0.067978560924530029
0.010578334331512451
0.010626077651977539
0.010627537965774536
0.010626703500747681
0.010625720024108887
0.010625109076499939
0.010624915361404419
0.010626330971717834
0.010626822710037231
0.010627076029777527
0.010626897215843201
0.010627537965774536
0.010627090930938721
0.010533973574638367
0.010577619075775146
0.010578170418739319
0.010578706860542297
0.010578185319900513
0.010576456785202026
0.010575890541076660
0.010575965046882629
0.010577678680419922
0.010577693581581116
0.010578125715255737
0.010577246546745300
0.010577917098999023
0.010531663894653320
0.010576531291007996
0.010576501488685608
0.010577037930488586
0.010578125715255737
0.010575205087661743
0.010574862360954285
0.010575830936431885
0.010576546192169189
0.010576099157333374
0.010576292872428894
0.010577633976936340
0.010574296116828918
0.010533019900321960
0.010576635599136353
0.010575115680694580
0.010575562715530396
0.010575741529464722
0.010578215122222900
0.010576397180557251
0.010576799511909485
0.010576322674751282
0.010577216744422913
0.010576978325843811
0.010578244924545288
0.010575056076049805
0.010532230138778687
0.010578423738479614
0.010575383901596069
0.010576501488685608
0.010575950145721436
0.010576575994491577
0.010576561093330383
0.010577678680419922
0.010576143860816956
0.010576620697975159
0.010576933622360229
0.010577708482742310
0.010575577616691589
0.010532274842262268
0.010577544569969177
0.010576501488685608
0.010576650500297546
0.010576844215393066
0.010577067732810974
0.010577350854873657
0.010577142238616943
0.010576501488685608
0.010575577616691589
0.010576367378234863
0.010578513145446777
0.010576680302619934
0.010532736778259277
0.010577142238616943
0.010576948523521423
0.010576620697975159
0.010576486587524414
0.010575845837593079
0.010576903820037842
0.010577037930488586
0.010576710104942322
0.010575309395790100
0.010576248168945312
0.010576531291007996
0.010576963424682617
2.293756246566772461
2.293735742568969727
2.293735742568969727
2.293735742568969727
2.293735742568969727
2.293735742568969727
2.293735742568969727
2.293735742568969727
2.293735742568969727
2.293735742568969727
2.293735742568969727
2.293735742568969727
2.293735742568969727
2.293759107589721680
2.293735027313232422
2.293735504150390625
2.293735504150390625
2.293735504150390625
2.293735504150390625
2.293735504150390625
2.293735504150390625
2.293735504150390625
2.293735504150390625
2.293735504150390625
2.293735504150390625
2.293735504150390625
2.293759346008300781
2.293735265731811523
2.293735504150390625
2.293735504150390625
2.293735504150390625
2.293735504150390625
2.293735504150390625
2.293735504150390625
2.293735504150390625
2.293735504150390625
2.293735504150390625
2.293735504150390625
2.293735504150390625
2.293758630752563477
2.293734788894653320
2.293735504150390625
2.293735504150390625
2.293735504150390625
2.293735504150390625
2.293735504150390625
2.293735504150390625
2.293735504150390625
2.293735504150390625
2.293735504150390625
2.293735504150390625
2.293735265731811523
2.293758630752563477
2.293734312057495117
2.293735504150390625
2.293735504150390625
2.293735504150390625
2.293735504150390625
2.293735504150390625
2.293735504150390625
2.293735504150390625
2.293735504150390625
2.293735504150390625
2.293735504150390625
2.293735027313232422
2.293758392333984375
2.293734312057495117
2.293735504150390625
2.293735504150390625
2.293735504150390625
2.293735504150390625
2.293735504150390625
2.293735504150390625
2.293735504150390625
2.293735504150390625
2.293735504150390625
2.293735504150390625
2.293735027313232422
2.293758153915405273
2.293733596801757812
2.293735504150390625
2.293735504150390625
2.293735265731811523
2.293735265731811523
2.293735504150390625
2.293735504150390625
2.293735504150390625
2.293735504150390625
2.293735504150390625
2.293735265731811523
2.293735265731811523
0.898786783218383789
0.898702979087829590
0.898700535297393799
0.898680269718170166
0.898670196533203125
0.898691058158874512
0.898709237575531006
0.898701906204223633
0.898708283901214600
0.898704111576080322
0.898697972297668457
0.898691952228546143
0.898667395114898682
0.898839533329010010
0.898736298084259033
0.898706138134002686
0.898687601089477539
0.898679077625274658
0.898679435253143311
0.898681938648223877
0.898696839809417725
0.898686647415161133
0.898688614368438721
0.898694753646850586
0.898678898811340332
0.898631274700164795
0.898808598518371582
0.898743450641632080
0.898705124855041504
0.898700594902038574
0.898700594902038574
0.898682355880737305
0.898674130439758301
0.898686349391937256
0.898686945438385010
0.898687779903411865
0.898690402507781982
0.898686528205871582
0.898647367954254150
0.898804187774658203
0.898750603199005127
0.898694217205047607
0.898667216300964355
0.898681282997131348
0.898714721202850342
0.898704886436462402
0.898690342903137207
0.898688137531280518
0.898685932159423828
0.898685634136199951
0.898681044578552246
0.898646235466003418
0.898823857307434082
0.898741781711578369
0.898709475994110107
0.898687660694122314
0.898681104183197021
0.898681938648223877
0.898686170578002930
0.898686707019805908
0.898692071437835693
0.898686885833740234
0.898687064647674561
0.898688375949859619
0.898646354675292969
0.898856461048126221
0.898747324943542480
0.898707568645477295
0.898688554763793945
0.898692369461059570
0.898683905601501465
0.898676812648773193
0.898685216903686523
0.898714423179626465
0.898708045482635498
0.898694336414337158
0.898685097694396973
0.898644924163818359
0.898837924003601074
0.898756206035614014
0.898711025714874268
0.898682594299316406
0.898700535297393799
0.898704826831817627
0.898692071437835693
0.898653626441955566
0.898684561252593994
0.898702085018157959
0.898705601692199707
0.898700952529907227
0.898665726184844971
1.321920514106750488
1.321252942085266113
1.321182847023010254
1.321093678474426270
1.321038603782653809
1.321135520935058594
1.321240067481994629
1.321229100227355957
1.321151971817016602
1.321131467819213867
1.321192741394042969
1.321123600006103516
1.321041345596313477
1.322440862655639648
1.321845769882202148
1.321689009666442871
1.321608901023864746
1.321564555168151855
1.321568250656127930
1.321578860282897949
1.321605920791625977
1.321599364280700684
1.321577668190002441
1.321626305580139160
1.321474075317382812
1.321444272994995117
1.322455644607543945
1.321840882301330566
1.321679353713989258
1.321629166603088379
1.321626663208007812
1.321580648422241211
1.321552515029907227
1.321560144424438477
1.321583628654479980
1.321575284004211426
1.321597337722778320
1.321421504020690918
1.321488618850708008
1.322459936141967773
1.321871757507324219
1.321619153022766113
1.321482658386230469
1.321556448936462402
1.321563601493835449
1.321592688560485840
1.321588158607482910
1.321583390235900879
1.321560025215148926
1.321592330932617188
1.321452617645263672
1.321504712104797363
1.322439193725585938
1.321846842765808105
1.321692585945129395
1.321589112281799316
1.321552872657775879
1.321547746658325195
1.321580767631530762
1.321586847305297852
1.321598410606384277
1.321569919586181641
1.321586728096008301
1.321453809738159180
1.321536183357238770
1.322480678558349609
1.321884155273437500
1.321695804595947266
1.321587204933166504
1.321598649024963379
1.321580410003662109
1.321540594100952148
1.321608424186706543
1.321635484695434570
1.321614623069763184
1.321611046791076660
1.321442365646362305
1.321508646011352539
1.322438597679138184
1.321944355964660645
1.321741342544555664
1.321571350097656250
1.321613550186157227
1.321719646453857422
1.321623325347900391
1.321507453918457031
1.321519494056701660
1.321705579757690430
1.321712255477905273
1.321578383445739746
1.321582913398742676
0.410425335168838501
0.199666202068328857
-0.071694910526275635
-0.203784346580505371
-0.304466307163238525
-0.366885125637054443
-0.103729903697967529
0.037158221006393433
-0.264968335628509521
-0.473719716072082520
-0.193643212318420410
-0.116717398166656494
0.667841136455535889
0.768692135810852051
0.913341224193572998
0.706124067306518555
0.729396224021911621
0.773389697074890137
0.816928982734680176
0.990889906883239746
0.981968522071838379
0.782412588596343994
0.735849797725677490
0.861252605915069580
0.806914269924163818
1.552403330802917480
0.921266198158264160
0.850491166114807129
0.779246926307678223
0.865884542465209961
0.638841927051544189
0.538728415966033936
0.623327374458312988
0.624165117740631104
0.894607305526733398
0.800891995429992676
0.756159663200378418
0.619369268417358398
1.437327861785888672
1.074683666229248047
1.005360007286071777
0.800395607948303223
0.885343790054321289
0.670084595680236816
0.672518193721771240
0.788219571113586426
0.897885203361511230
0.769597291946411133
0.763931751251220703
0.697387397289276123
0.762899458408355713
1.729345202445983887
0.704862117767333984
0.763562321662902832
0.948153376579284668
0.777711391448974609
0.804001510143280029
0.602405369281768799
0.655726909637451172
0.754611194133758545
0.756893694400787354
0.721074819564819336
0.741273224353790283
0.793089807033538818
1.595752120018005371
0.402863830327987671
0.739576458930969238
0.784182310104370117
0.768033027648925781
0.952548384666442871
0.795255959033966064
0.656733691692352295
0.578113079071044922
0.581816971302032471
0.629370272159576416
0.808901309967041016
0.664838135242462158
1.375834703445434570
0.379514932632446289
0.633403420448303223
0.718205749988555908
0.559320807456970215
0.711057245731353760
0.724879026412963867
0.741011202335357666
0.663611471652984619
0.241072416305541992
0.538512349128723145
0.744233846664428711
0.711824417114257812
1.170971512794494629
0.826895236968994141
0.826709985733032227
0.826574385166168213
0.826566100120544434
0.826576709747314453
0.826657831668853760
0.826597869396209717
0.826658725738525391
0.826615571975708008
0.826597809791564941
0.826679289340972900
0.826267242431640625
0.826611042022705078
0.827032625675201416
0.826611042022705078
0.826454281806945801
0.826444387435913086
0.826347291469573975
0.826415359973907471
0.826410651206970215
0.826390027999877930
0.826418697834014893
0.826392054557800293
0.826441407203674316
0.825832307338714600
0.826857507228851318
0.827064692974090576
0.826476812362670898
0.826511979103088379
0.826460242271423340
0.826334536075592041
0.826323211193084717
0.826339125633239746
0.826353371143341064
0.826378464698791504
0.826354503631591797
0.826431393623352051
0.825790643692016602
0.827094912528991699
0.827058494091033936
0.826536953449249268
0.826374173164367676
0.826421737670898438
0.826331973075866699
0.826290309429168701
0.826427996158599854
0.826380491256713867
0.826334357261657715
0.826351463794708252
0.826483726501464844
0.825808703899383545
0.826874196529388428
0.827045202255249023
0.826549351215362549
0.826428413391113281
0.826384782791137695
0.826343595981597900
0.826336920261383057
0.826403439044952393
0.826396524906158447
0.826364636421203613
0.826336920261383057
0.826439619064331055
0.825796127319335938
0.826953828334808350
0.827116250991821289
0.826580286026000977
0.826455533504486084
0.826424598693847656
0.826388776302337646
0.826424419879913330
0.826319813728332520
0.826469898223876953
0.826408028602600098
0.826406955718994141
0.826441287994384766
0.825758159160614014
0.826790213584899902
0.827092826366424561
0.826645851135253906
0.826471269130706787
0.826418697834014893
0.826486229896545410
0.826453626155853271
0.826321899890899658
0.826516151428222656
0.826376736164093018
0.826529562473297119
0.826554894447326660
0.826017558574676514
0.826640367507934570
1.058504223823547363
0.716181278228759766
0.863259136676788330
0.915258288383483887
0.960051059722900391
0.991914331912994385
0.859515488147735596
0.786026716232299805
1.018818378448486328
1.103709936141967773
0.903948605060577393
0.850703895092010498
0.523701190948486328
1.292783975601196289
0.687663674354553223
0.744718968868255615
0.746151268482208252
0.731471240520477295
0.736524105072021484
0.680131435394287109
0.708296597003936768
0.720449507236480713
0.762049794197082520
0.712644219398498535
0.671033859252929688
0.336670815944671631
1.056685566902160645
0.735339879989624023
0.748106002807617188
0.732041835784912109
0.787454962730407715
0.801142752170562744
0.781223654747009277
0.826163113117218018
0.712001800537109375
0.751342236995697021
0.755983114242553711
0.806251943111419678
0.435257703065872192
0.991384804248809814
0.695922970771789551
0.728978335857391357
0.722048282623291016
0.775851607322692871
0.936991035938262939
0.848072350025177002
0.713454365730285645
0.739744663238525391
0.755693256855010986
0.776495099067687988
0.708455145359039307
0.216305315494537354
1.253946065902709961
0.776925742626190186
0.706321358680725098
0.740188598632812500
0.730583190917968750
0.796193957328796387
0.779919683933258057
0.742558419704437256
0.766033113002777100
0.768502771854400635
0.766420781612396240
0.737736105918884277
0.307365775108337402
1.507085561752319336
0.789559364318847656
0.735467910766601562
0.759506464004516602
0.708439469337463379
0.750086128711700439
0.767772555351257324
0.773883461952209473
0.899005293846130371
0.886553049087524414
0.741964817047119141
0.747835040092468262
0.422933876514434814
1.412573933601379395
0.763653039932250977
0.655758202075958252
0.745113372802734375
0.741319358348846436
0.647290050983428955
0.641719400882720947
0.650199770927429199
0.928094208240509033
0.729565978050231934
0.683158099651336670
0.718603551387786865
0.409019291400909424
-0.021448748186230659
-0.021974155679345131
-0.021987257525324821
-0.021998325362801552
-0.022000303491950035
-0.022002739831805229
-0.021995717659592628
-0.021985659375786781
-0.021986337378621101
-0.022003406658768654
-0.021997073665261269
-0.021998995915055275
-0.021936418488621712
-0.021181317046284676
-0.021751647815108299
-0.021767342463135719
-0.021768992766737938
-0.021772144362330437
-0.021769637241959572
-0.021759239956736565
-0.021749248728156090
-0.021763442084193230
-0.021758297458291054
-0.021757008507847786
-0.021767256781458855
-0.021708125248551369
-0.021197887137532234
-0.021754844114184380
-0.021756542846560478
-0.021741392090916634
-0.021762454882264137
-0.021782813593745232
-0.021782131865620613
-0.021768355742096901
-0.021752854809165001
-0.021756989881396294
-0.021755455061793327
-0.021757831797003746
-0.021703569218516350
-0.021189102903008461
-0.021735986694693565
-0.021757880225777626
-0.021740661934018135
-0.021767834201455116
-0.021741392090916634
-0.021744748577475548
-0.021747360005974770
-0.021758431568741798
-0.021752925589680672
-0.021762264892458916
-0.021759355440735817
-0.021703077480196953
-0.021194444969296455
-0.021753596141934395
-0.021755730733275414
-0.021758267655968666
-0.021755723282694817
-0.021763345226645470
-0.021762253716588020
-0.021757317706942558
-0.021761598065495491
-0.021760476753115654
-0.021758584305644035
-0.021753685548901558
-0.021714327856898308
-0.021190354600548744
-0.021758390590548515
-0.021762831136584282
-0.021755797788500786
-0.021748134866356850
-0.021762149408459663
-0.021767767146229744
-0.021768482401967049
-0.021756986156105995
-0.021758912131190300
-0.021749986335635185
-0.021757809445261955
-0.021731568500399590
-0.021198751404881477
-0.021767338737845421
-0.021774021908640862
-0.021770799532532692
-0.021747199818491936
-0.021772524341940880
-0.021762115880846977
-0.021769406273961067
-0.021783819422125816
-0.021783171221613884
-0.021768512204289436
-0.021766742691397667
-0.021744808182120323
-0.134421408176422119
-0.134226232767105103
-0.134226858615875244
-0.134215444326400757
-0.134220197796821594
-0.134216263890266418
-0.134200900793075562
-0.134207710623741150
-0.134231343865394592
-0.134230300784111023
-0.134237259626388550
-0.134209781885147095
-0.134245902299880981
-0.134311765432357788
-0.133954524993896484
-0.133990570902824402
-0.133977532386779785
-0.133958667516708374
-0.133929088711738586
-0.133928820490837097
-0.133935734629631042
-0.133964508771896362
-0.134012907743453979
-0.133988022804260254
-0.133966565132141113
-0.134003654122352600
-0.134305775165557861
-0.133932948112487793
-0.133986935019493103
-0.134016066789627075
-0.134000286459922791
-0.133943498134613037
-0.133937507867813110
-0.133938640356063843
-0.133956596255302429
-0.133976221084594727
-0.133979991078376770
-0.133992210030555725
-0.133987247943878174
-0.134302094578742981
-0.133937194943428040
-0.133957803249359131
-0.134009808301925659
-0.133973360061645508
-0.133962810039520264
-0.133945584297180176
-0.133977219462394714
-0.133976951241493225
-0.133987918496131897
-0.133992254734039307
-0.133981108665466309
-0.133978396654129028
-0.134303614497184753
-0.133933514356613159
-0.133912846446037292
-0.133967220783233643
-0.133983045816421509
-0.133998468518257141
-0.133986979722976685
-0.133995234966278076
-0.133956611156463623
-0.133972406387329102
-0.133996039628982544
-0.133985251188278198
-0.133971095085144043
-0.134300023317337036
-0.133928507566452026
-0.133938446640968323
-0.133976504206657410
-0.133964717388153076
-0.133956193923950195
-0.134000942111015320
-0.134014680981636047
-0.133972212672233582
-0.133951917290687561
-0.133993968367576599
-0.134004175662994385
-0.133964583277702332
-0.134298250079154968
-0.133927553892135620
-0.133941978216171265
-0.133988291025161743
-0.133980631828308105
-0.133958697319030762
-0.133993610739707947
-0.134000986814498901
-0.133978784084320068
-0.133947402238845825
-0.133953452110290527
-0.133956819772720337
-0.133965700864791870
