-0.011132154613733292
-0.011133203282952309
-0.011133193969726562
-0.011133187450468540
-0.011133191175758839
-0.011133197695016861
-0.011133202351629734
-0.011133193969726562
-0.011133194901049137
-0.011133189313113689
-0.011133203282952309
-0.011133190244436264
-0.011133156716823578
-0.011131134815514088
-0.011132319457828999
-0.011132284067571163
-0.011132286861538887
-0.011132288724184036
-0.011132288724184036
-0.011132296174764633
-0.011132284067571163
-0.011132282204926014
-0.011132278479635715
-0.011132291518151760
-0.011132268235087395
-0.011132218874990940
-0.011131124570965767
-0.011132301762700081
-0.011132262647151947
-0.011132271960377693
-0.011132280342280865
-0.011132278479635715
-0.011132271960377693
-0.011132271960377693
-0.011132271029055119
-0.011132271960377693
-0.011132266372442245
-0.011132253333926201
-0.011132206767797470
-0.011131130158901215
-0.011132299900054932
-0.011132254265248775
-0.011132263578474522
-0.011132284998893738
-0.011132273823022842
-0.011132276616990566
-0.011132279410958290
-0.011132273823022842
-0.011132270097732544
-0.011132268235087395
-0.011132250539958477
-0.011132216081023216
-0.011131112463772297
-0.011132301762700081
-0.011132274754345417
-0.011132271029055119
-0.011132278479635715
-0.011132268235087395
-0.011132268235087395
-0.011132278479635715
-0.011132274754345417
-0.011132267303764820
-0.011132261715829372
-0.011132257990539074
-0.011132215149700642
-0.011131109669804573
-0.011132319457828999
-0.011132270097732544
-0.011132271960377693
-0.011132276616990566
-0.011132267303764820
-0.011132265441119671
-0.011132271029055119
-0.011132282204926014
-0.011132275685667992
-0.011132270097732544
-0.011132263578474522
-0.011132223531603813
-0.011131104081869125
-0.011132312007248402
-0.011132274754345417
-0.011132271960377693
-0.011132284998893738
-0.011132283136248589
-0.011132263578474522
-0.011132255196571350
-0.011132280342280865
-0.011132287792861462
-0.011132283136248589
-0.011132268235087395
-0.011132241226732731
0.760060191154479980
0.756829679012298584
0.639225184917449951
0.498759508132934570
0.450333952903747559
0.527314066886901855
0.668300390243530273
0.586205005645751953
0.578033387660980225
0.501545846462249756
0.606710135936737061
0.683190941810607910
0.125395596027374268
0.625834047794342041
0.576374053955078125
0.347790747880935669
0.257497400045394897
0.236242681741714478
0.140684217214584351
0.179460227489471436
0.271380871534347534
0.202827244997024536
0.168798565864562988
0.294574022293090820
0.237231582403182983
-0.005430812016129494
0.742541432380676270
0.774504005908966064
0.365829944610595703
0.352322369813919067
0.433724343776702881
0.375305294990539551
0.350307881832122803
0.404954969882965088
0.363585442304611206
0.350483834743499756
0.359078586101531982
0.141315400600433350
-0.005987365730106831
0.780983626842498779
0.843715369701385498
0.346831381320953369
0.188698530197143555
0.270079642534255981
0.343173444271087646
0.372849851846694946
0.372071444988250732
0.371308147907257080
0.321363836526870728
0.338896989822387695
0.253925561904907227
-0.006452044472098351
0.798509538173675537
0.908709228038787842
0.520258724689483643
0.302382141351699829
0.263736009597778320
0.295645684003829956
0.364567339420318604
0.415312528610229492
0.395307034254074097
0.359635829925537109
0.325578451156616211
0.248313903808593750
-0.004641852807253599
0.862502813339233398
0.925780773162841797
0.501173734664916992
0.397871226072311401
0.446685075759887695
0.367057442665100098
0.266471713781356812
0.330678999423980713
0.398461401462554932
0.385757565498352051
0.380591094493865967
0.282028168439865112
-0.003098210552707314
0.865268707275390625
0.924453616142272949
0.523390054702758789
0.278112292289733887
0.477005571126937866
0.533382356166839600
0.439613580703735352
0.238994717597961426
0.331978172063827515
0.483956694602966309
0.607325673103332520
0.555117249488830566
0.107171148061752319
-0.012398588471114635
-0.009517434984445572
-0.006906741298735142
-0.004143449943512678
-0.003463309956714511
-0.004749845247715712
-0.006777363829314709
-0.005073967389762402
-0.005576598457992077
-0.004331796430051327
-0.005765589419752359
-0.006707279011607170
0.403497934341430664
-0.005863929167389870
0.293979525566101074
0.913859963417053223
1.064243555068969727
1.097334384918212891
1.172714471817016602
1.035084962844848633
0.950871288776397705
1.074478149414062500
1.163778305053710938
0.946523308753967285
1.208484649658203125
2.718677043914794922
-0.007855950854718685
0.073475047945976257
0.956149399280548096
0.864257156848907471
0.799481809139251709
0.957198381423950195
0.954035937786102295
0.851654291152954102
0.867499887943267822
0.946450710296630859
0.883837759494781494
1.371872186660766602
2.915872097015380859
-0.008331611752510071
-0.000444845325546339
1.027875661849975586
1.156632661819458008
1.052744150161743164
0.932352960109710693
0.806311786174774170
0.816664814949035645
0.887146413326263428
0.987056374549865723
0.943611443042755127
1.209817647933959961
3.007441759109497070
-0.008968626148998737
-0.002030074363574386
0.665465414524078369
0.956843018531799316
1.086963653564453125
1.060564041137695312
0.897379636764526367
0.819319427013397217
0.849563479423522949
0.937832295894622803
0.920387864112854004
1.168671607971191406
2.602928161621093750
-0.009839256294071674
-0.002104468410834670
0.723899304866790771
0.859764873981475830
0.746728539466857910
0.889465868473052979
1.026201248168945312
0.993319451808929443
0.804137945175170898
0.876159608364105225
0.861350834369659424
1.109678506851196289
2.275694847106933594
-0.008922436274588108
-0.001874606474302709
0.743723213672637939
1.096694469451904297
0.724936485290527344
0.671928346157073975
0.956964254379272461
1.208775997161865234
1.002938032150268555
0.894971072673797607
0.590076982975006104
0.681510448455810547
1.761115789413452148
0.404369801282882690
0.404369056224822998
0.404369056224822998
0.404369056224822998
0.404369056224822998
0.404369056224822998
0.404369056224822998
0.404369056224822998
0.404369056224822998
0.404369056224822998
0.404369056224822998
0.404369056224822998
0.404369056224822998
0.404368042945861816
0.404366999864578247
0.404366999864578247
0.404366999864578247
0.404366999864578247
0.404366999864578247
0.404366999864578247
0.404366999864578247
0.404366999864578247
0.404366999864578247
0.404366999864578247
0.404366999864578247
0.404366999864578247
0.404368042945861816
0.404366999864578247
0.404366999864578247
0.404366999864578247
0.404366999864578247
0.404366999864578247
0.404366999864578247
0.404366999864578247
0.404366999864578247
0.404366999864578247
0.404366999864578247
0.404366999864578247
0.404367029666900635
0.404368042945861816
0.404366999864578247
0.404366999864578247
0.404366999864578247
0.404366999864578247
0.404366999864578247
0.404366999864578247
0.404366999864578247
0.404366999864578247
0.404366999864578247
0.404366999864578247
0.404366999864578247
0.404366999864578247
0.404368042945861816
0.404366999864578247
0.404366999864578247
0.404366999864578247
0.404366999864578247
0.404366999864578247
0.404366999864578247
0.404366999864578247
0.404366999864578247
0.404366999864578247
0.404366999864578247
0.404366999864578247
0.404366999864578247
0.404368042945861816
0.404366999864578247
0.404366999864578247
0.404366999864578247
0.404366999864578247
0.404366999864578247
0.404366999864578247
0.404366999864578247
0.404366999864578247
0.404366999864578247
0.404366999864578247
0.404366999864578247
0.404366999864578247
0.404368042945861816
0.404366999864578247
0.404366999864578247
0.404366999864578247
0.404366999864578247
0.404366999864578247
0.404366999864578247
0.404366999864578247
0.404366999864578247
0.404366999864578247
0.404366999864578247
0.404366999864578247
0.404366999864578247
0.272101670503616333
0.565944671630859375
0.298222094774246216
0.115148693323135376
0.031475745141506195
0.091487601399421692
0.320382118225097656
0.199990391731262207
0.223270386457443237
0.103689968585968018
0.197233468294143677
0.397198110818862915
-0.003886981168761849
-0.004371437709778547
0.273580908775329590
-0.002919937949627638
-0.004322171211242676
-0.004283131565898657
-0.006195315159857273
-0.005432465113699436
-0.004232625942677259
-0.005232949741184711
-0.005756191909313202
-0.004249406978487968
-0.002896644175052643
-0.016889004036784172
-0.003334475681185722
0.514627337455749512
-0.003076404333114624
-0.003236175514757633
-0.001789582427591085
-0.003326999256387353
-0.003644947661086917
-0.002691985573619604
-0.003295371541753411
-0.003524706698954105
-0.003540346166118979
-0.004020044114440680
-0.018811643123626709
-0.002727732062339783
0.573824048042297363
-0.002833621343597770
-0.006139489356428385
-0.003931819926947355
-0.003556289244443178
-0.002904863329604268
-0.002797166118398309
-0.003037177957594395
-0.004279616754502058
-0.003974712453782558
-0.002432906767353415
-0.017561882734298706
-0.001673111109994352
0.653872847557067871
-0.000231703670579009
-0.004120314959436655
-0.004632431082427502
-0.004385879728943110
-0.003259766381233931
-0.002403327729552984
-0.002482413779944181
-0.003028768813237548
-0.003877972485497594
-0.002872988814488053
-0.015522496774792671
-0.001281483797356486
0.736595511436462402
-0.000635723408777267
-0.002710220171138644
-0.001677296124398708
-0.002543512266129255
-0.004118556622415781
-0.003979212138801813
-0.002806757343932986
-0.002482617506757379
-0.003149639815092087
-0.002648619469255209
-0.013559013605117798
0.068210944533348083
0.823615074157714844
0.005169525742530823
-0.003748771501705050
-0.000791665283031762
-0.000012244358003954
-0.001563395839184523
-0.004294478334486485
-0.002684083767235279
-0.001614016247913241
0.117336541414260864
0.171204090118408203
-0.005898542236536741
0.261082261800765991
0.261494696140289307
0.261521220207214355
0.261557966470718384
0.261544376611709595
0.261518299579620361
0.261499673128128052
0.261544197797775269
0.261522203683853149
0.261528134346008301
0.261485397815704346
0.261495113372802734
0.261817842721939087
0.262555509805679321
0.262957155704498291
0.263016998767852783
0.263033866882324219
0.263040125370025635
0.263076335191726685
0.263079524040222168
0.263052910566329956
0.263065844774246216
0.263054668903350830
0.262998640537261963
0.263046085834503174
0.263604640960693359
0.262486547231674194
0.262934386730194092
0.263035744428634644
0.263005763292312622
0.262995123863220215
0.263033092021942139
0.263049960136413574
0.263020247220993042
0.263028115034103394
0.263047993183135986
0.263035386800765991
0.263146311044692993
0.263613015413284302
0.262497335672378540
0.262979745864868164
0.263092130422592163
0.263088583946228027
0.263039588928222656
0.263053953647613525
0.263056337833404541
0.263020724058151245
0.263024866580963135
0.263060867786407471
0.263018667697906494
0.263082116842269897
0.263554990291595459
0.262528210878372192
0.262967973947525024
0.263023555278778076
0.263071805238723755
0.263066679239273071
0.263060659170150757
0.263053864240646362
0.263051122426986694
0.263019114732742310
0.263034582138061523
0.263036102056503296
0.263081401586532593
0.263555884361267090
0.262502163648605347
0.262898087501525879
0.263002723455429077
0.263043075799942017
0.263087838888168335
0.263052165508270264
0.263026148080825806
0.263033449649810791
0.263025373220443726
0.263044923543930054
0.262992829084396362
0.263047397136688232
0.263511449098587036
0.262521028518676758
0.262851417064666748
0.262919872999191284
0.263011515140533447
0.262963473796844482
0.262909531593322754
0.262968808412551880
0.263039082288742065
0.262967139482498169
0.262941896915435791
0.262891352176666260
0.262949466705322266
0.263309538364410400
0.547632694244384766
0.791269898414611816
0.777044177055358887
0.793886899948120117
0.773766815662384033
0.731787383556365967
0.723070979118347168
0.769615292549133301
0.763347566127777100
0.806706190109252930
0.741212487220764160
0.759510040283203125
1.128798842430114746
-0.004353702999651432
-0.003968984819948673
-0.003592557739466429
-0.003353697014972568
-0.003456102451309562
-0.004010636825114489
-0.004344812594354153
-0.003948969766497612
-0.003621530486270785
-0.003618336748331785
-0.003980457782745361
-0.002165453275665641
0.320014864206314087
-0.005388601683080196
-0.005079362075775862
-0.003708900185301900
-0.004020385444164276
-0.004366566892713308
-0.004701460711658001
-0.004598702304065228
-0.004273531492799520
-0.003951735328882933
-0.004144777078181505
-0.004290703218430281
-0.002065644133836031
0.390862733125686646
-0.005137945525348186
-0.005238206125795841
-0.003618855495005846
-0.004273678176105022
-0.004817326087504625
-0.004256224725395441
-0.004331433679908514
-0.004415678791701794
-0.004422903992235661
-0.004176632035523653
-0.004278730135411024
-0.002440704032778740
0.509677529335021973
-0.004732351284474134
-0.005095229018479586
-0.004032156430184841
-0.003981685731559992
-0.004325845278799534
-0.004082962404936552
-0.004142827820032835
-0.004354870412498713
-0.004329564515501261
-0.003995689097791910
-0.003879803232848644
-0.002623608103021979
0.395797222852706909
-0.004952031187713146
-0.004919150844216347
-0.003692628117278218
-0.004049191251397133
-0.004068938549607992
-0.003646900644525886
-0.003639030270278454
-0.004154243506491184
-0.004543274641036987
-0.004159818869084120
-0.004388881847262383
-0.002626285422593355
0.207942724227905273
-0.003702563000842929
-0.003026252845302224
-0.002833701204508543
-0.002573814243078232
-0.003505675820633769
-0.003158163977786899
-0.002838491229340434
-0.002229266101494431
-0.003483703127130866
-0.003809954971075058
-0.003240650752559304
-0.002119649667292833
0.330539256334304810
0.886103034019470215
0.886102557182312012
0.886102557182312012
0.886102557182312012
0.886102557182312012
0.886102557182312012
0.886102557182312012
0.886102557182312012
0.886102557182312012
0.886102557182312012
0.886102557182312012
0.886102557182312012
0.886102557182312012
0.886102378368377686
0.886101722717285156
0.886101722717285156
0.886101722717285156
0.886101722717285156
0.886101722717285156
0.886101722717285156
0.886101722717285156
0.886101722717285156
0.886101722717285156
0.886101722717285156
0.886101722717285156
0.886101722717285156
0.886102378368377686
0.886101722717285156
0.886101722717285156
0.886101722717285156
0.886101722717285156
0.886101722717285156
0.886101722717285156
0.886101722717285156
0.886101722717285156
0.886101722717285156
0.886101722717285156
0.886101722717285156
0.886101722717285156
0.886102378368377686
0.886101722717285156
0.886101722717285156
0.886101722717285156
0.886101722717285156
0.886101722717285156
0.886101722717285156
0.886101722717285156
0.886101722717285156
0.886101722717285156
0.886101722717285156
0.886101722717285156
0.886101722717285156
0.886102378368377686
0.886101722717285156
0.886101722717285156
0.886101722717285156
0.886101722717285156
0.886101722717285156
0.886101722717285156
0.886101722717285156
0.886101722717285156
0.886101722717285156
0.886101722717285156
0.886101722717285156
0.886101722717285156
0.886102378368377686
0.886101722717285156
0.886101722717285156
0.886101722717285156
0.886101722717285156
0.886101722717285156
0.886101722717285156
0.886101722717285156
0.886101722717285156
0.886101722717285156
0.886101722717285156
0.886101722717285156
0.886101722717285156
0.886102378368377686
0.886101722717285156
0.886101722717285156
0.886101722717285156
0.886101722717285156
0.886101722717285156
0.886101722717285156
0.886101722717285156
0.886101722717285156
0.886101722717285156
0.886101722717285156
0.886101722717285156
0.886101722717285156
-0.008924691006541252
-0.008924691006541252
-0.008924691006541252
-0.008924691006541252
-0.008924691006541252
-0.008924691006541252
-0.008924691006541252
-0.008924691006541252
-0.008924691006541252
-0.008924691006541252
-0.008924691006541252
-0.008924691006541252
-0.008924691006541252
-0.008924691006541252
-0.008924691006541252
-0.008924691006541252
-0.008924691006541252
-0.008924691006541252
-0.008924691006541252
-0.008924691006541252
-0.008924691006541252
-0.008924691006541252
-0.008924691006541252
-0.008924691006541252
-0.008924691006541252
-0.008924691006541252
-0.008924691006541252
-0.008924691006541252
-0.008924691006541252
-0.008924691006541252
-0.008924691006541252
-0.008924691006541252
-0.008924691006541252
-0.008924691006541252
-0.008924691006541252
-0.008924691006541252
-0.008924691006541252
-0.008924691006541252
-0.008924691006541252
-0.008924691006541252
-0.008924691006541252
-0.008924691006541252
-0.008924691006541252
-0.008924691006541252
-0.008924691006541252
-0.008924691006541252
-0.008924691006541252
-0.008924691006541252
-0.008924691006541252
-0.008924691006541252
-0.008924691006541252
-0.008924691006541252
-0.008924691006541252
-0.008924691006541252
-0.008924691006541252
-0.008924691006541252
-0.008924691006541252
-0.008924691006541252
-0.008924691006541252
-0.008924691006541252
-0.008924691006541252
-0.008924691006541252
-0.008924691006541252
-0.008924691006541252
-0.008924691006541252
-0.008924691006541252
-0.008924691006541252
-0.008924691006541252
-0.008924691006541252
-0.008924691006541252
-0.008924691006541252
-0.008924691006541252
-0.008924691006541252
-0.008924691006541252
-0.008924691006541252
-0.008924691006541252
-0.008924691006541252
-0.008924691006541252
-0.008924691006541252
-0.008924691006541252
-0.008924691006541252
-0.008924691006541252
-0.008924691006541252
-0.008924691006541252
-0.008924691006541252
-0.008924691006541252
-0.008924691006541252
-0.008924691006541252
-0.008924691006541252
-0.008924691006541252
-0.008924691006541252
0.776160836219787598
0.810054123401641846
0.823243319988250732
0.831242561340332031
0.835323095321655273
0.836342215538024902
0.829383730888366699
0.828753292560577393
0.827041327953338623
0.829714536666870117
0.828915417194366455
0.827304899692535400
0.832951247692108154
0.852405190467834473
0.939290225505828857
0.963987767696380615
0.969107747077941895
0.971528828144073486
0.978771865367889404
0.978682279586791992
0.972867190837860107
0.970923423767089844
0.974078416824340820
0.969367742538452148
0.970779061317443848
0.969419836997985840
0.851324081420898438
0.937940835952758789
0.966881632804870605
0.967315018177032471
0.969894409179687500
0.977344155311584473
0.977509737014770508
0.971710264682769775
0.967973351478576660
0.972653567790985107
0.970036327838897705
0.981587290763854980
0.973027944564819336
0.848076581954956055
0.935141801834106445
0.970713973045349121
0.976228713989257812
0.983248054981231689
0.975820362567901611
0.970950841903686523
0.969566822052001953
0.973226070404052734
0.973068177700042725
0.971006155014038086
0.978370785713195801
0.967859208583831787
0.843538045883178711
0.933432638645172119
0.961551547050476074
0.969557702541351318
0.980603635311126709
0.978371143341064453
0.972655057907104492
0.970408916473388672
0.973295509815216064
0.972061395645141602
0.966606199741363525
0.977358281612396240
0.965894222259521484
0.841096818447113037
0.930216789245605469
0.958743929862976074
0.968058347702026367
0.966086566448211670
0.967828154563903809
0.970522522926330566
0.972762227058410645
0.971897006034851074
0.972332358360290527
0.969824731349945068
0.973875403404235840
0.970611453056335449
0.833599925041198730
0.911377549171447754
0.945638418197631836
0.959470510482788086
0.954286932945251465
0.950228095054626465
0.954130232334136963
0.955443084239959717
0.961655735969543457
0.963953316211700439
0.948229312896728516
0.946153223514556885
0.941816091537475586
0.473733812570571899
0.473733723163604736
0.473733723163604736
0.473733723163604736
0.473733723163604736
0.473733723163604736
0.473733723163604736
0.473733723163604736
0.473733723163604736
0.473733723163604736
0.473733723163604736
0.473733723163604736
0.473733723163604736
0.473734378814697266
0.473734378814697266
0.473734378814697266
0.473734378814697266
0.473734378814697266
0.473734378814697266
0.473734378814697266
0.473734378814697266
0.473734378814697266
0.473734378814697266
0.473734378814697266
0.473734378814697266
0.473734378814697266
0.473734378814697266
0.473734378814697266
0.473734378814697266
0.473734378814697266
0.473734378814697266
0.473734378814697266
0.473734378814697266
0.473734378814697266
0.473734378814697266
0.473734378814697266
0.473734378814697266
0.473734378814697266
0.473734378814697266
0.473734378814697266
0.473734378814697266
0.473734378814697266
0.473734378814697266
0.473734378814697266
0.473734378814697266
0.473734378814697266
0.473734378814697266
0.473734378814697266
0.473734378814697266
0.473734378814697266
0.473734378814697266
0.473734378814697266
0.473734378814697266
0.473734378814697266
0.473734378814697266
0.473734378814697266
0.473734378814697266
0.473734378814697266
0.473734378814697266
0.473734378814697266
0.473734378814697266
0.473734378814697266
0.473734378814697266
0.473734378814697266
0.473734378814697266
0.473734378814697266
0.473734378814697266
0.473734378814697266
0.473734378814697266
0.473734378814697266
0.473734378814697266
0.473734378814697266
0.473734378814697266
0.473734378814697266
0.473734378814697266
0.473734378814697266
0.473734378814697266
0.473734378814697266
0.473734378814697266
0.473734378814697266
0.473734378814697266
0.473734378814697266
0.473734378814697266
0.473734378814697266
0.473734378814697266
0.473734378814697266
0.473734378814697266
0.473734378814697266
0.473734378814697266
0.473734378814697266
0.473734378814697266
-0.008948885835707188
-0.008285488002002239
-0.008279521018266678
-0.008288698270916939
-0.008299467153847218
-0.008295936509966850
-0.008284930139780045
-0.008282169699668884
-0.008287436328828335
-0.008286606520414352
-0.008288107812404633
-0.008277324028313160
-0.008290595375001431
-0.009557729586958885
-0.008706493303179741
-0.008712826296687126
-0.008721689693629742
-0.008725089021027088
-0.008727773092687130
-0.008733170107007027
-0.008730004541575909
-0.008728774264454842
-0.008726030588150024
-0.008725370280444622
-0.008721480146050453
-0.008735137991607189
-0.009535140357911587
-0.008694867603480816
-0.008720259182155132
-0.008733459748327732
-0.008726430125534534
-0.008729680441319942
-0.008726383559405804
-0.008728850632905960
-0.008730872534215450
-0.008732274174690247
-0.008731624111533165
-0.008717467077076435
-0.008767177350819111
-0.009584018029272556
-0.008704720996320248
-0.008721270598471165
-0.008740856312215328
-0.008742717094719410
-0.008737592957913876
-0.008740343153476715
-0.008737822994589806
-0.008731773123145103
-0.008727448992431164
-0.008732164278626442
-0.008715293370187283
-0.008761224336922169
-0.009504465386271477
-0.008716024458408356
-0.008723328821361065
-0.008730676956474781
-0.008734759874641895
-0.008733478374779224
-0.008727772161364555
-0.008728624321520329
-0.008728484623134136
-0.008731191977858543
-0.008729090914130211
-0.008720111101865768
-0.008778425864875317
-0.009531019255518913
-0.008692424744367599
-0.008721074089407921
-0.008731887675821781
-0.008731423877179623
-0.008730672299861908
-0.008733114227652550
-0.008732166141271591
-0.008734998293220997
-0.008733150549232960
-0.008732923306524754
-0.008719524368643761
-0.008740369230508804
-0.009479739703238010
-0.008719669654965401
-0.008738067932426929
-0.008750039152801037
-0.008758601732552052
-0.008746402338147163
-0.008740435354411602
-0.008754138834774494
-0.008756289258599281
-0.008742383681237698
-0.008748100139200687
-0.008736622519791126
-0.008743645623326302
0.057426638901233673
0.061031609773635864
0.061025146394968033
0.061054196208715439
0.061050206422805786
0.061039883643388748
0.061041601002216339
0.061022877693176270
0.061049290001392365
0.061051569879055023
0.061053730547428131
0.061048075556755066
0.061084140092134476
0.055000938475131989
0.059671081602573395
0.059668794274330139
0.059693470597267151
0.059722281992435455
0.059693258255720139
0.059684317559003830
0.059694390743970871
0.059661313891410828
0.059669584035873413
0.059676863253116608
0.059773117303848267
0.059631578624248505
0.054981477558612823
0.059657692909240723
0.059615835547447205
0.059605989605188370
0.059704974293708801
0.059674493968486786
0.059651039540767670
0.059667281806468964
0.059633865952491760
0.059618130326271057
0.059597976505756378
0.059772022068500519
0.059580791741609573
0.054984930902719498
0.059628736227750778
0.059621687978506088
0.059605371206998825
0.059673745185136795
0.059678182005882263
0.059652335941791534
0.059653405100107193
0.059634067118167877
0.059614948928356171
0.059599127620458603
0.059767354279756546
0.059723954647779465
0.054992161691188812
0.059631489217281342
0.059652894735336304
0.059627156704664230
0.059657219797372818
0.059649705886840820
0.059623345732688904
0.059645991772413254
0.059641256928443909
0.059625238180160522
0.059581842273473740
0.059744231402873993
0.059631086885929108
0.054973773658275604
0.059675641357898712
0.059646513313055038
0.059623345732688904
0.059600632637739182
0.059601835906505585
0.059616617858409882
0.059650436043739319
0.059660173952579498
0.059643790125846863
0.059618890285491943
0.059785798192024231
0.059636324644088745
0.054996125400066376
0.059638872742652893
0.059620812535285950
0.059615496546030045
0.059607081115245819
0.059593487530946732
0.059609241783618927
0.059590004384517670
0.059623435139656067
0.059628680348396301
0.059616204351186752
0.059667844325304031
0.059659451246261597
0.259089261293411255
0.259338706731796265
0.259372770786285400
0.259414643049240112
0.259423702955245972
0.259374022483825684
0.259346336126327515
0.259373903274536133
0.259397685527801514
0.259420067071914673
0.259381473064422607
0.259441733360290527
0.259372502565383911
0.259013742208480835
0.259349226951599121
0.259446889162063599
0.259463667869567871
0.259476661682128906
0.259465068578720093
0.259411394596099854
0.259404957294464111
0.259442716836929321
0.259458094835281372
0.259431868791580200
0.259528666734695435
0.259434849023818970
0.259029448032379150
0.259356856346130371
0.259431988000869751
0.259430110454559326
0.259463608264923096
0.259471297264099121
0.259455084800720215
0.259445697069168091
0.259434372186660767
0.259429901838302612
0.259421139955520630
0.259520232677459717
0.259394198656082153
0.259032100439071655
0.259320229291915894
0.259427905082702637
0.259453833103179932
0.259457528591156006
0.259440630674362183
0.259421020746231079
0.259429216384887695
0.259449124336242676
0.259457319974899292
0.259436428546905518
0.259506523609161377
0.259389609098434448
0.259027272462844849
0.259309053421020508
0.259383797645568848
0.259421825408935547
0.259436249732971191
0.259440928697586060
0.259441435337066650
0.259418904781341553
0.259410738945007324
0.259443849325180054
0.259450405836105347
0.259489893913269043
0.259355813264846802
0.258998185396194458
0.259305119514465332
0.259412050247192383
0.259421378374099731
0.259390950202941895
0.259430527687072754
0.259488165378570557
0.259459793567657471
0.259398758411407471
0.259399116039276123
0.259419798851013184
0.259525299072265625
0.259395122528076172
0.259026497602462769
0.259341210126876831
0.259464234113693237
0.259485155344009399
0.259431898593902588
0.259420275688171387
0.259493291378021240
0.259522140026092529
0.259496122598648071
0.259439557790756226
0.259407192468643188
0.259485453367233276
0.259426683187484741
0.657505631446838379
0.652689635753631592
0.651240527629852295
0.649562895298004150
0.649044930934906006
0.649741947650909424
0.651270866394042969
0.650676727294921875
0.650520026683807373
0.649735927581787109
0.650576829910278320
0.651290655136108398
0.646062672138214111
0.659323275089263916
0.652567923069000244
0.649327814579010010
0.648091912269592285
0.647652328014373779
0.646915793418884277
0.647458970546722412
0.648308932781219482
0.647804379463195801
0.647418439388275146
0.648558735847473145
0.647601306438446045
0.640368640422821045
0.660433173179626465
0.654376208782196045
0.649638473987579346
0.649668514728546143
0.649576365947723389
0.648649454116821289
0.648640334606170654
0.649452507495880127
0.649436473846435547
0.649256110191345215
0.649534225463867188
0.646439075469970703
0.639656782150268555
0.660612761974334717
0.654939949512481689
0.649163186550140381
0.647992551326751709
0.648087739944458008
0.648703277111053467
0.649272501468658447
0.649315714836120605
0.649250507354736328
0.648924827575683594
0.649214327335357666
0.647350788116455078
0.639422953128814697
0.660873711109161377
0.655548989772796631
0.651065111160278320
0.648912608623504639
0.648089349269866943
0.648341417312622070
0.649292588233947754
0.649639070034027100
0.649480581283569336
0.649304151535034180
0.649282276630401611
0.647514224052429199
0.641024529933929443
0.661445498466491699
0.655673623085021973
0.650908827781677246
0.649792850017547607
0.650271534919738770
0.649457931518554688
0.648582577705383301
0.648834884166717529
0.649522006511688232
0.649438381195068359
0.649466037750244141
0.647835314273834229
0.642232239246368408
0.661463558673858643
0.656367480754852295
0.651515245437622070
0.649027585983276367
0.650967955589294434
0.651596963405609131
0.650391936302185059
0.648510277271270752
0.649291694164276123
0.650416195392608643
0.652098715305328369
0.651437878608703613
0.646250903606414795
0.881801545619964600
0.881586492061614990
0.881578326225280762
0.881587266921997070
0.881587803363800049
0.881590604782104492
0.881584048271179199
0.881581425666809082
0.881585121154785156
0.881585776805877686
0.881591141223907471
0.881568849086761475
0.881596863269805908
0.880882740020751953
0.880103945732116699
0.880111098289489746
0.880119442939758301
0.880121767520904541
0.880119025707244873
0.880110859870910645
0.880119323730468750
0.880108654499053955
0.880118310451507568
0.880122780799865723
0.880108416080474854
0.880096256732940674
0.880890667438507080
0.880107223987579346
0.880126953125000000
0.880138814449310303
0.880150675773620605
0.880140662193298340
0.880145430564880371
0.880155861377716064
0.880143761634826660
0.880156040191650391
0.880152404308319092
0.880147278308868408
0.880028963088989258
0.880858719348907471
0.880087852478027344
0.880138218402862549
0.880182385444641113
0.880161941051483154
0.880123674869537354
0.880121409893035889
0.880145370960235596
0.880168139934539795
0.880170345306396484
0.880151748657226562
0.880149304866790771
0.880089402198791504
0.880888640880584717
0.880139708518981934
0.880138337612152100
0.880163788795471191
0.880189359188079834
0.880182206630706787
0.880175828933715820
0.880169153213500977
0.880169391632080078
0.880166947841644287
0.880142748355865479
0.880137264728546143
0.880091845989227295
0.880885660648345947
0.880089342594146729
0.880135357379913330
0.880153596401214600
0.880145907402038574
0.880127310752868652
0.880136609077453613
0.880163729190826416
0.880167782306671143
0.880157589912414551
0.880166530609130859
0.880168735980987549
0.880106031894683838
0.880874931812286377
0.880048990249633789
0.880065977573394775
0.880119681358337402
0.880164206027984619
0.880103170871734619
0.880093038082122803
0.880089282989501953
0.880115807056427002
0.880106925964355469
0.880109071731567383
0.880092859268188477
0.880031466484069824
0.493496000766754150
0.494085848331451416
0.494167983531951904
0.494268387556076050
0.494290083646774292
0.494170665740966797
0.494104266166687012
0.494170695543289185
0.494227886199951172
0.494281709194183350
0.494188159704208374
0.494333922863006592
0.494166016578674316
0.493323564529418945
0.494121044874191284
0.494355559349060059
0.494395703077316284
0.494426965713500977
0.494398891925811768
0.494270056486129761
0.494254529476165771
0.494345784187316895
0.494382619857788086
0.494319140911102295
0.494551807641983032
0.494324862957000732
0.493360877037048340
0.494139045476913452
0.494319826364517212
0.494315236806869507
0.494395285844802856
0.494413524866104126
0.494374901056289673
0.494352191686630249
0.494325280189514160
0.494314402341842651
0.494293630123138428
0.494531691074371338
0.494226783514022827
0.493367373943328857
0.494050562381744385
0.494309991598129272
0.494371920824050903
0.494381338357925415
0.494339942932128906
0.494293153285980225
0.494312793016433716
0.494360774755477905
0.494380146265029907
0.494330137968063354
0.494498610496520996
0.494215995073318481
0.493355900049209595
0.494023591279983521
0.494203746318817139
0.494294911623001099
0.494330018758773804
0.494340956211090088
0.494342356920242310
0.494287788867950439
0.494268298149108887
0.494348227977752686
0.494363874197006226
0.494458317756652832
0.494135200977325439
0.493285864591598511
0.494014173746109009
0.494271904230117798
0.494293898344039917
0.494220703840255737
0.494316339492797852
0.494454681873321533
0.494386047124862671
0.494239270687103271
0.494240522384643555
0.494290381669998169
0.494543671607971191
0.494229435920715332
0.493353903293609619
0.494100570678710938
0.494396686553955078
0.494446933269500732
0.494318544864654541
0.494291216135025024
0.494466483592987061
0.494535863399505615
0.494473159313201904
0.494336903095245361
0.494259595870971680
0.494447946548461914
0.494305551052093506
0.445018708705902100
0.860510408878326416
0.982208132743835449
1.163336515426635742
1.203984141349792480
1.105645775794982910
0.974738121032714844
1.049945473670959473
1.050911664962768555
1.118777394294738770
1.039577245712280273
0.996462881565093994
1.560746550559997559
0.288746565580368042
1.035517454147338867
1.342831969261169434
1.462885022163391113
1.530598640441894531
1.562739849090576172
1.493889570236206055
1.433074235916137695
1.461292982101440430
1.491602182388305664
1.386998891830444336
1.567149877548217773
2.299488544464111328
0.173165410757064819
0.881986260414123535
1.305723309516906738
1.282138347625732422
1.337480545043945312
1.426802635192871094
1.411886215209960938
1.340402841567993164
1.323456048965454102
1.343799233436584473
1.289808988571166992
1.663336992263793945
2.370310068130493164
0.171070575714111328
0.830444335937500000
1.383455753326416016
1.452749013900756836
1.444791913032531738
1.395893573760986328
1.336148738861083984
1.328928947448730469
1.338719844818115234
1.359166979789733887
1.321983218193054199
1.584704279899597168
2.461656808853149414
0.147208929061889648
0.763357579708099365
1.214547872543334961
1.368884921073913574
1.449020624160766602
1.425370454788208008
1.323615789413452148
1.311142206192016602
1.320997238159179688
1.339311838150024414
1.307208538055419922
1.552146434783935547
2.237950086593627930
0.077316761016845703
0.777533233165740967
1.230040550231933594
1.308244466781616211
1.265575051307678223
1.330077409744262695
1.389609336853027344
1.380945086479187012
1.297411203384399414
1.333165764808654785
1.291767835617065430
1.531024098396301270
2.108568906784057617
0.146800279617309570
0.759948372840881348
1.223254203796386719
1.437050223350524902
1.241358995437622070
1.178743839263916016
1.319131135940551758
1.492455482482910156
1.397552967071533203
1.302298784255981445
1.150559782981872559
1.257138490676879883
1.827559947967529297
0.677835345268249512
0.689475476741790771
0.687017202377319336
0.686919331550598145
0.686941087245941162
0.686911284923553467
0.687789142131805420
0.686807274818420410
0.686916112899780273
0.686212718486785889
0.686662256717681885
0.687279343605041504
0.681590735912322998
0.676914870738983154
0.689778149127960205
0.682082712650299072
0.682266294956207275
0.682913839817047119
0.684054851531982422
0.685842990875244141
0.683999180793762207
0.682625889778137207
0.681699097156524658
0.683014154434204102
0.681053757667541504
0.674468815326690674
0.677418708801269531
0.689003527164459229
0.679039061069488525
0.680645883083343506
0.681642293930053711
0.682003021240234375
0.680748045444488525
0.680671513080596924
0.680544912815093994
0.680750250816345215
0.680311918258666992
0.679322004318237305
0.672450959682464600
0.676232695579528809
0.687646985054016113
0.680110692977905273
0.681874275207519531
0.683861196041107178
0.680143058300018311
0.680587649345397949
0.681516766548156738
0.680631637573242188
0.681246757507324219
0.679782330989837646
0.678869009017944336
0.672281265258789062
0.675724983215332031
0.688591599464416504
0.681824266910552979
0.681277036666870117
0.682690501213073730
0.680285811424255371
0.680536210536956787
0.682854413986206055
0.681138455867767334
0.681029438972473145
0.679535686969757080
0.678111970424652100
0.673632919788360596
0.673967659473419189
0.689908921718597412
0.681171298027038574
0.681126236915588379
0.682783663272857666
0.679609417915344238
0.679986357688903809
0.680369377136230469
0.681371092796325684
0.681971788406372070
0.680026352405548096
0.679493904113769531
0.675302863121032715
0.671963155269622803
0.687967181205749512
0.679530024528503418
0.679688930511474609
0.682970285415649414
0.679780006408691406
0.678746998310089111
0.677391648292541504
0.681490063667297363
0.679044604301452637
0.679551362991333008
0.679449498653411865
0.670503854751586914
0.793995797634124756
0.788092672824859619
0.784667968750000000
0.781312108039855957
0.781151175498962402
0.783883631229400635
0.786427974700927734
0.783675312995910645
0.782739341259002686
0.781273126602172852
0.783656835556030273
0.782725751399993896
0.777059912681579590
0.799583554267883301
0.794073641300201416
0.785280168056488037
0.783908009529113770
0.783879697322845459
0.784261703491210938
0.786370396614074707
0.787122189998626709
0.783878564834594727
0.782056212425231934
0.785268485546112061
0.780678153038024902
0.782029628753662109
0.800046920776367188
0.795834720134735107
0.786196887493133545
0.786504924297332764
0.785500705242156982
0.784670352935791016
0.785244226455688477
0.787409007549285889
0.787030220031738281
0.786719143390655518
0.786895215511322021
0.780043303966522217
0.789139091968536377
0.799796402454376221
0.797662854194641113
0.785097599029541016
0.783722281455993652
0.783976733684539795
0.786405980587005615
0.788105785846710205
0.786582171916961670
0.785438656806945801
0.784772872924804688
0.785551786422729492
0.781175851821899414
0.789839863777160645
0.799935102462768555
0.800101101398468018
0.790415465831756592
0.786087989807128906
0.783990740776062012
0.784930884838104248
0.786779940128326416
0.787159204483032227
0.787908375263214111
0.785919904708862305
0.785015344619750977
0.782002270221710205
0.791259348392486572
0.800192415714263916
0.798920094966888428
0.789213120937347412
0.787983715534210205
0.789833843708038330
0.786769747734069824
0.783336877822875977
0.784495115280151367
0.788572967052459717
0.787784576416015625
0.786080062389373779
0.781484425067901611
0.787603497505187988
0.799221456050872803
0.798153877258300781
0.788005292415618896
0.785074889659881592
0.790452420711517334
0.790092229843139648
0.784220874309539795
0.781710982322692871
0.785626828670501709
0.788442909717559814
0.791497647762298584
0.788143396377563477
0.791154861450195312
0.862311184406280518
0.862292647361755371
0.862296104431152344
0.862275838851928711
0.862277209758758545
0.862299442291259766
0.862308621406555176
0.862292826175689697
0.862295329570770264
0.862290263175964355
0.862296044826507568
0.862294852733612061
0.862192571163177490
0.862302541732788086
0.862300336360931396
0.862270891666412354
0.862251341342926025
0.862239181995391846
0.862255871295928955
0.862267136573791504
0.862262964248657227
0.862262606620788574
0.862268030643463135
0.862269639968872070
0.862228214740753174
0.862077295780181885
0.862318813800811768
0.862324476242065430
0.862285375595092773
0.862291932106018066
0.862265765666961670
0.862258136272430420
0.862268865108489990
0.862275779247283936
0.862278044223785400
0.862282872200012207
0.862295508384704590
0.862232983112335205
0.862068891525268555
0.862299203872680664
0.862315952777862549
0.862263679504394531
0.862278044223785400
0.862284123897552490
0.862269461154937744
0.862275242805480957
0.862279653549194336
0.862281680107116699
0.862281322479248047
0.862290561199188232
0.862234532833099365
0.862051308155059814
0.862297654151916504
0.862318098545074463
0.862274944782257080
0.862276136875152588
0.862273156642913818
0.862275183200836182
0.862288057804107666
0.862273395061492920
0.862286150455474854
0.862280130386352539
0.862286984920501709
0.862243175506591797
0.862083256244659424
0.862303614616394043
0.862300574779510498
0.862271785736083984
0.862276256084442139
0.862269878387451172
0.862271785736083984
0.862279951572418213
0.862275660037994385
0.862293362617492676
0.862277448177337646
0.862294018268585205
0.862238109111785889
0.862103879451751709
0.862263679504394531
0.862262427806854248
0.862242817878723145
0.862230241298675537
0.862252354621887207
0.862259685993194580
0.862237095832824707
0.862210273742675781
0.862248837947845459
0.862257838249206543
0.862252891063690186
0.862223446369171143
0.862082242965698242
0.767618000507354736
0.681190490722656250
0.598770499229431152
0.513498663902282715
0.478320211172103882
0.524501800537109375
0.619580745697021484
0.592220127582550049
0.568971276283264160
0.523478388786315918
0.552407622337341309
0.603040277957916260
0.434872150421142578
0.929115116596221924
0.933743536472320557
0.725180506706237793
0.646689772605895996
0.636924803256988525
0.598951041698455811
0.637849509716033936
0.686538755893707275
0.629182219505310059
0.614622354507446289
0.656000256538391113
0.669216573238372803
0.437242895364761353
0.957744181156158447
1.047450661659240723
0.756892025470733643
0.737961888313293457
0.750117838382720947
0.668749809265136719
0.675042867660522461
0.736173510551452637
0.722532033920288086
0.717388510704040527
0.720706880092620850
0.644812941551208496
0.488154321908950806
0.971041440963745117
1.057714223861694336
0.738524794578552246
0.663787186145782471
0.683982133865356445
0.701178073883056641
0.729788303375244141
0.712365448474884033
0.708379268646240234
0.683112263679504395
0.690197050571441650
0.674945473670959473
0.507657647132873535
0.976643741130828857
1.094124555587768555
0.854945361614227295
0.697098076343536377
0.664451897144317627
0.666146159172058105
0.721245288848876953
0.742935955524444580
0.740399122238159180
0.727881073951721191
0.692411720752716064
0.672257065773010254
0.536385416984558105
0.989077568054199219
1.092961907386779785
0.826036751270294189
0.757392823696136475
0.786912620067596436
0.726127564907073975
0.664663136005401611
0.690290987491607666
0.735310554504394531
0.746473193168640137
0.700453281402587891
0.689333438873291016
0.520081758499145508
1.012898683547973633
1.103949189186096191
0.805410683155059814
0.682945966720581055
0.777932584285736084
0.801574587821960449
0.733353137969970703
0.623735606670379639
0.676677942276000977
0.751563549041748047
0.839165508747100830
0.823141336441040039
0.670636117458343506
0.449601650238037109
0.470605671405792236
0.485844135284423828
0.509284138679504395
0.511031985282897949
0.489801824092864990
0.476794928312301636
0.489825606346130371
0.493242859840393066
0.499731123447418213
0.488964706659317017
0.493078529834747314
0.526262342929840088
0.451122224330902100
0.501599669456481934
0.538510560989379883
0.547699511051177979
0.554569721221923828
0.555817127227783203
0.544557929039001465
0.536830484867095947
0.547003924846649170
0.552574515342712402
0.538507819175720215
0.563747048377990723
0.603480577468872070
0.443364441394805908
0.490621685981750488
0.532967746257781982
0.533368408679962158
0.535984933376312256
0.548151195049285889
0.547498404979705811
0.535690546035766602
0.534679651260375977
0.541280269622802734
0.536018967628479004
0.572311997413635254
0.598974764347076416
0.441434502601623535
0.483331143856048584
0.545179903507232666
0.550816535949707031
0.550669074058532715
0.537315368652343750
0.531574249267578125
0.537412583827972412
0.543428897857666016
0.545500457286834717
0.540516734123229980
0.563347220420837402
0.601643145084381104
0.439043819904327393
0.475085318088531494
0.521257400512695312
0.541381239891052246
0.552239418029785156
0.549264311790466309
0.539020419120788574
0.533961057662963867
0.534971952438354492
0.539489567279815674
0.537970840930938721
0.560341536998748779
0.583040773868560791
0.433096051216125488
0.473419368267059326
0.525706291198730469
0.533640563488006592
0.526681900024414062
0.538520812988281250
0.550313293933868408
0.544458150863647461
0.530633568763732910
0.533903956413269043
0.536675631999969482
0.559251606464385986
0.581932008266448975
0.435253292322158813
0.473684012889862061
0.532131791114807129
0.552690565586090088
0.529935359954833984
0.524302363395690918
0.547357439994812012
0.561545073986053467
0.552966237068176270
0.536254405975341797
0.516523301601409912
0.534314155578613281
0.562990307807922363
0.948244273662567139
0.949181318283081055
0.949246704578399658
0.949337422847747803
0.949303984642028809
0.949239730834960938
0.949193775653839111
0.949303448200225830
0.949249148368835449
0.949263870716094971
0.949158489704132080
0.949182331562042236
0.949978351593017578
0.951701045036315918
0.952583014965057373
0.952730834484100342
0.952772557735443115
0.952788233757019043
0.952877521514892578
0.952885270118713379
0.952819645404815674
0.952851295471191406
0.952823638916015625
0.952685534954071045
0.952802479267120361
0.954180657863616943
0.951530814170837402
0.952526748180389404
0.952776730060577393
0.952702820301055908
0.952676951885223389
0.952770888805389404
0.952812254428863525
0.952738881111145020
0.952758252620697021
0.952807128429412842
0.952776014804840088
0.953049659729003906
0.954201400279998779
0.951557517051696777
0.952638506889343262
0.952916026115417480
0.952907443046569824
0.952786684036254883
0.952822089195251465
0.952827930450439453
0.952740013599395752
0.952750086784362793
0.952838838100433350
0.952734768390655518
0.952891170978546143
0.954058110713958740
0.951633512973785400
0.952609241008758545
0.952746868133544922
0.952866017818450928
0.952853381633758545
0.952838361263275146
0.952821552753448486
0.952814936637878418
0.952735960483551025
0.952773869037628174
0.952777564525604248
0.952889382839202881
0.954060256481170654
0.951569139957427979
0.952436983585357666
0.952695548534393311
0.952795028686523438
0.952905595302581787
0.952817499637603760
0.952753245830535889
0.952771365642547607
0.952751517295837402
0.952799618244171143
0.952670812606811523
0.952805459499359131
0.953950643539428711
0.951615512371063232
0.952321588993072510
0.952490866184234619
0.952717006206512451
0.952598273754119873
0.952465355396270752
0.952611565589904785
0.952785134315490723
0.952607750892639160
0.952545344829559326
0.952420413494110107
0.952563703060150146
0.953452229499816895
-0.003121190704405308
-0.005952621344476938
-0.005784206092357635
-0.005945908837020397
-0.005839191377162933
-0.005680199712514877
-0.005682013928890228
-0.005785127170383930
-0.005752634722739458
-0.005860856734216213
-0.005526647437363863
-0.006178239360451698
-0.006166455801576376
0.060624837875366211
-0.004740586970001459
-0.004380574915558100
-0.004413537215441465
-0.004709653556346893
-0.004258960485458374
-0.004305814392864704
-0.004307948052883148
-0.004329325631260872
-0.004329503048211336
-0.004133805632591248
-0.005687628407031298
-0.004043973982334137
0.089902371168136597
-0.004331746138632298
-0.003966925665736198
-0.004023715388029814
-0.004423660691827536
-0.004285768605768681
-0.004221148788928986
-0.003948398865759373
-0.003927295561879873
-0.003884761827066541
-0.003847701475024223
-0.005875838454812765
-0.003622931195423007
0.071146458387374878
-0.004054976161569357
-0.004463495686650276
-0.003680155845358968
-0.004518444649875164
-0.004028669092804193
-0.004086202476173639
-0.004217878915369511
-0.004145852755755186
-0.003720489563420415
-0.003903337521478534
-0.005897913593798876
-0.004210065584629774
0.062512844800949097
-0.003897186834365129
-0.004206675570458174
-0.003956466913223267
-0.004276582971215248
-0.003990169148892164
-0.003896313253790140
-0.004017321392893791
-0.004219153430312872
-0.004092500079423189
-0.003939618356525898
-0.005556949414312840
-0.004066349938511848
0.086850136518478394
-0.004348532296717167
-0.004170558415353298
-0.003804289037361741
-0.003983967471867800
-0.004342729225754738
-0.004337673075497150
-0.003865445498377085
-0.003873146604746580
-0.004299523774534464
-0.003995855338871479
-0.005421001929789782
-0.004018018953502178
0.006037607789039612
-0.004937950056046247
-0.004550959449261427
-0.004281570669263601
-0.003993943333625793
-0.004425400868058205
-0.004468897357583046
-0.004503005184233189
-0.004461492877453566
-0.004097273107618093
-0.004364872351288795
-0.005209584720432758
-0.004867235198616982
-0.014328391291201115
-0.014402533881366253
-0.014385455287992954
-0.014389216899871826
-0.014397147111594677
-0.014400865882635117
-0.014402815140783787
-0.014394707046449184
-0.014389781281352043
-0.014382929541170597
-0.014400218613445759
-0.014374375343322754
-0.014388697221875191
-0.014401791617274284
-0.014551783911883831
-0.014506991021335125
-0.014512522146105766
-0.014525227248668671
-0.014532236382365227
-0.014541597105562687
-0.014523895457386971
-0.014514030888676643
-0.014505647122859955
-0.014518671669065952
-0.014482929371297359
-0.014528220519423485
-0.014384203590452671
-0.014520975761115551
-0.014471381902694702
-0.014478040859103203
-0.014488354325294495
-0.014499263837933540
-0.014492963440716267
-0.014483278617262840
-0.014480647630989552
-0.014486481435596943
-0.014471620321273804
-0.014467670582234859
-0.014530682004988194
-0.014382170513272285
-0.014503992162644863
-0.014466950669884682
-0.014487002976238728
-0.014508777298033237
-0.014483741484582424
-0.014494523406028748
-0.014487634412944317
-0.014480861835181713
-0.014479145407676697
-0.014469615183770657
-0.014453411102294922
-0.014534789137542248
-0.014367744326591492
-0.014506910927593708
-0.014477309770882130
-0.014486161991953850
-0.014506657607853413
-0.014484471641480923
-0.014485012739896774
-0.014493359252810478
-0.014489902183413506
-0.014472902752459049
-0.014461969025433064
-0.014461577869951725
-0.014527151361107826
-0.014350488781929016
-0.014520109631121159
-0.014471797272562981
-0.014487029984593391
-0.014497364871203899
-0.014478212222456932
-0.014464719220995903
-0.014478683471679688
-0.014495396055281162
-0.014489355497062206
-0.014472478069365025
-0.014470145106315613
-0.014524406753480434
-0.014354614540934563
-0.014498163945972919
-0.014454791322350502
-0.014483517967164516
-0.014486335217952728
-0.014467613771557808
-0.014444468542933464
-0.014459799043834209
-0.014484969899058342
-0.014486840926110744
-0.014462539926171303
-0.014449051581323147
-0.014499905519187450
1.402581453323364258
1.410133242607116699
1.374464750289916992
1.261926889419555664
1.249124646186828613
1.342687129974365234
1.423698902130126953
1.347229242324829102
1.343892931938171387
1.302296519279479980
1.372308135032653809
1.395009756088256836
0.985955238342285156
1.756236433982849121
1.807818412780761719
1.697412729263305664
1.630304336547851562
1.565916657447814941
1.561530590057373047
1.610482931137084961
1.647951006889343262
1.627549886703491211
1.620770931243896484
1.692070841789245605
1.569054722785949707
1.002362489700317383
1.837425947189331055
1.932301163673400879
1.748715400695800781
1.747515678405761719
1.712651133537292480
1.682652711868286133
1.690086007118225098
1.730007171630859375
1.721919775009155273
1.734012603759765625
1.766308665275573730
1.542457222938537598
0.968383908271789551
1.817126989364624023
1.967058897018432617
1.694408774375915527
1.628645062446594238
1.680421710014343262
1.712370395660400391
1.717883944511413574
1.718605399131774902
1.729593038558959961
1.727934360504150391
1.745031833648681641
1.592194795608520508
0.872383534908294678
1.842710494995117188
2.008001327514648438
1.773660540580749512
1.689433336257934570
1.676959633827209473
1.708668947219848633
1.757185339927673340
1.748248577117919922
1.749222517013549805
1.733366250991821289
1.733383655548095703
1.608266353607177734
1.035539627075195312
1.892831087112426758
1.984493732452392578
1.760989546775817871
1.736260890960693359
1.753600835800170898
1.718333125114440918
1.682103872299194336
1.707597136497497559
1.778545260429382324
1.736440300941467285
1.772539377212524414
1.609881639480590820
1.159166932106018066
1.826700448989868164
1.907553195953369141
1.711595058441162109
1.594662427902221680
1.733036279678344727
1.767369985580444336
1.687087416648864746
1.538396239280700684
1.643685460090637207
1.751370906829833984
1.792067050933837891
1.694010853767395020
1.289769172668457031
-0.003916943911463022
-0.003916943445801735
-0.003916943445801735
-0.003916943445801735
-0.003916943445801735
-0.003916943445801735
-0.003916943445801735
-0.003916943445801735
-0.003916943445801735
-0.003916943445801735
-0.003916943445801735
-0.003916943445801735
-0.003916943445801735
-0.003916947636753321
-0.003916945308446884
-0.003916944842785597
-0.003916944842785597
-0.003916944842785597
-0.003916945774108171
-0.003916945774108171
-0.003916944842785597
-0.003916944842785597
-0.003916944842785597
-0.003916945308446884
-0.003916944842785597
-0.003916944842785597
-0.003916947636753321
-0.003916945308446884
-0.003916944842785597
-0.003916944842785597
-0.003916944842785597
-0.003916945308446884
-0.003916944842785597
-0.003916944842785597
-0.003916944842785597
-0.003916944842785597
-0.003916945308446884
-0.003916944842785597
-0.003916945774108171
-0.003916947636753321
-0.003916945308446884
-0.003916944842785597
-0.003916947636753321
-0.003916944842785597
-0.003916944842785597
-0.003916944842785597
-0.003916945308446884
-0.003916944842785597
-0.003916944842785597
-0.003916945308446884
-0.003916944842785597
-0.003916946239769459
-0.003916947636753321
-0.003916945308446884
-0.003916944842785597
-0.003916944842785597
-0.003916944842785597
-0.003916944842785597
-0.003916944842785597
-0.003916944842785597
-0.003916944842785597
-0.003916944842785597
-0.003916944842785597
-0.003916944842785597
-0.003916944842785597
-0.003916947636753321
-0.003916945308446884
-0.003916944842785597
-0.003916944842785597
-0.003916944842785597
-0.003916944842785597
-0.003916944842785597
-0.003916944842785597
-0.003916944842785597
-0.003916944842785597
-0.003916945308446884
-0.003916944842785597
-0.003916944842785597
-0.003916947636753321
-0.003916946239769459
-0.003916944842785597
-0.003916945774108171
-0.003916945308446884
-0.003916945774108171
-0.003916945308446884
-0.003916944842785597
-0.003916944842785597
-0.003916947636753321
-0.003916945774108171
-0.003916945774108171
-0.003916945308446884
-0.007736637257039547
-0.002446566475555301
-0.000676980882417411
0.222881078720092773
0.325995951890945435
0.156125605106353760
-0.000896925921551883
0.002639740705490112
0.049627855420112610
0.181358829140663147
0.051140442490577698
-0.000617690384387970
0.873185992240905762
-0.012714852578938007
-0.004120483994483948
0.102845549583435059
0.346195727586746216
0.410021245479583740
0.473895192146301270
0.347142636775970459
0.236259803175926208
0.338905394077301025
0.382287204265594482
0.229911610484123230
0.453871428966522217
1.766693949699401855
-0.015014467760920525
-0.007686353754252195
0.049115002155303955
0.027880638837814331
0.033428251743316650
0.200416401028633118
0.182017043232917786
0.092215716838836670
0.095635995268821716
0.122894078493118286
0.039637327194213867
0.583414435386657715
1.883342742919921875
-0.015155802480876446
-0.008291249163448811
0.137597799301147461
0.263734370470046997
0.215345770120620728
0.191082015633583069
0.084697648882865906
0.076731979846954346
0.095356300473213196
0.166641399264335632
0.100616544485092163
0.460490524768829346
2.033398389816284180
-0.014997740276157856
-0.009153444319963455
-0.001686480594798923
0.158540531992912292
0.252361953258514404
0.269139826297760010
0.102409914135932922
0.043461322784423828
0.063412740826606750
0.120309099555015564
0.108101814985275269
0.431094437837600708
1.699700117111206055
-0.016009107232093811
-0.008983697742223740
-0.001068015932105482
0.057114452123641968
-0.000132754445075989
0.128828912973403931
0.239182546734809875
0.176737219095230103
0.037355363368988037
0.074010983109474182
0.060625284910202026
0.370214253664016724
1.457738995552062988
-0.014300325885415077
-0.008336642757058144
-0.000440546864410862
0.362988829612731934
0.062921926379203796
-0.000661397236399353
0.134445607662200928
0.475270271301269531
0.297481626272201538
0.089150905609130859
-0.001183242769911885
0.036411941051483154
1.102051854133605957
0.101049356162548065
0.117180831730365753
0.119428321719169617
0.122176088392734528
0.122769676148891449
0.119501695036888123
0.117684081196784973
0.119502790272235870
0.121067717671394348
0.122540630400180817
0.119979336857795715
0.123969383537769318
0.119376882910728455
0.096360817551612854
0.118172638118267059
0.124590240418910980
0.125688582658767700
0.126544505357742310
0.125775888562202454
0.122250944375991821
0.121825501322746277
0.124323785305023193
0.125331118702888489
0.123593300580978394
0.129960075020790100
0.123755820095539093
0.097380593419075012
0.118664458394050598
0.123612880706787109
0.123487435281276703
0.125676691532135010
0.126175731420516968
0.125119820237159729
0.124497190117835999
0.123761445283889771
0.123464003205299377
0.122896447777748108
0.129411518573760986
0.121071428060531616
0.097558341920375824
0.116242438554763794
0.123344428837299347
0.125038519501686096
0.125296577811241150
0.124162547290325165
0.122882626950740814
0.123419724404811859
0.124733075499534607
0.125263631343841553
0.123894788324832916
0.128505349159240723
0.120776139199733734
0.097245067358016968
0.115504212677478790
0.120436407625675201
0.122931458055973053
0.123892530798912048
0.124190762639045715
0.124229192733764648
0.122735440731048584
0.122201621532440186
0.124389782547950745
0.124818332493305206
0.127402797341346741
0.118565261363983154
0.095328517258167267
0.115246050059795380
0.122301340103149414
0.122903324663639069
0.120900206267833710
0.123518273234367371
0.127303257584571838
0.125424474477767944
0.121407449245452881
0.121442884206771851
0.122806861996650696
0.129738375544548035
0.121143192052841187
0.097190544009208679
0.117608703672885895
0.125713765621185303
0.127089723944664001
0.123575299978256226
0.122828155755996704
0.127624049782752991
0.129523649811744690
0.127806991338729858
0.124077312648296356
0.121962070465087891
0.127117425203323364
0.123224340379238129
0.166217327117919922
0.419367700815200806
0.374955385923385620
0.275185704231262207
0.233373790979385376
0.286736011505126953
0.380105137825012207
0.304101169109344482
0.357466340065002441
0.325327783823013306
0.332452118396759033
0.450787574052810669
-0.001355542917735875
-0.000949852576013654
0.340269207954406738
0.213123977184295654
0.134024113416671753
0.072178743779659271
0.007322765886783600
0.053011126816272736
0.090250857174396515
0.129358470439910889
0.145114362239837646
0.161170840263366699
0.229112118482589722
-0.007422784809023142
-0.000706516962964088
0.419459313154220581
0.206058949232101440
0.216347336769104004
0.197208136320114136
0.136751770973205566
0.140182435512542725
0.156091868877410889
0.167142927646636963
0.163255393505096436
0.215250104665756226
0.224222451448440552
-0.008930631913244724
-0.000656827061902732
0.408285170793533325
0.180429846048355103
-0.000021185725927353
0.179429501295089722
0.151813596487045288
0.166225552558898926
0.195507675409317017
0.212933570146560669
0.160330444574356079
0.197351157665252686
0.259733974933624268
-0.009601575322449207
-0.000017548798496136
0.405733138322830200
0.217691749334335327
0.123273797333240509
0.139148592948913574
0.152403026819229126
0.195729851722717285
0.177011549472808838
0.205102056264877319
0.201205015182495117
0.220410764217376709
0.257543712854385376
-0.007430953439325094
0.043655358254909515
0.420761972665786743
0.199632108211517334
0.127053380012512207
0.164655566215515137
0.214185327291488647
0.215667366981506348
0.156202882528305054
0.191294223070144653
0.193289130926132202
0.249527573585510254
0.211217015981674194
-0.006107368506491184
0.036075882613658905
0.432764858007431030
0.206658661365509033
0.020503409206867218
0.139087408781051636
0.260761290788650513
0.211093425750732422
0.029792718589305878
0.128235101699829102
0.162609845399856567
0.219459921121597290
0.269050866365432739
-0.002891971962526441
1.453393459320068359
1.007949113845825195
0.746291458606719971
0.404763877391815186
0.290915071964263916
0.453433781862258911
0.771594166755676270
0.606918692588806152
0.580339372158050537
0.435027867555618286
0.644206345081329346
0.821188867092132568
-0.003878589253872633
1.094689607620239258
0.136486589908599854
-0.003593373810872436
-0.005770358256995678
-0.006767583545297384
-0.008844158612191677
-0.008030284196138382
-0.005842239130288363
-0.006925930269062519
-0.007655336055904627
-0.004907409660518169
-0.006467012688517570
-0.023367304354906082
1.364037752151489258
0.550826787948608398
-0.002776368288323283
-0.002993232570588589
-0.002261082408949733
-0.003744558664038777
-0.004090188071131706
-0.002543821930885315
-0.003011783817782998
-0.003238777397200465
-0.002977624535560608
-0.008866964839398861
-0.025245208293199539
1.427479505538940430
0.714210152626037598
-0.003496590070426464
-0.006758103612810373
-0.005975746549665928
-0.004135819151997566
-0.003464661072939634
-0.003287641331553459
-0.003149081952869892
-0.003716110484674573
-0.003433896927163005
-0.006404427811503410
-0.026402313262224197
1.489818096160888672
0.884305715560913086
0.013321161270141602
-0.004386148881167173
-0.005681472364813089
-0.004737103357911110
-0.002995704999193549
-0.002182965865358710
-0.002701655030250549
-0.003062381176277995
-0.003454856108874083
-0.006380627397447824
-0.022030746564269066
1.643096923828125000
0.910169959068298340
0.008585035800933838
-0.002193618332967162
-0.001253229915164411
-0.002889872062951326
-0.004894128534942865
-0.003938800655305386
-0.002632201183587313
-0.002889703959226608
-0.002685630926862359
-0.005533859133720398
-0.018577866256237030
1.634404897689819336
0.984813153743743896
0.078994929790496826
-0.004490247461944818
-0.000270784483291209
0.105098783969879150
-0.000954238174017519
-0.005351090803742409
-0.003794408403337002
-0.000739508832339197
0.257359921932220459
0.140126883983612061
-0.008969024755060673
0.524321317672729492
0.505777597427368164
0.506824851036071777
0.506319344043731689
0.506297886371612549
0.504487633705139160
0.505871713161468506
0.506574571132659912
0.506538093090057373
0.506104230880737305
0.504743397235870361
0.510879635810852051
0.496425598859786987
0.536882936954498291
0.513526558876037598
0.514653027057647705
0.513124406337738037
0.514930665493011475
0.512622356414794922
0.512623131275177002
0.512901604175567627
0.513095438480377197
0.513593554496765137
0.511738061904907227
0.519737005233764648
0.497436523437500000
0.536052584648132324
0.515736401081085205
0.511809945106506348
0.512942790985107422
0.514956593513488770
0.515007019042968750
0.514529287815093994
0.513211131095886230
0.513103187084197998
0.513495206832885742
0.512121260166168213
0.518621265888214111
0.493722736835479736
0.536350250244140625
0.514444828033447266
0.514720141887664795
0.512747585773468018
0.513619899749755859
0.513266205787658691
0.512047350406646729
0.514311432838439941
0.513877868652343750
0.513117194175720215
0.511999309062957764
0.519546151161193848
0.493261128664016724
0.535480380058288574
0.511119604110717773
0.513182580471038818
0.514091372489929199
0.514894306659698486
0.513890504837036133
0.511411130428314209
0.512957215309143066
0.513188362121582031
0.512943744659423828
0.511563241481781006
0.518660724163055420
0.493394494056701660
0.534698784351348877
0.512375056743621826
0.513358533382415771
0.512460231781005859
0.511810898780822754
0.512564659118652344
0.514297604560852051
0.512359201908111572
0.513018846511840820
0.513611018657684326
0.512091696262359619
0.519197702407836914
0.496226340532302856
0.533094882965087891
0.511915981769561768
0.516251981258392334
0.513409674167633057
0.511815607547760010
0.513700008392333984
0.517250835895538330
0.512961089611053467
0.514629602432250977
0.513029158115386963
0.512312412261962891
0.519924044609069824
0.497576475143432617
-0.010364087298512459
-0.010361811146140099
-0.010360987856984138
-0.010360453277826309
-0.010359560139477253
-0.010359530337154865
-0.010360561311244965
-0.010361094027757645
-0.010360918007791042
-0.010360172949731350
-0.010359770618379116
-0.010360970161855221
-0.010358022525906563
-0.010366129688918591
-0.010365677997469902
-0.010361658409237862
-0.010360117070376873
-0.010361033491790295
-0.010360624641180038
-0.010361064225435257
-0.010361127555370331
-0.010360551066696644
-0.010360591113567352
-0.010359904728829861
-0.010360983200371265
-0.010354520753026009
-0.010366534814238548
-0.010367610491812229
-0.010360930114984512
-0.010360951535403728
-0.010361893102526665
-0.010360843501985073
-0.010360883548855782
-0.010360738262534142
-0.010360656306147575
-0.010360307060182095
-0.010360542684793472
-0.010360742919147015
-0.010352633893489838
-0.010366684757173061
-0.010366929695010185
-0.010361233726143837
-0.010361117310822010
-0.010361575521528721
-0.010360268875956535
-0.010361153632402420
-0.010361425578594208
-0.010360838845372200
-0.010359876789152622
-0.010360272601246834
-0.010360701940953732
-0.010353442281484604
-0.010366155765950680
-0.010365826077759266
-0.010362498462200165
-0.010360938496887684
-0.010360472835600376
-0.010359385050833225
-0.010359925217926502
-0.010360779240727425
-0.010360789485275745
-0.010360357351601124
-0.010360334999859333
-0.010360583662986755
-0.010353506542742252
-0.010365822352468967
-0.010366142727434635
-0.010361851193010807
-0.010360673069953918
-0.010360941290855408
-0.010360378772020340
-0.010360362008213997
-0.010360403917729855
-0.010360556654632092
-0.010360941290855408
-0.010360267944633961
-0.010360632091760635
-0.010354108177125454
-0.010365230031311512
-0.010365610010921955
-0.010361629538238049
-0.010359270498156548
-0.010359426960349083
-0.010360370390117168
-0.010360440239310265
-0.010359259322285652
-0.010359846055507660
-0.010359692387282848
-0.010360052809119225
-0.010360983200371265
-0.010354262776672840
0.627931654453277588
0.623261094093322754
0.622778236865997314
0.622181117534637451
0.621853232383728027
0.622028291225433350
0.622527360916137695
0.622611820697784424
0.622495114803314209
0.622257053852081299
0.622286319732666016
0.622450649738311768
0.621827840805053711
0.628649592399597168
0.620484113693237305
0.619075715541839600
0.618510663509368896
0.618332684040069580
0.618250310420989990
0.618472337722778320
0.618712007999420166
0.618619740009307861
0.618490874767303467
0.618596911430358887
0.618284940719604492
0.617888569831848145
0.628849804401397705
0.621073365211486816
0.619248867034912109
0.619231700897216797
0.618871271610260010
0.618424296379089355
0.618582606315612793
0.618903875350952148
0.619085967540740967
0.618952572345733643
0.619172632694244385
0.618094265460968018
0.617781877517700195
0.628875792026519775
0.621167957782745361
0.619002759456634521
0.618902027606964111
0.618492662906646729
0.618636012077331543
0.619000375270843506
0.618982613086700439
0.618885874748229980
0.618886947631835938
0.618978738784790039
0.618085503578186035
0.617683112621307373
0.628968000411987305
0.621341586112976074
0.619647920131683350
0.619039714336395264
0.618528842926025391
0.618522226810455322
0.618970096111297607
0.619031250476837158
0.618928432464599609
0.618952751159667969
0.619145810604095459
0.618212878704071045
0.618038952350616455
0.629081785678863525
0.621128737926483154
0.619555652141571045
0.619154870510101318
0.619344115257263184
0.618999600410461426
0.618813037872314453
0.618822097778320312
0.618984580039978027
0.618972778320312500
0.618950486183166504
0.618301928043365479
0.617957890033721924
0.628826856613159180
0.621487081050872803
0.619618952274322510
0.618858695030212402
0.619315147399902344
0.619526922702789307
0.619159698486328125
0.618728101253509521
0.618715822696685791
0.618902623653411865
0.619491517543792725
0.619339883327484131
0.618533909320831299
0.527713716030120850
-0.001072677900083363
-0.000814542756415904
-0.000673881149850786
-0.000572333927266300
-0.000710054591763765
-0.001084225717931986
-0.000752701133023947
-0.000724087352864444
-0.000602527230512351
-0.000680939527228475
-0.001371353282593191
0.024660885334014893
0.865294337272644043
-0.001317691174335778
-0.000806663010735065
-0.000636762357316911
-0.000706951017491519
-0.000373061280697584
-0.000573455065023154
-0.000647640787065029
-0.000371309521142393
-0.000385978812118992
-0.000595221528783441
-0.001458780141547322
0.280641734600067139
0.852249085903167725
-0.001668782788328826
-0.000787167518865317
-0.000684334605466574
-0.001238287659361959
-0.000968654756434262
-0.000915331824216992
-0.000910783361177891
-0.000620919454377145
-0.000761146540753543
-0.000642839062493294
-0.001689950237050653
0.366108506917953491
0.853255748748779297
-0.001601119060069323
-0.001131687778979540
-0.000142458084155805
-0.001144976587966084
-0.000834396458230913
-0.000765356991905719
-0.000796500418800861
-0.000921506842132658
-0.000594614713918418
-0.000570039730519056
-0.002012669341638684
0.308279305696487427
0.825960814952850342
-0.001843181205913424
-0.001286558457650244
-0.000488342659082264
-0.000869531591888517
-0.000802597962319851
-0.000902073341421783
-0.001017717644572258
-0.001137940213084221
-0.000970554945524782
-0.000476855639135465
-0.001707537681795657
0.259595453739166260
0.834192037582397461
-0.002062705112621188
-0.001124057103879750
-0.000789254263509065
-0.001009503030218184
-0.000984958955086768
-0.000676946598105133
-0.000609336479101330
-0.000860405561979860
-0.001120196538977325
-0.000744407763704658
-0.001660105539485812
0.186708360910415649
0.776736676692962646
-0.001656351028941572
-0.000631962378975004
-0.000246571289608255
-0.000658948381897062
-0.000760157068725675
-0.000565528287552297
0.003794729709625244
-0.000552546349354088
-0.000735946872737259
-0.001028651604428887
-0.001405470888130367
0.074872910976409912
1.285745978355407715
1.285746335983276367
1.285746335983276367
1.285746335983276367
1.285746335983276367
1.285746335983276367
1.285746335983276367
1.285746335983276367
1.285746335983276367
1.285746335983276367
1.285746335983276367
1.285746335983276367
1.285746335983276367
1.285746335983276367
1.285747170448303223
1.285747170448303223
1.285747170448303223
1.285747170448303223
1.285747170448303223
1.285747170448303223
1.285747170448303223
1.285747170448303223
1.285747170448303223
1.285747170448303223
1.285747170448303223
1.285747170448303223
1.285746335983276367
1.285747170448303223
1.285747170448303223
1.285747170448303223
1.285747170448303223
1.285747170448303223
1.285747170448303223
1.285747170448303223
1.285747170448303223
1.285747170448303223
1.285747170448303223
1.285747170448303223
1.285747170448303223
1.285746335983276367
1.285747170448303223
1.285747170448303223
1.285747170448303223
1.285747170448303223
1.285747170448303223
1.285747170448303223
1.285747170448303223
1.285747170448303223
1.285747170448303223
1.285747170448303223
1.285747170448303223
1.285747170448303223
1.285746335983276367
1.285747170448303223
1.285747170448303223
1.285747170448303223
1.285747170448303223
1.285747170448303223
1.285747170448303223
1.285747170448303223
1.285747170448303223
1.285747170448303223
1.285747170448303223
1.285747170448303223
1.285747170448303223
1.285746335983276367
1.285747170448303223
1.285747170448303223
1.285747170448303223
1.285747170448303223
1.285747170448303223
1.285747170448303223
1.285747170448303223
1.285747170448303223
1.285747170448303223
1.285747170448303223
1.285747170448303223
1.285747170448303223
1.285746335983276367
1.285747170448303223
1.285747170448303223
1.285747170448303223
1.285747170448303223
1.285747170448303223
1.285747170448303223
1.285747170448303223
1.285747170448303223
1.285747170448303223
1.285747170448303223
1.285747170448303223
1.285747170448303223
0.803219199180603027
0.803142607212066650
0.803142607212066650
0.803142726421356201
0.803142786026000977
0.803142905235290527
0.803142786026000977
0.803142726421356201
0.803142607212066650
0.803142666816711426
0.803142786026000977
0.803142666816711426
0.803142428398132324
0.803046107292175293
0.802940249443054199
0.802940368652343750
0.802940487861633301
0.802940726280212402
0.802940726280212402
0.802940607070922852
0.802940607070922852
0.802940368652343750
0.802940309047698975
0.802940428256988525
0.802940309047698975
0.802940309047698975
0.803045988082885742
0.802940130233764648
0.802940070629119873
0.802940189838409424
0.802940487861633301
0.802940726280212402
0.802940547466278076
0.802940428256988525
0.802940368652343750
0.802940309047698975
0.802940249443054199
0.802940189838409424
0.802940428256988525
0.803046047687530518
0.802940130233764648
0.802940189838409424
0.802940428256988525
0.802940487861633301
0.802940428256988525
0.802940428256988525
0.802940428256988525
0.802940249443054199
0.802940130233764648
0.802940249443054199
0.802940130233764648
0.802940309047698975
0.803045868873596191
0.802939951419830322
0.802940249443054199
0.802940428256988525
0.802940368652343750
0.802940249443054199
0.802940189838409424
0.802940368652343750
0.802940368652343750
0.802940130233764648
0.802940070629119873
0.802940130233764648
0.802940189838409424
0.803045749664306641
0.802940070629119873
0.802940309047698975
0.802940368652343750
0.802940368652343750
0.802940249443054199
0.802940249443054199
0.802940368652343750
0.802940428256988525
0.802940309047698975
0.802940070629119873
0.802940070629119873
0.802940249443054199
0.803045570850372314
0.802939832210540771
0.802940070629119873
0.802940130233764648
0.802940011024475098
0.802940070629119873
0.802940070629119873
0.802940249443054199
0.802940428256988525
0.802940309047698975
0.802940011024475098
0.802940011024475098
0.802940070629119873
-0.005511958617717028
0.237658500671386719
0.411366462707519531
0.418301820755004883
0.453192830085754395
0.560818672180175781
0.489009737968444824
0.449451804161071777
0.443610548973083496
0.491629362106323242
0.474972009658813477
0.409164190292358398
0.374655842781066895
-0.000369427783880383
0.963195204734802246
1.180650711059570312
1.188022375106811523
1.115679502487182617
1.271304368972778320
1.325933933258056641
1.243585824966430664
1.293163299560546875
1.332532644271850586
1.281298398971557617
1.136261701583862305
1.109675168991088867
-0.000249188538873568
0.915893793106079102
1.184937715530395508
1.209394216537475586
1.088370323181152344
1.154088735580444336
1.200528621673583984
1.119945526123046875
1.148221731185913086
1.187487602233886719
1.274718999862670898
1.282778501510620117
1.143161535263061523
-0.001254495931789279
0.854169607162475586
1.122990131378173828
1.222701787948608398
1.303017377853393555
1.219253540039062500
1.180042505264282227
1.184778928756713867
1.179256200790405273
1.228541612625122070
1.266250610351562500
1.180763721466064453
0.941552996635437012
-0.001529153552837670
0.811320543289184570
0.978971004486083984
1.196449518203735352
1.289590835571289062
1.261565446853637695
1.235593557357788086
1.140542745590209961
1.183235168457031250
1.149333477020263672
1.222242355346679688
1.200351715087890625
1.028368949890136719
-0.001604449120350182
0.728499650955200195
0.971683740615844727
1.077489137649536133
1.028112053871154785
1.103533983230590820
1.217677354812622070
1.188498497009277344
1.273832082748413086
1.167821884155273438
1.267721652984619141
1.172976255416870117
1.083741188049316406
-0.004344911780208349
0.425876140594482422
0.740353941917419434
0.864839673042297363
0.792492508888244629
0.825886011123657227
0.827082157135009766
0.824227452278137207
0.941808104515075684
0.944528102874755859
0.733154892921447754
0.629701852798461914
0.508591771125793457
-0.011873181909322739
-0.011665778234601021
-0.011665966361761093
-0.011665908619761467
-0.011665837839245796
-0.011665763333439827
-0.011665732599794865
-0.011665852740406990
-0.011665941216051579
-0.011665882542729378
-0.011665876023471355
-0.011665827594697475
-0.011665787547826767
-0.011872244067490101
-0.011574432253837585
-0.011574664153158665
-0.011574656702578068
-0.011574462056159973
-0.011574201285839081
-0.011574341915547848
-0.011574506759643555
-0.011574519798159599
-0.011574644595384598
-0.011574664153158665
-0.011574567295610905
-0.011574529111385345
-0.011872241273522377
-0.011574515141546726
-0.011574619449675083
-0.011574917472898960
-0.011574762873351574
-0.011574324220418930
-0.011574397794902325
-0.011574594303965569
-0.011574640870094299
-0.011574668809771538
-0.011574822477996349
-0.011574749834835529
-0.011574406176805496
-0.011872241273522377
-0.011574195697903633
-0.011574523523449898
-0.011574864387512207
-0.011574498377740383
-0.011574593372642994
-0.011574513278901577
-0.011574706993997097
-0.011574629694223404
-0.011574822477996349
-0.011574860662221909
-0.011574668809771538
-0.011574472300708294
-0.011872244067490101
-0.011574311181902885
-0.011574548669159412
-0.011574734933674335
-0.011574652045965195
-0.011574761942028999
-0.011574751697480679
-0.011574852280318737
-0.011574657633900642
-0.011574828065931797
-0.011574870906770229
-0.011574715375900269
-0.011574555188417435
-0.011872248724102974
-0.011574329808354378
-0.011574623174965382
-0.011574758216738701
-0.011574810370802879
-0.011574703268706799
-0.011574797332286835
-0.011574814096093178
-0.011574653908610344
-0.011574755422770977
-0.011574780568480492
-0.011574780568480492
-0.011574506759643555
-0.011872244998812675
-0.011574137024581432
-0.011574609205126762
-0.011574750766158104
-0.011574854142963886
-0.011574755422770977
-0.011574784293770790
-0.011574823409318924
-0.011574758216738701
-0.011574613861739635
-0.011574702337384224
-0.011574774980545044
-0.011574481613934040
0.570730209350585938
0.574133098125457764
0.574690103530883789
0.574194371700286865
0.574184060096740723
0.573745846748352051
0.573717236518859863
0.574230790138244629
0.574144363403320312
0.574635207653045654
0.573863446712493896
0.575459122657775879
0.573184490203857422
0.608795940876007080
0.636560022830963135
0.637225329875946045
0.636645615100860596
0.636291027069091797
0.636040925979614258
0.635325491428375244
0.635989248752593994
0.636674284934997559
0.636745810508728027
0.636531054973602295
0.637159287929534912
0.636395514011383057
0.609237730503082275
0.636472105979919434
0.637154817581176758
0.636813104152679443
0.635818123817443848
0.635122060775756836
0.635096073150634766
0.635449171066284180
0.636198699474334717
0.635129511356353760
0.635923743247985840
0.634820759296417236
0.638284921646118164
0.610579609870910645
0.637682259082794189
0.636686623096466064
0.634758234024047852
0.633462727069854736
0.636733889579772949
0.636181175708770752
0.635369360446929932
0.634778559207916260
0.634707689285278320
0.636322140693664551
0.635949134826660156
0.639630079269409180
0.609333276748657227
0.635044634342193604
0.636541783809661865
0.635380625724792480
0.632841587066650391
0.633950650691986084
0.633991360664367676
0.633915960788726807
0.634310483932495117
0.635029315948486328
0.636982202529907227
0.636552155017852783
0.638767480850219727
0.610055029392242432
0.637143850326538086
0.636980175971984863
0.635676681995391846
0.634999036788940430
0.636973798274993896
0.637098670005798340
0.635061085224151611
0.634089648723602295
0.634538829326629639
0.635478556156158447
0.635367751121520996
0.636531770229339600
0.611231863498687744
0.641245245933532715
0.642104923725128174
0.638753890991210938
0.635744035243988037
0.639550745487213135
0.640689253807067871
0.640709757804870605
0.637971460819244385
0.638228654861450195
0.639848589897155762
0.640938878059387207
0.641896128654479980
0.916501402854919434
0.917447924613952637
0.917402148246765137
0.917267382144927979
0.917462229728698730
0.917292594909667969
0.917280614376068115
0.917397320270538330
0.917240023612976074
0.917351543903350830
0.917319536209106445
0.917552232742309570
0.916916191577911377
0.938066720962524414
0.951935589313507080
0.951428055763244629
0.951288819313049316
0.951378583908081055
0.951415002346038818
0.951226413249969482
0.951161742210388184
0.951339542865753174
0.951210737228393555
0.951356172561645508
0.950854063034057617
0.951825380325317383
0.937856316566467285
0.951114773750305176
0.950627088546752930
0.950621545314788818
0.950289130210876465
0.950170397758483887
0.950034260749816895
0.949992060661315918
0.950335562229156494
0.949939489364624023
0.950013995170593262
0.949340999126434326
0.952898502349853516
0.938516497611999512
0.951422393321990967
0.950328111648559570
0.949808061122894287
0.949549257755279541
0.950697898864746094
0.950633704662322998
0.950039923191070557
0.949623465538024902
0.949574708938598633
0.950194478034973145
0.949596881866455078
0.953689336776733398
0.937551975250244141
0.950109362602233887
0.950401842594146729
0.950072348117828369
0.949212551116943359
0.949301958084106445
0.949318647384643555
0.949437439441680908
0.949557960033416748
0.949590146541595459
0.950371265411376953
0.950116693973541260
0.953060626983642578
0.937576055526733398
0.951480269432067871
0.950495183467864990
0.950236797332763672
0.950133860111236572
0.950746297836303711
0.950488269329071045
0.949726104736328125
0.949547111988067627
0.949675202369689941
0.949792385101318359
0.949649572372436523
0.951771616935729980
0.938375532627105713
0.953150987625122070
0.952781677246093750
0.951798439025878906
0.950239539146423340
0.951781153678894043
0.951898694038391113
0.952318906784057617
0.951366901397705078
0.951546132564544678
0.951822996139526367
0.952080011367797852
0.953970074653625488
0.359018445014953613
0.359014540910720825
0.359014481306076050
0.359014511108398438
0.359014511108398438
0.359014511108398438
0.359014481306076050
0.359014481306076050
0.359014481306076050
0.359014511108398438
0.359014511108398438
0.359014511108398438
0.359014540910720825
0.359015882015228271
0.359011024236679077
0.359011054039001465
0.359011083841323853
0.359011113643646240
0.359011113643646240
0.359011083841323853
0.359011083841323853
0.359011083841323853
0.359011113643646240
0.359011054039001465
0.359011054039001465
0.359011173248291016
0.359015822410583496
0.359010994434356689
0.359011024236679077
0.359011054039001465
0.359011113643646240
0.359011083841323853
0.359011083841323853
0.359011054039001465
0.359011054039001465
0.359011054039001465
0.359011024236679077
0.359011024236679077
0.359011173248291016
0.359015852212905884
0.359010994434356689
0.359011054039001465
0.359011083841323853
0.359011054039001465
0.359011083841323853
0.359011113643646240
0.359011083841323853
0.359011054039001465
0.359011024236679077
0.359011024236679077
0.359011024236679077
0.359011292457580566
0.359015822410583496
0.359011024236679077
0.359011054039001465
0.359011054039001465
0.359011054039001465
0.359011054039001465
0.359011054039001465
0.359011083841323853
0.359011054039001465
0.359011083841323853
0.359011024236679077
0.359011054039001465
0.359011173248291016
0.359015852212905884
0.359011024236679077
0.359011054039001465
0.359011083841323853
0.359011083841323853
0.359011054039001465
0.359011054039001465
0.359011083841323853
0.359011083841323853
0.359011054039001465
0.359011024236679077
0.359011054039001465
0.359011113643646240
0.359015882015228271
0.359011024236679077
0.359010994434356689
0.359011113643646240
0.359011054039001465
0.359011054039001465
0.359011024236679077
0.359011054039001465
0.359010994434356689
0.359011054039001465
0.359011054039001465
0.359011054039001465
0.359011232852935791
-0.009020536206662655
-0.000865432026330382
0.097530663013458252
0.290005266666412354
0.329136371612548828
0.236172854900360107
0.087814629077911377
0.153491079807281494
0.177696406841278076
0.271306276321411133
0.184272289276123047
0.144031822681427002
0.627509713172912598
-0.014363348484039307
-0.003132834332063794
0.156742691993713379
0.292924404144287109
0.317937254905700684
0.342661023139953613
0.255416572093963623
0.200019538402557373
0.295510113239288330
0.343622207641601562
0.225868523120880127
0.428616404533386230
0.974901318550109863
-0.015549673698842525
-0.004982376471161842
0.097617745399475098
0.062595188617706299
0.095220804214477539
0.230348408222198486
0.207856893539428711
0.100462138652801514
0.099218130111694336
0.124561905860900879
0.101719796657562256
0.538162231445312500
0.929523587226867676
-0.015769148245453835
-0.005598928779363632
0.162242472171783447
0.182563066482543945
0.222235441207885742
0.180858314037322998
0.089800536632537842
0.108023285865783691
0.130051374435424805
0.169512569904327393
0.148649156093597412
0.441963195800781250
0.985003232955932617
-0.015723099932074547
-0.006666748784482479
-0.000903776264749467
0.144260466098785400
0.250337183475494385
0.245669901371002197
0.116947114467620850
0.069847524166107178
0.088550567626953125
0.115176439285278320
0.130336403846740723
0.405603051185607910
0.813947319984436035
-0.016270518302917480
-0.006504359189420938
-0.000456401699921116
0.034824073314666748
-0.000298244354780763
0.105805754661560059
0.216717779636383057
0.182809770107269287
0.083069384098052979
0.094668626785278320
0.128994822502136230
0.367380023002624512
0.757943153381347656
-0.015979237854480743
-0.006736119277775288
-0.000283285364275798
0.170110344886779785
-0.000619127764366567
-0.000649532070383430
0.129259407520294189
0.284703135490417480
0.177042782306671143
0.081466019153594971
-0.001406876370310783
-0.000096842049970292
0.513127326965332031
0.170593351125717163
0.176095783710479736
0.178962439298629761
0.176623612642288208
0.173318475484848022
0.175921589136123657
0.176845192909240723
0.176842093467712402
0.177006900310516357
0.176122009754180908
0.176507979631423950
0.179577469825744629
0.169646531343460083
0.130623459815979004
0.140753000974655151
0.143484562635421753
0.141267120838165283
0.136409580707550049
0.136567920446395874
0.140838503837585449
0.139738738536834717
0.141637921333312988
0.141792625188827515
0.140200465917587280
0.149373590946197510
0.117633320391178131
0.133180469274520874
0.153530895709991455
0.152320683002471924
0.147227019071578979
0.147250145673751831
0.150555461645126343
0.150812596082687378
0.148937970399856567
0.148458123207092285
0.149220585823059082
0.150449365377426147
0.156768113374710083
0.104736886918544769
0.136647790670394897
0.152346312999725342
0.150067895650863647
0.140919864177703857
0.152239948511123657
0.150212168693542480
0.150155365467071533
0.151439428329467773
0.151350587606430054
0.150433421134948730
0.148898273706436157
0.155912429094314575
0.089857958257198334
0.138940393924713135
0.153916269540786743
0.150991350412368774
0.144023686647415161
0.148097813129425049
0.149506211280822754
0.150385916233062744
0.151713788509368896
0.151140481233596802
0.152434378862380981
0.150366276502609253
0.154221057891845703
0.100839145481586456
0.139097720384597778
0.153498828411102295
0.150164991617202759
0.146093428134918213
0.147511333227157593
0.148122787475585938
0.149627149105072021
0.149894863367080688
0.150358825922012329
0.151463896036148071
0.150836497545242310
0.150929331779479980
0.117516882717609406
0.131756842136383057
0.145179569721221924
0.143343627452850342
0.136754631996154785
0.143093347549438477
0.145294547080993652
0.145105242729187012
0.138873279094696045
0.142418861389160156
0.144479632377624512
0.143414378166198730
0.143445074558258057
0.121932052075862885
0.197573170065879822
1.142308831214904785
1.423601031303405762
1.735032320022583008
1.853396415710449219
1.756040453910827637
1.494328737258911133
1.568165779113769531
1.585965275764465332
1.686381697654724121
1.598822832107543945
1.444514274597167969
2.163589477539062500
0.881158947944641113
2.558982610702514648
3.147977352142333984
3.353624343872070312
3.434360027313232422
3.627064704895019531
3.571266412734985352
3.377701997756958008
3.432589769363403320
3.494596242904663086
3.334625720977783203
3.388278245925903320
4.177604675292968750
0.757889270782470703
2.308283090591430664
3.059122085571289062
3.063825607299804688
3.123992681503295898
3.327929019927978516
3.310179948806762695
3.122143507003784180
3.093286752700805664
3.149613857269287109
3.127736330032348633
3.598123788833618164
4.162850856781005859
0.681955814361572266
2.194149255752563477
3.150603771209716797
3.392425298690795898
3.448140621185302734
3.277604818344116211
3.161085128784179688
3.160900831222534180
3.162694931030273438
3.207843065261840820
3.175991296768188477
3.432600021362304688
4.213606357574462891
0.598033070564270020
2.042797565460205078
2.822498559951782227
3.210224628448486328
3.417251586914062500
3.333277702331542969
3.141656398773193359
3.099939823150634766
3.122347831726074219
3.112763166427612305
3.099166870117187500
3.401982069015502930
3.932940721511840820
0.489804953336715698
2.023770093917846680
2.816934823989868164
3.028084278106689453
2.932188987731933594
3.045434474945068359
3.216188907623291016
3.227631092071533203
3.157169342041015625
3.131017923355102539
3.133795738220214844
3.367919206619262695
3.908756732940673828
0.386671662330627441
1.732891917228698730
2.659307479858398438
3.089342832565307617
2.796040296554565430
2.647733926773071289
2.859676837921142578
3.145673751831054688
3.135971069335937500
2.955690860748291016
2.553665876388549805
2.586440324783325195
3.017314195632934570
-0.005955739412456751
-0.004559713415801525
-0.004603247158229351
-0.004485388752073050
-0.004498903173953295
-0.004509454127401114
-0.004525198601186275
-0.004553079139441252
-0.004590243566781282
-0.004562327638268471
-0.004686995409429073
-0.004397105891257524
-0.004445290658622980
-0.006995446048676968
-0.004175404552370310
-0.004403481725603342
-0.004364348948001862
-0.004160015843808651
-0.004273394122719765
-0.004159091506153345
-0.004240244626998901
-0.004363113082945347
-0.004386357963085175
-0.004449724685400724
-0.003733212826773524
-0.004738050512969494
-0.007128373719751835
-0.004343085922300816
-0.004653427284210920
-0.004584624432027340
-0.004301247652620077
-0.004339823499321938
-0.004363156389445066
-0.004536724183708429
-0.004618341568857431
-0.004616911523044109
-0.004625345114618540
-0.003500302089378238
-0.004851389210671186
-0.007084258832037449
-0.004514104221016169
-0.004372745752334595
-0.004690720699727535
-0.004126112442463636
-0.004461767617613077
-0.004424143116921186
-0.004402942024171352
-0.004489230457693338
-0.004740410484373569
-0.004632963798940182
-0.003538763383403420
-0.004528085701167583
-0.007105908356606960
-0.004570243414491415
-0.004449804779142141
-0.004578067455440760
-0.004331201780587435
-0.004529458936303854
-0.004584459587931633
-0.004516771528869867
-0.004383571911603212
-0.004545593634247780
-0.004702385980635881
-0.003726964583620429
-0.004650912713259459
-0.007296363357454538
-0.004388142842799425
-0.004548347089439631
-0.004676166456192732
-0.004563417751342058
-0.004455047659575939
-0.004478308837860823
-0.004654860589653254
-0.004512228071689606
-0.004347422160208225
-0.004584368318319321
-0.003798222867771983
-0.004627471324056387
-0.007013948634266853
-0.004415085073560476
-0.004594903439283371
-0.004645742475986481
-0.004725363571196795
-0.004593650810420513
-0.004667903762310743
-0.004664769861847162
-0.004453728906810284
-0.004625420086085796
-0.004616524558514357
-0.004261376801878214
-0.004605031106621027
0.150536417961120605
-0.010029632598161697
-0.012040948495268822
-0.013608260080218315
-0.014145710505545139
-0.013895614072680473
-0.012489895336329937
-0.012470479123294353
-0.012836415320634842
-0.013720080256462097
-0.012831840664148331
-0.012787554413080215
-0.015141210518777370
0.409967482089996338
-0.012160935439169407
-0.016386942937970161
-0.017584173008799553
-0.017813956364989281
-0.018611611798405647
-0.018450090661644936
-0.017479270696640015
-0.017976649105548859
-0.018558537587523460
-0.017387239262461662
-0.019043521955609322
-0.020343210548162460
0.511861443519592285
-0.010456169955432415
-0.015744542703032494
-0.015832465142011642
-0.016324870288372040
-0.017211258411407471
-0.017167452722787857
-0.016044458374381065
-0.015897141769528389
-0.016195742413401604
-0.016115119680762291
-0.020798372104763985
-0.019970659166574478
0.545039653778076172
-0.009610507637262344
-0.016348704695701599
-0.016769509762525558
-0.018217541277408600
-0.017275502905249596
-0.016333112493157387
-0.016348309814929962
-0.016467604786157608
-0.016617767512798309
-0.016336178407073021
-0.019823810085654259
-0.019820095971226692
0.562711238861083984
-0.008906719274818897
-0.014033829793334007
-0.016346480697393417
-0.017993431538343430
-0.017582740634679794
-0.016409918665885925
-0.015940964221954346
-0.016273424029350281
-0.016239847987890244
-0.016083311289548874
-0.019450038671493530
-0.019271103665232658
0.621511280536651611
-0.008856662549078465
-0.013976855203509331
-0.015142297372221947
-0.014682359062135220
-0.015875143930315971
-0.017075266689062119
-0.016630126163363457
-0.016379835084080696
-0.016297360882163048
-0.016344819217920303
-0.019051527604460716
-0.019279764965176582
0.700640618801116943
-0.006735866889357567
-0.012217032723128796
-0.014577312394976616
-0.012733482755720615
-0.012516130693256855
-0.013832382857799530
-0.014839637093245983
-0.015020511113107204
-0.014010067097842693
-0.011717099696397781
-0.012964539229869843
-0.014560363255441189
