-0.011132148094475269
-0.011133199557662010
-0.011133190244436264
-0.011133192107081413
-0.011133193969726562
-0.011133197695016861
-0.011133199557662010
-0.011133198626339436
-0.011133191175758839
-0.011133189313113689
-0.011133197695016861
-0.011133180931210518
-0.011133146472275257
-0.011131121776998043
-0.011132312938570976
-0.011132276616990566
-0.011132286861538887
-0.011132284998893738
-0.011132286861538887
-0.011132287792861462
-0.011132288724184036
-0.011132282204926014
-0.011132280342280865
-0.011132286861538887
-0.011132248677313328
-0.011132205836474895
-0.011131126433610916
-0.011132299900054932
-0.011132270097732544
-0.011132279410958290
-0.011132271960377693
-0.011132278479635715
-0.011132268235087395
-0.011132280342280865
-0.011132273823022842
-0.011132273823022842
-0.011132274754345417
-0.011132240295410156
-0.011132202111184597
-0.011131121776998043
-0.011132298037409782
-0.011132262647151947
-0.011132266372442245
-0.011132270097732544
-0.011132275685667992
-0.011132279410958290
-0.011132282204926014
-0.011132276616990566
-0.011132273823022842
-0.011132280342280865
-0.011132237501442432
-0.011132206767797470
-0.011131121776998043
-0.011132300831377506
-0.011132271960377693
-0.011132273823022842
-0.011132282204926014
-0.011132278479635715
-0.011132274754345417
-0.011132280342280865
-0.011132279410958290
-0.011132275685667992
-0.011132273823022842
-0.011132238432765007
-0.011132202111184597
-0.011131116189062595
-0.011132305487990379
-0.011132271029055119
-0.011132284067571163
-0.011132293380796909
-0.011132278479635715
-0.011132276616990566
-0.011132295243442059
-0.011132279410958290
-0.011132280342280865
-0.011132273823022842
-0.011132240295410156
-0.011132203973829746
-0.011131112463772297
-0.011132309213280678
-0.011132276616990566
-0.011132274754345417
-0.011132292449474335
-0.011132279410958290
-0.011132265441119671
-0.011132288724184036
-0.011132283136248589
-0.011132295243442059
-0.011132284067571163
-0.011132252402603626
-0.011132216081023216
0.879397153854370117
0.690391659736633301
0.550862431526184082
0.500854671001434326
0.487808942794799805
0.524418294429779053
0.588535904884338379
0.621039390563964844
0.571166396141052246
0.495833367109298706
0.587964594364166260
0.523908376693725586
-0.002247786382213235
0.655186533927917480
0.578499138355255127
0.364473521709442139
0.270899683237075806
0.223411083221435547
0.204014927148818970
0.225297302007675171
0.261520653963088989
0.251756280660629272
0.230654418468475342
0.345626026391983032
-0.000068039298639633
-0.008568010292947292
0.703868091106414795
0.744714856147766113
0.476946264505386353
0.424065172672271729
0.372138768434524536
0.371783554553985596
0.354332745075225830
0.400368511676788330
0.323392868041992188
0.332868337631225586
0.404793798923492432
-0.000068081615609117
-0.005304709076881409
0.803020358085632324
0.745462357997894287
0.411635041236877441
0.310056716203689575
0.333609372377395630
0.266566812992095947
0.352014541625976562
0.396069407463073730
0.392593234777450562
0.328963309526443481
0.474063932895660400
0.039961040019989014
-0.004877704661339521
0.774852275848388672
0.804727435111999512
0.544978201389312744
0.393909275531768799
0.335940897464752197
0.305677831172943115
0.357570052146911621
0.370173990726470947
0.427207231521606445
0.366533070802688599
0.465470850467681885
0.039210796356201172
-0.004809014033526182
0.821733236312866211
0.818440377712249756
0.492896914482116699
0.449420571327209473
0.455401241779327393
0.372984230518341064
0.315439701080322266
0.332215577363967896
0.297909796237945557
0.429396659135818481
0.489539980888366699
0.005831599235534668
-0.005243386607617140
0.826312780380249023
0.870505690574645996
0.502135872840881348
0.333302766084671021
0.421806156635284424
0.462524116039276123
0.371034920215606689
0.376258194446563721
0.333886861801147461
0.515269696712493896
0.634454548358917236
0.326200306415557861
-0.004138238728046417
-0.014118425548076630
-0.008489302359521389
-0.005391635000705719
-0.004372023046016693
-0.004263930488377810
-0.004600103478878736
-0.006015172693878412
-0.005998464301228523
-0.005605129059404135
-0.004395172931253910
-0.005617593880742788
-0.003387894947081804
1.191434860229492188
-0.006513404659926891
0.329018115997314453
0.878716230392456055
0.954718232154846191
1.059112310409545898
1.095071315765380859
1.021964311599731445
0.977356851100921631
1.036993026733398438
1.070351839065551758
0.897325217723846436
1.715959787368774414
3.765419006347656250
-0.007485454902052879
0.096580214798450470
0.792851686477661133
0.735521554946899414
0.880689263343811035
0.951442778110504150
0.977497994899749756
0.808244943618774414
0.937930226325988770
0.979016125202178955
0.799605906009674072
1.720131635665893555
3.563223361968994141
-0.007942912168800831
0.080695636570453644
0.879209935665130615
0.999308526515960693
1.003205537796020508
1.030249834060668945
0.820611178874969482
0.781618058681488037
0.820057451725006104
0.961542785167694092
0.727056324481964111
1.638450622558593750
3.573827743530273438
-0.008028903044760227
-0.000197538349311799
0.582860231399536133
0.830584526062011719
0.896527111530303955
0.960779309272766113
0.872635066509246826
0.853030204772949219
0.757005631923675537
0.812689840793609619
0.700538396835327148
1.621429204940795898
3.468628406524658203
-0.008777617476880550
-0.000072174851084128
0.753535568714141846
0.739036083221435547
0.732818365097045898
0.885695338249206543
0.932868421077728271
0.926973700523376465
0.930320441722869873
0.688799619674682617
0.632718443870544434
1.700094699859619141
3.434146165847778320
-0.007823624648153782
-0.000528834061697125
0.767950475215911865
0.954441785812377930
0.785657882690429688
0.740719020366668701
0.910257995128631592
0.979951679706573486
1.080322027206420898
0.771738588809967041
0.526593267917633057
1.232604742050170898
3.005957603454589844
0.404369801282882690
0.404369056224822998
0.404369056224822998
0.404369056224822998
0.404369056224822998
0.404369056224822998
0.404369056224822998
0.404369056224822998
0.404369056224822998
0.404369056224822998
0.404369056224822998
0.404369056224822998
0.404369056224822998
0.404368042945861816
0.404366999864578247
0.404366999864578247
0.404366999864578247
0.404366999864578247
0.404366999864578247
0.404366999864578247
0.404366999864578247
0.404366999864578247
0.404366999864578247
0.404366999864578247
0.404366999864578247
0.404366999864578247
0.404368042945861816
0.404366999864578247
0.404366999864578247
0.404366999864578247
0.404366999864578247
0.404366999864578247
0.404366999864578247
0.404366999864578247
0.404366999864578247
0.404366999864578247
0.404366999864578247
0.404366999864578247
0.404366999864578247
0.404368042945861816
0.404366999864578247
0.404366999864578247
0.404366999864578247
0.404366999864578247
0.404366999864578247
0.404366999864578247
0.404366999864578247
0.404366999864578247
0.404366999864578247
0.404366999864578247
0.404366999864578247
0.404367029666900635
0.404368042945861816
0.404366999864578247
0.404366999864578247
0.404366999864578247
0.404366999864578247
0.404366999864578247
0.404366999864578247
0.404366999864578247
0.404366999864578247
0.404366999864578247
0.404366999864578247
0.404366999864578247
0.404366999864578247
0.404368042945861816
0.404366999864578247
0.404366999864578247
0.404366999864578247
0.404366999864578247
0.404366999864578247
0.404366999864578247
0.404366999864578247
0.404366999864578247
0.404366999864578247
0.404366999864578247
0.404366999864578247
0.404366999864578247
0.404368042945861816
0.404366970062255859
0.404366999864578247
0.404366999864578247
0.404366999864578247
0.404366999864578247
0.404366999864578247
0.404366999864578247
0.404366999864578247
0.404366999864578247
0.404366999864578247
0.404366999864578247
0.404366999864578247
0.443793207406997681
0.517996668815612793
0.186992466449737549
0.077302157878875732
0.078063905239105225
0.091522872447967529
0.201192826032638550
0.261593610048294067
0.190859019756317139
0.088932484388351440
0.187543362379074097
0.246340632438659668
-0.009686216711997986
-0.003802277613431215
0.272676914930343628
-0.002851789584383368
-0.003875666065141559
-0.004759537521749735
-0.005433485843241215
-0.004680504556745291
-0.004261493682861328
-0.004757168702781200
-0.005021464545279741
-0.003663168521597981
-0.005315274931490421
-0.025652680546045303
-0.003877184819430113
0.468856602907180786
-0.001486200024373829
-0.001595730194821954
-0.002807215787470341
-0.003331587882712483
-0.003148008137941360
-0.002497935900464654
-0.003931031096726656
-0.003844350110739470
-0.002853228477761149
-0.005066540092229843
-0.024673711508512497
-0.003282387740910053
0.500468969345092773
-0.002097556600347161
-0.004048326984047890
-0.003522829618304968
-0.004621441476047039
-0.003224464831873775
-0.002755578141659498
-0.002585294889286160
-0.003576416056603193
-0.002120379824191332
-0.004464543890208006
-0.024615824222564697
-0.003253574250265956
0.586782455444335938
0.023412264883518219
-0.002334598917514086
-0.003520792583003640
-0.003837571013718843
-0.003481911029666662
-0.003026233753189445
-0.002057201927527785
-0.002655057469382882
-0.002026315778493881
-0.004506465513259172
-0.023611677810549736
-0.002637636614963412
0.584473609924316406
-0.000832737016025931
-0.001886588870547712
-0.000823156908154488
-0.002842524088919163
-0.003911590669304132
-0.003486502449959517
-0.003962979651987553
-0.001895781955681741
-0.001517344964668155
-0.004922281950712204
-0.023301176726818085
-0.000016707888789824
0.673283457756042480
-0.000400185352191329
-0.003024499397724867
-0.000188412435818464
-0.001857416122220457
-0.002282012253999710
-0.002315000165253878
-0.002802464878186584
-0.001128704403527081
0.142262578010559082
-0.000487235316541046
-0.016992177814245224
0.261050939559936523
0.261539876461029053
0.261522501707077026
0.261534571647644043
0.261530518531799316
0.261518150568008423
0.261511832475662231
0.261518597602844238
0.261542320251464844
0.261554926633834839
0.261504083871841431
0.261530786752700806
0.261871248483657837
0.262480825185775757
0.262968569993972778
0.263033568859100342
0.263018697500228882
0.263044357299804688
0.263072550296783447
0.263086259365081787
0.263033896684646606
0.263043284416198730
0.263044625520706177
0.262986987829208374
0.263147711753845215
0.263642191886901855
0.262470185756683350
0.262961208820343018
0.263047993183135986
0.262994080781936646
0.263023227453231812
0.263041913509368896
0.263107925653457642
0.263034164905548096
0.263038337230682373
0.263041347265243530
0.262997150421142578
0.263189226388931274
0.263588964939117432
0.262482911348342896
0.262958616018295288
0.263028919696807861
0.263038158416748047
0.263021826744079590
0.263066321611404419
0.263083368539810181
0.263048738241195679
0.263047248125076294
0.263018548488616943
0.262948662042617798
0.263139635324478149
0.263577282428741455
0.262536048889160156
0.262964695692062378
0.263032168149948120
0.263059914112091064
0.263028949499130249
0.263071715831756592
0.263072550296783447
0.263033002614974976
0.263060688972473145
0.263028353452682495
0.262974172830581665
0.263163357973098755
0.263599485158920288
0.262492984533309937
0.262938499450683594
0.263013541698455811
0.263004064559936523
0.263053804636001587
0.263034373521804810
0.263035595417022705
0.263037443161010742
0.263106495141983032
0.263065159320831299
0.262961536645889282
0.263169169425964355
0.263554126024246216
0.262479305267333984
0.262872219085693359
0.262927681207656860
0.262969344854354858
0.262968987226486206
0.263026028871536255
0.263021707534790039
0.263001799583435059
0.262999087572097778
0.262950181961059570
0.262862950563430786
0.263058304786682129
0.263365089893341064
0.522741913795471191
0.866225719451904297
0.789822816848754883
0.788588762283325195
0.766939640045166016
0.757376730442047119
0.741014659404754639
0.739045023918151855
0.762622773647308350
0.781178295612335205
0.742719769477844238
0.898993194103240967
1.480175971984863281
-0.004214312881231308
-0.003576350165531039
-0.003580131335183978
-0.003436137456446886
-0.003636433975771070
-0.003891672939062119
-0.003736456623300910
-0.003764556488022208
-0.003812337992712855
-0.003710768185555935
-0.004054904915392399
0.001050770282745361
1.097329616546630859
-0.004962612409144640
-0.004822752438485622
-0.004183099139481783
-0.004046651069074869
-0.004164615646004677
-0.004495176021009684
-0.004177711904048920
-0.004565702751278877
-0.004383114632219076
-0.004369582980871201
-0.004504934418946505
-0.000070383546699304
1.136641860008239746
-0.004757281392812729
-0.004441587720066309
-0.004031166899949312
-0.004310938995331526
-0.004382738843560219
-0.004247171804308891
-0.004475174937397242
-0.004551355727016926
-0.004517087712883949
-0.004180687479674816
-0.004730955231934786
-0.000162858370458707
1.109375000000000000
-0.004976631142199039
-0.004424193874001503
-0.003966497257351875
-0.003844968043267727
-0.004161469638347626
-0.004257698077708483
-0.004513129126280546
-0.004187966696918011
-0.004132745321840048
-0.003896732348948717
-0.004522671457380056
-0.000345425010891631
1.107182264328002930
-0.004668955691158772
-0.004758549854159355
-0.004008307587355375
-0.003806069958955050
-0.003708726027980447
-0.004059965722262859
-0.004057303536683321
-0.004324517212808132
-0.003903759643435478
-0.004634529352188110
-0.004919023253023624
-0.000090264678874519
1.053771018981933594
-0.003427551826462150
-0.003112586680799723
-0.002845894079655409
-0.002574717858806252
-0.002888650866225362
-0.004145931918174028
-0.003363686613738537
-0.003472625045105815
-0.003075951244682074
-0.004069409333169460
-0.003776754019781947
0.007986366748809814
1.022528886795043945
0.886103034019470215
0.886102557182312012
0.886102557182312012
0.886102557182312012
0.886102557182312012
0.886102557182312012
0.886102557182312012
0.886102557182312012
0.886102557182312012
0.886102557182312012
0.886102557182312012
0.886102557182312012
0.886102557182312012
0.886102378368377686
0.886101722717285156
0.886101722717285156
0.886101722717285156
0.886101722717285156
0.886101722717285156
0.886101722717285156
0.886101722717285156
0.886101722717285156
0.886101722717285156
0.886101722717285156
0.886101722717285156
0.886101722717285156
0.886102378368377686
0.886101722717285156
0.886101722717285156
0.886101722717285156
0.886101722717285156
0.886101722717285156
0.886101722717285156
0.886101722717285156
0.886101722717285156
0.886101722717285156
0.886101722717285156
0.886101722717285156
0.886101722717285156
0.886102378368377686
0.886101722717285156
0.886101722717285156
0.886101722717285156
0.886101722717285156
0.886101722717285156
0.886101722717285156
0.886101722717285156
0.886101722717285156
0.886101722717285156
0.886101722717285156
0.886101722717285156
0.886101782321929932
0.886102378368377686
0.886101722717285156
0.886101722717285156
0.886101722717285156
0.886101722717285156
0.886101722717285156
0.886101722717285156
0.886101722717285156
0.886101722717285156
0.886101722717285156
0.886101722717285156
0.886101722717285156
0.886101722717285156
0.886102378368377686
0.886101722717285156
0.886101722717285156
0.886101722717285156
0.886101722717285156
0.886101722717285156
0.886101722717285156
0.886101722717285156
0.886101722717285156
0.886101722717285156
0.886101722717285156
0.886101722717285156
0.886101722717285156
0.886102378368377686
0.886101722717285156
0.886101722717285156
0.886101782321929932
0.886101722717285156
0.886101722717285156
0.886101722717285156
0.886101722717285156
0.886101722717285156
0.886101722717285156
0.886101722717285156
0.886101722717285156
0.886101722717285156
-0.008924691006541252
-0.008924691006541252
-0.008924691006541252
-0.008924691006541252
-0.008924691006541252
-0.008924691006541252
-0.008924691006541252
-0.008924691006541252
-0.008924691006541252
-0.008924691006541252
-0.008924691006541252
-0.008924691006541252
-0.008924691006541252
-0.008924691006541252
-0.008924691006541252
-0.008924691006541252
-0.008924691006541252
-0.008924691006541252
-0.008924691006541252
-0.008924691006541252
-0.008924691006541252
-0.008924691006541252
-0.008924691006541252
-0.008924691006541252
-0.008924691006541252
-0.008924691006541252
-0.008924691006541252
-0.008924691006541252
-0.008924691006541252
-0.008924691006541252
-0.008924691006541252
-0.008924691006541252
-0.008924691006541252
-0.008924691006541252
-0.008924691006541252
-0.008924691006541252
-0.008924691006541252
-0.008924691006541252
-0.008924691006541252
-0.008924691006541252
-0.008924691006541252
-0.008924691006541252
-0.008924691006541252
-0.008924691006541252
-0.008924691006541252
-0.008924691006541252
-0.008924691006541252
-0.008924691006541252
-0.008924691006541252
-0.008924691006541252
-0.008924691006541252
-0.008924691006541252
-0.008924691006541252
-0.008924691006541252
-0.008924691006541252
-0.008924691006541252
-0.008924691006541252
-0.008924691006541252
-0.008924691006541252
-0.008924691006541252
-0.008924691006541252
-0.008924691006541252
-0.008924691006541252
-0.008924691006541252
-0.008924691006541252
-0.008924691006541252
-0.008924691006541252
-0.008924691006541252
-0.008924691006541252
-0.008924691006541252
-0.008924691006541252
-0.008924691006541252
-0.008924691006541252
-0.008924691006541252
-0.008924691006541252
-0.008924691006541252
-0.008924691006541252
-0.008924691006541252
-0.008924691006541252
-0.008924691006541252
-0.008924691006541252
-0.008924691006541252
-0.008924691006541252
-0.008924691006541252
-0.008924691006541252
-0.008924691006541252
-0.008924691006541252
-0.008924691006541252
-0.008924691006541252
-0.008924691006541252
-0.008924691006541252
0.771393537521362305
0.806095361709594727
0.826623141765594482
0.831957221031188965
0.834049403667449951
0.832852959632873535
0.828797817230224609
0.829426884651184082
0.829059541225433350
0.832389712333679199
0.830784201622009277
0.835503101348876953
0.822996616363525391
0.847608387470245361
0.935468733310699463
0.964133083820343018
0.967333555221557617
0.973007202148437500
0.975657224655151367
0.972755908966064453
0.969609797000885010
0.973992466926574707
0.972748339176177979
0.969592332839965820
0.980223178863525391
0.938292324542999268
0.849086284637451172
0.937329590320587158
0.966298520565032959
0.963208973407745361
0.970661401748657227
0.977242350578308105
0.977140128612518311
0.970359265804290771
0.974867820739746094
0.975904703140258789
0.969795107841491699
0.983781695365905762
0.933040738105773926
0.847539901733398438
0.935699701309204102
0.968552708625793457
0.974143624305725098
0.976828098297119141
0.978952288627624512
0.974858224391937256
0.971208810806274414
0.972226262092590332
0.973160028457641602
0.968796133995056152
0.979345619678497314
0.936611711978912354
0.847916722297668457
0.934883594512939453
0.958942174911499023
0.967753648757934570
0.972466111183166504
0.977450251579284668
0.976013064384460449
0.974500477313995361
0.970549106597900391
0.968075692653656006
0.967311799526214600
0.980090320110321045
0.932834088802337646
0.844252407550811768
0.934810280799865723
0.963872432708740234
0.964798808097839355
0.963346600532531738
0.968735814094543457
0.971922755241394043
0.977356791496276855
0.973718881607055664
0.968184113502502441
0.967792987823486328
0.982525706291198730
0.932605624198913574
0.835923254489898682
0.916634619235992432
0.947000205516815186
0.949161112308502197
0.953029453754425049
0.954369664192199707
0.958561301231384277
0.962986588478088379
0.964834094047546387
0.958550274372100830
0.947833418846130371
0.954859018325805664
0.919414043426513672
0.473733812570571899
0.473733723163604736
0.473733723163604736
0.473733723163604736
0.473733723163604736
0.473733723163604736
0.473733723163604736
0.473733723163604736
0.473733723163604736
0.473733723163604736
0.473733723163604736
0.473733723163604736
0.473733723163604736
0.473734378814697266
0.473734378814697266
0.473734378814697266
0.473734378814697266
0.473734378814697266
0.473734378814697266
0.473734378814697266
0.473734378814697266
0.473734378814697266
0.473734378814697266
0.473734378814697266
0.473734378814697266
0.473734378814697266
0.473734378814697266
0.473734378814697266
0.473734378814697266
0.473734378814697266
0.473734378814697266
0.473734378814697266
0.473734378814697266
0.473734378814697266
0.473734378814697266
0.473734378814697266
0.473734378814697266
0.473734378814697266
0.473734378814697266
0.473734378814697266
0.473734378814697266
0.473734378814697266
0.473734378814697266
0.473734378814697266
0.473734378814697266
0.473734378814697266
0.473734378814697266
0.473734378814697266
0.473734378814697266
0.473734378814697266
0.473734378814697266
0.473734378814697266
0.473734378814697266
0.473734378814697266
0.473734378814697266
0.473734378814697266
0.473734378814697266
0.473734378814697266
0.473734378814697266
0.473734378814697266
0.473734378814697266
0.473734378814697266
0.473734378814697266
0.473734378814697266
0.473734378814697266
0.473734378814697266
0.473734378814697266
0.473734378814697266
0.473734378814697266
0.473734378814697266
0.473734378814697266
0.473734378814697266
0.473734378814697266
0.473734378814697266
0.473734378814697266
0.473734378814697266
0.473734378814697266
0.473734378814697266
0.473734378814697266
0.473734378814697266
0.473734378814697266
0.473734378814697266
0.473734378814697266
0.473734378814697266
0.473734378814697266
0.473734378814697266
0.473734378814697266
0.473734378814697266
0.473734378814697266
0.473734378814697266
0.473734378814697266
-0.008919155225157738
-0.008283800445497036
-0.008290460333228111
-0.008292023092508316
-0.008291942067444324
-0.008291793055832386
-0.008287597447633743
-0.008284826762974262
-0.008285732008516788
-0.008290028199553490
-0.008292052894830704
-0.008279190398752689
-0.008434239774942398
-0.009530113078653812
-0.008687428198754787
-0.008713681250810623
-0.008728647604584694
-0.008725834079086781
-0.008728410117328167
-0.008728821761906147
-0.008729620836675167
-0.008724340237677097
-0.008721958845853806
-0.008722089231014252
-0.008715058676898479
-0.009166246280074120
-0.009558545425534248
-0.008710850030183792
-0.008717074990272522
-0.008730229921638966
-0.008727577514946461
-0.008728331886231899
-0.008725719526410103
-0.008738425560295582
-0.008731669746339321
-0.008730675093829632
-0.008737287484109402
-0.008718349039554596
-0.009403681382536888
-0.009685763157904148
-0.008715067058801651
-0.008723793551325798
-0.008733339607715607
-0.008735333569347858
-0.008739056997001171
-0.008737635798752308
-0.008735979907214642
-0.008737179450690746
-0.008733713068068027
-0.008726902306079865
-0.008714020252227783
-0.009409906342625618
-0.009602759964764118
-0.008711940608918667
-0.008723443374037743
-0.008734117262065411
-0.008740678429603577
-0.008731305599212646
-0.008731870912015438
-0.008737380616366863
-0.008727869950234890
-0.008735013194382191
-0.008732429705560207
-0.008712202310562134
-0.009394973516464233
-0.009640540927648544
-0.008682837709784508
-0.008718368597328663
-0.008738633245229721
-0.008729572407901287
-0.008734334260225296
-0.008736320771276951
-0.008737220428884029
-0.008739104494452477
-0.008740717545151711
-0.008731628768146038
-0.008706331253051758
-0.009275500662624836
-0.009567172266542912
-0.008723122999072075
-0.008738927543163300
-0.008759259246289730
-0.008759255520999432
-0.008757434785366058
-0.008744950406253338
-0.008749408647418022
-0.008747798390686512
-0.008744741789996624
-0.008750106208026409
-0.008723235689103603
-0.009161106310784817
0.057431422173976898
0.061026223003864288
0.061033524572849274
0.061043713241815567
0.061045341193675995
0.061050862073898315
0.061049569398164749
0.061046615242958069
0.061035700142383575
0.061029892414808273
0.061042647808790207
0.061107292771339417
0.061050891876220703
0.055008307099342346
0.059658683836460114
0.059684254229068756
0.059687323868274689
0.059681024402379990
0.059677075594663620
0.059690419584512711
0.059715293347835541
0.059699341654777527
0.059678159654140472
0.059664383530616760
0.059826292097568512
0.059579424560070038
0.054979242384433746
0.059626035392284393
0.059644170105457306
0.059653520584106445
0.059656485915184021
0.059651572257280350
0.059627462178468704
0.059641104191541672
0.059634134173393250
0.059644721448421478
0.059628222137689590
0.059821233153343201
0.059507690370082855
0.054958283901214600
0.059639155864715576
0.059631738811731339
0.059631131589412689
0.059659413993358612
0.059682026505470276
0.059652779251337051
0.059640336781740189
0.059637412428855896
0.059634927660226822
0.059627812355756760
0.059819605201482773
0.059538144618272781
0.054932966828346252
0.059636339545249939
0.059623606503009796
0.059620670974254608
0.059645414352416992
0.059650022536516190
0.059624481946229935
0.059666629880666733
0.059634294360876083
0.059618864208459854
0.059616811573505402
0.059811364859342575
0.059508357197046280
0.054953936487436295
0.059656172990798950
0.059645414352416992
0.059659417718648911
0.059651486575603485
0.059636246412992477
0.059649381786584854
0.059685267508029938
0.059633918106555939
0.059613633900880814
0.059605881571769714
0.059844274073839188
0.059546694159507751
0.054983351379632950
0.059620972722768784
0.059641692787408829
0.059650130569934845
0.059710517525672913
0.059578299522399902
0.059604279696941376
0.059653963893651962
0.059648726135492325
0.059605039656162262
0.059608131647109985
0.059769064188003540
0.059628877788782120
0.259097784757614136
0.259366273880004883
0.259390205144882202
0.259399473667144775
0.259407997131347656
0.259379535913467407
0.259349405765533447
0.259362161159515381
0.259374499320983887
0.259386003017425537
0.259368896484375000
0.259457767009735107
0.259340137243270874
0.259044200181961060
0.259345829486846924
0.259400993585586548
0.259412825107574463
0.259428620338439941
0.259419202804565430
0.259413123130798340
0.259426146745681763
0.259437799453735352
0.259433388710021973
0.259412974119186401
0.259524822235107422
0.259346455335617065
0.259032577276229858
0.259338736534118652
0.259400397539138794
0.259417474269866943
0.259452372789382935
0.259448707103729248
0.259436190128326416
0.259416669607162476
0.259438097476959229
0.259452134370803833
0.259431928396224976
0.259514242410659790
0.259294688701629639
0.259017258882522583
0.259319126605987549
0.259416431188583374
0.259439766407012939
0.259442657232284546
0.259442746639251709
0.259423941373825073
0.259415954351425171
0.259425520896911621
0.259459674358367920
0.259438425302505493
0.259522289037704468
0.259287327527999878
0.259003013372421265
0.259302258491516113
0.259373396635055542
0.259392440319061279
0.259411603212356567
0.259421825408935547
0.259414255619049072
0.259403556585311890
0.259394824504852295
0.259400606155395508
0.259417474269866943
0.259516656398773193
0.259283274412155151
0.259026706218719482
0.259332478046417236
0.259413391351699829
0.259405672550201416
0.259408950805664062
0.259444087743759155
0.259444653987884521
0.259421288967132568
0.259401738643646240
0.259379386901855469
0.259396553039550781
0.259549885988235474
0.259319245815277100
0.259060561656951904
0.259361386299133301
0.259460270404815674
0.259477943181991577
0.259503841400146484
0.259467959403991699
0.259457349777221680
0.259463757276535034
0.259484678506851196
0.259446769952774048
0.259419530630111694
0.259529262781143188
0.259434014558792114
0.658636212348937988
0.652073860168457031
0.650364041328430176
0.649728178977966309
0.649563431739807129
0.649817347526550293
0.650600612163543701
0.650821447372436523
0.650387644767761230
0.649683237075805664
0.650409579277038574
0.649315476417541504
0.643615126609802246
0.659820675849914551
0.652676701545715332
0.649482429027557373
0.648474931716918945
0.647871673107147217
0.647600471973419189
0.647776603698730469
0.648088634014129639
0.647888183593750000
0.647931814193725586
0.649058699607849121
0.645016312599182129
0.636818885803222656
0.660339415073394775
0.654176056385040283
0.650475919246673584
0.650050997734069824
0.649208664894104004
0.648964166641235352
0.648877680301666260
0.649468243122100830
0.648891627788543701
0.648790240287780762
0.649760186672210693
0.644717097282409668
0.638480246067047119
0.660810232162475586
0.654152035713195801
0.649813115596771240
0.648760378360748291
0.648629665374755859
0.648079693317413330
0.649143815040588379
0.649498820304870605
0.649553120136260986
0.648861408233642578
0.650325775146484375
0.645259499549865723
0.638513565063476562
0.660827875137329102
0.654764354228973389
0.651468336582183838
0.649709343910217285
0.649081945419311523
0.648652374744415283
0.649116456508636475
0.649135947227478027
0.649899065494537354
0.649624168872833252
0.650442719459533691
0.645312249660491943
0.638873517513275146
0.661027550697326660
0.654791295528411865
0.650670826435089111
0.650316596031188965
0.650364398956298828
0.649369001388549805
0.648881137371063232
0.648906111717224121
0.648774564266204834
0.650058984756469727
0.650800406932830811
0.644868075847625732
0.639003276824951172
0.661130785942077637
0.655789673328399658
0.651085674762725830
0.649913012981414795
0.650204241275787354
0.650628626346588135
0.649735450744628906
0.649513840675354004
0.649097681045532227
0.650871634483337402
0.652470052242279053
0.648435831069946289
0.640925347805023193
0.881801307201385498
0.881580829620361328
0.881598412990570068
0.881593465805053711
0.881590604782104492
0.881591498851776123
0.881587624549865723
0.881586015224456787
0.881586909294128418
0.881583094596862793
0.881590902805328369
0.881576061248779297
0.881309986114501953
0.880879759788513184
0.880105257034301758
0.880158066749572754
0.880135595798492432
0.880117893218994141
0.880128443241119385
0.880123257637023926
0.880127668380737305
0.880135357379913330
0.880135953426361084
0.880127072334289551
0.880128145217895508
0.879545748233795166
0.880888104438781738
0.880090832710266113
0.880147099494934082
0.880135297775268555
0.880119085311889648
0.880157530307769775
0.880169212818145752
0.880161643028259277
0.880141913890838623
0.880155444145202637
0.880153715610504150
0.880134105682373047
0.879602551460266113
0.880902409553527832
0.880104362964630127
0.880138099193572998
0.880162298679351807
0.880155324935913086
0.880167365074157715
0.880180835723876953
0.880158662796020508
0.880153954029083252
0.880141317844390869
0.880146503448486328
0.880136728286743164
0.879655301570892334
0.880906164646148682
0.880123257637023926
0.880129694938659668
0.880145311355590820
0.880174517631530762
0.880172669887542725
0.880187630653381348
0.880167543888092041
0.880180358886718750
0.880164027214050293
0.880162060260772705
0.880144655704498291
0.879677712917327881
0.880902528762817383
0.880102455615997314
0.880161404609680176
0.880166113376617432
0.880162000656127930
0.880151569843292236
0.880148828029632568
0.880180597305297852
0.880165457725524902
0.880164384841918945
0.880169510841369629
0.880156457424163818
0.879788577556610107
0.880870282649993896
0.880043208599090576
0.880055963993072510
0.880106568336486816
0.880150020122528076
0.880130171775817871
0.880092263221740723
0.880128800868988037
0.880129814147949219
0.880107760429382324
0.880066037178039551
0.880052149295806885
0.879892408847808838
0.493516236543655396
0.494152069091796875
0.494209676980972290
0.494231909513473511
0.494252502918243408
0.494183897972106934
0.494111567735671997
0.494142293930053711
0.494171887636184692
0.494199663400650024
0.494158148765563965
0.494372248649597168
0.494087517261505127
0.493396520614624023
0.494112640619277954
0.494244813919067383
0.494273662567138672
0.494311690330505371
0.494288831949234009
0.494274407625198364
0.494305491447448730
0.494333446025848389
0.494322925806045532
0.494273841381072998
0.494542747735977173
0.494110971689224243
0.493368387222290039
0.494095623493194580
0.494243592023849487
0.494284689426422119
0.494368463754653931
0.494359195232391357
0.494329661130905151
0.494282454252243042
0.494334459304809570
0.494367748498916626
0.494319260120391846
0.494517117738723755
0.493986159563064575
0.493331432342529297
0.494048357009887695
0.494282454252243042
0.494338244199752808
0.494344979524612427
0.494345307350158691
0.494299978017807007
0.494280606508255005
0.494304031133651733
0.494386315345764160
0.494334727525711060
0.494536399841308594
0.493968546390533447
0.493297308683395386
0.494007855653762817
0.494178652763366699
0.494224339723587036
0.494270563125610352
0.494295001029968262
0.494276672601699829
0.494250863790512085
0.494230121374130249
0.494244277477264404
0.494284719228744507
0.494522750377655029
0.493958920240402222
0.493354380130767822
0.494080126285552979
0.494274914264678955
0.494256019592285156
0.494264066219329834
0.494348526000976562
0.494349718093872070
0.494293451309204102
0.494246900081634521
0.494192808866500854
0.494234532117843628
0.494602710008621216
0.494045346975326538
0.493435919284820557
0.494148999452590942
0.494387090206146240
0.494428992271423340
0.494491904973983765
0.494405120611190796
0.494380116462707520
0.494395166635513306
0.494445621967315674
0.494354248046875000
0.494289129972457886
0.494553178548812866
0.494321912527084351
0.354777842760086060
0.939134120941162109
1.073185086250305176
1.119792342185974121
1.131332635879516602
1.104665398597717285
1.026351571083068848
1.031430959701538086
1.065481185913085938
1.126335144042968750
1.057458281517028809
1.209817528724670410
1.884088993072509766
0.241743475198745728
1.029907941818237305
1.336674690246582031
1.418136835098266602
1.469472885131835938
1.490833997726440430
1.473449826240539551
1.453669428825378418
1.466837406158447266
1.458671808242797852
1.347478508949279785
1.848140001296997070
2.736040353775024414
0.167813897132873535
0.872887611389160156
1.239451169967651367
1.261810302734375000
1.353283643722534180
1.383538246154785156
1.402959585189819336
1.338429927825927734
1.358523368835449219
1.377670764923095703
1.282263040542602539
1.876823663711547852
2.591301918029785156
0.138696849346160889
0.897902548313140869
1.300801396369934082
1.379796385765075684
1.414993047714233398
1.457315444946289062
1.336817741394042969
1.314925551414489746
1.321760654449462891
1.372512340545654297
1.219474554061889648
1.827930927276611328
2.591046571731567383
0.120711147785186768
0.832660198211669922
1.156226158142089844
1.323179483413696289
1.365330815315246582
1.393640756607055664
1.343029022216796875
1.353513002395629883
1.283997297286987305
1.290735960006713867
1.198954939842224121
1.809737443923950195
2.543640136718750000
0.102366864681243896
0.848216176033020020
1.242848396301269531
1.288416743278503418
1.275887012481689453
1.358455181121826172
1.388698339462280273
1.389934182167053223
1.385098814964294434
1.258245944976806641
1.167591691017150879
1.859999418258666992
2.538209438323974609
0.173001706600189209
0.819825232028961182
1.260232210159301758
1.392853736877441406
1.352349996566772461
1.271934747695922852
1.359955191612243652
1.403131246566772461
1.447712779045104980
1.259466052055358887
1.119352817535400391
1.596790790557861328
2.388247251510620117
0.676854014396667480
0.688829779624938965
0.687248528003692627
0.686657845973968506
0.687042415142059326
0.686648011207580566
0.687882602214813232
0.688187539577484131
0.686931312084197998
0.686705410480499268
0.686638116836547852
0.685400247573852539
0.681856155395507812
0.675044834613800049
0.689021706581115723
0.682431817054748535
0.683620452880859375
0.683081269264221191
0.683809101581573486
0.684200286865234375
0.683979272842407227
0.682080566883087158
0.682691574096679688
0.682024240493774414
0.678487479686737061
0.673818707466125488
0.676115036010742188
0.688157916069030762
0.680046319961547852
0.682030737400054932
0.680747151374816895
0.681410789489746094
0.681234419345855713
0.682091772556304932
0.681638419628143311
0.680407822132110596
0.680304229259490967
0.676281750202178955
0.672359526157379150
0.675889372825622559
0.688075304031372070
0.680473029613494873
0.681316256523132324
0.680410206317901611
0.681932389736175537
0.682570040225982666
0.682539522647857666
0.682753682136535645
0.680111646652221680
0.679706633090972900
0.676236808300018311
0.673084557056427002
0.676883220672607422
0.688085854053497314
0.680753767490386963
0.681468367576599121
0.682735860347747803
0.682446777820587158
0.682511746883392334
0.681826770305633545
0.682542264461517334
0.681812226772308350
0.680509746074676514
0.676721811294555664
0.672163426876068115
0.675526022911071777
0.688238024711608887
0.681946337223052979
0.682590126991271973
0.684533178806304932
0.682091057300567627
0.681220352649688721
0.683790981769561768
0.682989180088043213
0.683560848236083984
0.681366026401519775
0.676676869392395020
0.673093736171722412
0.672046720981597900
0.685953617095947266
0.678982615470886230
0.679742932319641113
0.684961318969726562
0.683069229125976562
0.679714202880859375
0.682630479335784912
0.681416332721710205
0.680650174617767334
0.679610669612884521
0.676324129104614258
0.667719662189483643
0.794459819793701172
0.786195456981658936
0.783067405223846436
0.782617151737213135
0.781970679759979248
0.782801985740661621
0.784647941589355469
0.784167289733886719
0.783381283283233643
0.782320618629455566
0.784065008163452148
0.779898524284362793
0.784229516983032227
0.799336135387420654
0.794228315353393555
0.787973821163177490
0.786778092384338379
0.785185337066650391
0.784796476364135742
0.785141348838806152
0.784909904003143311
0.784848868846893311
0.784870624542236328
0.786937296390533447
0.777854919433593750
0.802437126636505127
0.800128221511840820
0.795960903167724609
0.788792848587036133
0.787884414196014404
0.785738348960876465
0.786263048648834229
0.787236928939819336
0.787890613079071045
0.786253392696380615
0.784770011901855469
0.787144243717193604
0.777833580970764160
0.813845157623291016
0.800064444541931152
0.796848237514495850
0.787195265293121338
0.784774899482727051
0.784467279911041260
0.785665690898895264
0.788856387138366699
0.788253784179687500
0.787872910499572754
0.784837782382965088
0.787450909614562988
0.777737617492675781
0.815289139747619629
0.800395071506500244
0.798650324344635010
0.791976928710937500
0.788388907909393311
0.787778317928314209
0.787018537521362305
0.787986040115356445
0.788412570953369141
0.790274977684020996
0.788586080074310303
0.788139224052429199
0.777747750282287598
0.813478767871856689
0.799895882606506348
0.797262132167816162
0.789453983306884766
0.791282773017883301
0.791478216648101807
0.787145316600799561
0.786653101444244385
0.788309156894683838
0.788576781749725342
0.790539622306823730
0.789618372917175293
0.776529788970947266
0.808300137519836426
0.798733353614807129
0.796810269355773926
0.787147521972656250
0.788224160671234131
0.789534568786621094
0.789217472076416016
0.786556959152221680
0.786391913890838623
0.785956203937530518
0.789586246013641357
0.791536211967468262
0.782417535781860352
0.800606906414031982
0.862312078475952148
0.862268447875976562
0.862286984920501709
0.862291455268859863
0.862295866012573242
0.862294018268585205
0.862301766872406006
0.862294852733612061
0.862290024757385254
0.862288892269134521
0.862294912338256836
0.862262964248657227
0.862123310565948486
0.862312138080596924
0.862299263477325439
0.862270832061767578
0.862262010574340820
0.862263083457946777
0.862258195877075195
0.862253606319427490
0.862254559993743896
0.862262010574340820
0.862266659736633301
0.862277686595916748
0.862189114093780518
0.861927509307861328
0.862326443195343018
0.862328171730041504
0.862287342548370361
0.862285912036895752
0.862272739410400391
0.862274765968322754
0.862268507480621338
0.862269043922424316
0.862286865711212158
0.862281084060668945
0.862288057804107666
0.862183451652526855
0.861905813217163086
0.862304985523223877
0.862312197685241699
0.862283289432525635
0.862281858921051025
0.862270653247833252
0.862268149852752686
0.862288117408752441
0.862277030944824219
0.862279415130615234
0.862279593944549561
0.862300515174865723
0.862186491489410400
0.861909568309783936
0.862315654754638672
0.862321138381958008
0.862287938594818115
0.862263560295104980
0.862273156642913818
0.862282454967498779
0.862283945083618164
0.862275004386901855
0.862281918525695801
0.862286984920501709
0.862300634384155273
0.862193644046783447
0.861916184425354004
0.862308502197265625
0.862313687801361084
0.862280011177062988
0.862261533737182617
0.862273335456848145
0.862267076969146729
0.862269759178161621
0.862278461456298828
0.862273395061492920
0.862286567687988281
0.862311184406280518
0.862188398838043213
0.861922979354858398
0.862275242805480957
0.862257361412048340
0.862233996391296387
0.862217426300048828
0.862235128879547119
0.862245559692382812
0.862240791320800781
0.862232387065887451
0.862233221530914307
0.862255811691284180
0.862260043621063232
0.862160265445709229
0.861947953701019287
0.811505913734436035
0.629178464412689209
0.543114662170410156
0.520149707794189453
0.515971660614013672
0.529207706451416016
0.580731034278869629
0.590727210044860840
0.557693600654602051
0.514377534389495850
0.539705753326416016
0.525624036788940430
0.494875073432922363
0.943463802337646484
0.925486803054809570
0.754724979400634766
0.680063903331756592
0.647242844104766846
0.632806181907653809
0.651618659496307373
0.653625130653381348
0.641853034496307373
0.645620226860046387
0.685583114624023438
0.597555160522460938
0.667799949645996094
0.956569075584411621
1.026689648628234863
0.822696149349212646
0.764015972614288330
0.717193305492401123
0.702267110347747803
0.725532293319702148
0.724841892719268799
0.697737276554107666
0.690005421638488770
0.728438675403594971
0.586195588111877441
0.883916735649108887
0.994043886661529541
1.027812004089355469
0.762380897998809814
0.690089881420135498
0.679117560386657715
0.676065683364868164
0.741139292716979980
0.731984972953796387
0.747149348258972168
0.684852242469787598
0.740705013275146484
0.590574204921722412
0.914849042892456055
0.976794242858886719
1.076170802116394043
0.869178593158721924
0.750296533107757568
0.712772667407989502
0.708740592002868652
0.715935945510864258
0.722172975540161133
0.774009346961975098
0.742079138755798340
0.760630249977111816
0.604643821716308594
0.903625726699829102
0.978101849555969238
1.064221620559692383
0.829838216304779053
0.803345143795013428
0.810244917869567871
0.721771597862243652
0.705551862716674805
0.734606325626373291
0.717856645584106445
0.766466736793518066
0.788618624210357666
0.592812716960906982
0.822854757308959961
1.003441095352172852
1.059767723083496094
0.769362270832061768
0.750754594802856445
0.781412005424499512
0.721747040748596191
0.722121417522430420
0.720076680183410645
0.700274944305419922
0.751615226268768311
0.848810076713562012
0.709639310836791992
0.664219737052917480
0.446198701858520508
0.485583961009979248
0.499728292226791382
0.499060034751892090
0.501250743865966797
0.491628348827362061
0.481241106986999512
0.489078938961029053
0.494661569595336914
0.503023803234100342
0.494479715824127197
0.511542975902557373
0.540973603725433350
0.447814285755157471
0.502317547798156738
0.531334578990936279
0.538099944591522217
0.545535326004028320
0.546075403690338135
0.541539072990417480
0.542278051376342773
0.545686364173889160
0.544990718364715576
0.534436464309692383
0.582649469375610352
0.600116848945617676
0.442627638578414917
0.487605869770050049
0.522448539733886719
0.529062569141387939
0.537907004356384277
0.543031513690948486
0.542963147163391113
0.536277651786804199
0.538739383220672607
0.544305503368377686
0.533965468406677246
0.583496510982513428
0.574087023735046387
0.441734850406646729
0.488245248794555664
0.534606695175170898
0.543905377388000488
0.550012707710266113
0.544500946998596191
0.531656861305236816
0.530653119087219238
0.534807264804840088
0.544341921806335449
0.531022727489471436
0.583378851413726807
0.571055531501770020
0.441308617591857910
0.480916291475296021
0.516022443771362305
0.533783793449401855
0.537573575973510742
0.541293203830718994
0.536149501800537109
0.533403337001800537
0.525827705860137939
0.530488133430480957
0.525770664215087891
0.581208586692810059
0.574083983898162842
0.440057992935180664
0.481448352336883545
0.522640526294708252
0.521940410137176514
0.526791512966156006
0.540769934654235840
0.539725601673126221
0.538877487182617188
0.536825358867645264
0.527144789695739746
0.523246467113494873
0.589039385318756104
0.580158352851867676
0.444978803396224976
0.482782185077667236
0.536144375801086426
0.538790643215179443
0.538140177726745605
0.537696480751037598
0.542907476425170898
0.545693337917327881
0.551970064640045166
0.534388780593872070
0.517547309398651123
0.563028514385223389
0.590438365936279297
0.948166847229003906
0.949292778968811035
0.949249804019927979
0.949279725551605225
0.949269771575927734
0.949239253997802734
0.949223756790161133
0.949240446090698242
0.949298799037933350
0.949329972267150879
0.949204444885253906
0.949270248413085938
0.950110256671905518
0.951516628265380859
0.952611207962036133
0.952771723270416260
0.952735185623168945
0.952798545360565186
0.952867984771728516
0.952901899814605713
0.952772796154022217
0.952795803546905518
0.952799141407012939
0.952656924724578857
0.953052997589111328
0.954273521900177002
0.951490283012390137
0.952592849731445312
0.952807009220123291
0.952674210071563721
0.952746331691741943
0.952792465686798096
0.952955305576324463
0.952773272991180420
0.952783465385437012
0.952790737152099609
0.952681779861450195
0.953155577182769775
0.954142332077026367
0.951521754264831543
0.952586531639099121
0.952760100364685059
0.952782869338989258
0.952742755413055420
0.952852547168731689
0.952894508838653564
0.952809095382690430
0.952805340290069580
0.952734589576721191
0.952561914920806885
0.953033030033111572
0.954113721847534180
0.951652824878692627
0.952601194381713867
0.952768087387084961
0.952836632728576660
0.952760338783264160
0.952865779399871826
0.952867686748504639
0.952770173549652100
0.952838480472564697
0.952758491039276123
0.952624678611755371
0.953091502189636230
0.954168260097503662
0.951546430587768555
0.952536880970001221
0.952722132205963135
0.952699005603790283
0.952821791172027588
0.952773809432983398
0.952776849269866943
0.952781438827514648
0.952951610088348389
0.952849507331848145
0.952593684196472168
0.953105866909027100
0.954056024551391602
0.951512515544891357
0.952372908592224121
0.952509999275207520
0.952613234519958496
0.952612221240997314
0.952752947807312012
0.952742338180541992
0.952693343162536621
0.952686607837677002
0.952565848827362061
0.952350616455078125
0.952832341194152832
0.953589260578155518
-0.002950037131085992
-0.006120691075921059
-0.005763411987572908
-0.005663703661412001
-0.005858526099473238
-0.005660617258399725
-0.005699051544070244
-0.005822595208883286
-0.005735568702220917
-0.005785027984529734
-0.005511510185897350
-0.006860433612018824
-0.005762202665209770
0.060309767723083496
-0.004529832396656275
-0.004076896701008081
-0.004433783702552319
-0.004449542146176100
-0.004167810082435608
-0.004483318887650967
-0.004483016207814217
-0.004273351747542620
-0.004201561212539673
-0.004111916758120060
-0.006536886561661959
-0.003691917518153787
0.102778464555740356
-0.004288849886506796
-0.003821075428277254
-0.004310457501560450
-0.004302941262722015
-0.004056280944496393
-0.004242454655468464
-0.004123985767364502
-0.004012384451925755
-0.004026451148092747
-0.003968556877225637
-0.006824632640928030
-0.002685786457732320
0.105934202671051025
-0.004423307254910469
-0.004216950852423906
-0.004096073564141989
-0.004290485288947821
-0.004088233690708876
-0.003934785258024931
-0.003972922451794147
-0.004097619559615850
-0.004240112379193306
-0.003785836044698954
-0.006796433590352535
-0.002472581109032035
0.115951210260391235
-0.004322507418692112
-0.004050850868225098
-0.004226178862154484
-0.004089638590812683
-0.004193905275315046
-0.003912213724106550
-0.004033992066979408
-0.004009366501122713
-0.004118980839848518
-0.003797467332333326
-0.006678316276520491
-0.002814910840243101
0.094025015830993652
-0.004296635277569294
-0.004118118900805712
-0.003840649034827948
-0.004206490237265825
-0.004171212669461966
-0.004040167201310396
-0.004007400944828987
-0.003981337416917086
-0.003905802965164185
-0.003953911364078522
-0.006803808733820915
-0.002592853270471096
-0.000159827468451113
-0.004623804707080126
-0.004504161886870861
-0.004038138780742884
-0.004778148606419563
-0.003620948642492294
-0.004569318611174822
-0.004555036313831806
-0.004661155398935080
-0.003921248018741608
-0.004416979849338531
-0.006406626664102077
-0.004350947216153145
-0.014308504760265350
-0.014401065185666084
-0.014382313936948776
-0.014389849267899990
-0.014394497498869896
-0.014394541271030903
-0.014398295432329178
-0.014395915903151035
-0.014391411095857620
-0.014387124218046665
-0.014394334517419338
-0.014366534538567066
-0.014403006993234158
-0.014372874051332474
-0.014543853700160980
-0.014500471763312817
-0.014517039991915226
-0.014519308693706989
-0.014529302716255188
-0.014529521577060223
-0.014522132463753223
-0.014517031610012054
-0.014510718174278736
-0.014510118402540684
-0.014473604969680309
-0.014574835076928139
-0.014379249885678291
-0.014510508626699448
-0.014480323530733585
-0.014486548490822315
-0.014483401551842690
-0.014498664066195488
-0.014492969959974289
-0.014498057775199413
-0.014488008804619312
-0.014482458122074604
-0.014475378207862377
-0.014455531723797321
-0.014570020139217377
-0.014373516663908958
-0.014504622668027878
-0.014471434056758881
-0.014475358650088310
-0.014478364959359169
-0.014496056362986565
-0.014503832906484604
-0.014500091783702374
-0.014491172507405281
-0.014483649283647537
-0.014477441087365150
-0.014439152553677559
-0.014570190571248531
-0.014383795671164989
-0.014510499313473701
-0.014471901580691338
-0.014485301449894905
-0.014500990509986877
-0.014503365382552147
-0.014498415403068066
-0.014499699696898460
-0.014501670375466347
-0.014488846994936466
-0.014473209157586098
-0.014446352608501911
-0.014560509473085403
-0.014367765747010708
-0.014509793370962143
-0.014479736797511578
-0.014506218954920769
-0.014522812329232693
-0.014502087607979774
-0.014494995586574078
-0.014523447491228580
-0.014511998742818832
-0.014501470141112804
-0.014473865740001202
-0.014448930509388447
-0.014565899036824703
-0.014352812431752682
-0.014492856338620186
-0.014457361772656441
-0.014482873491942883
-0.014500725083053112
-0.014495904557406902
-0.014478017576038837
-0.014504957944154739
-0.014493959024548531
-0.014494275674223900
-0.014462595805525780
-0.014436554163694382
-0.014528659172356129
1.460608720779418945
1.331006884574890137
1.317489385604858398
1.313975572586059570
1.304233312606811523
1.329643368721008301
1.368571281433105469
1.364452838897705078
1.332860708236694336
1.303323388099670410
1.367779374122619629
1.278098702430725098
0.642641365528106689
1.773701190948486328
1.820828557014465332
1.703845977783203125
1.643181204795837402
1.628135323524475098
1.622917652130126953
1.618384718894958496
1.623605251312255859
1.645017862319946289
1.642231822013854980
1.727185726165771484
1.411553144454956055
0.434682965278625488
1.832722902297973633
1.953603267669677734
1.806326150894165039
1.754684686660766602
1.710913538932800293
1.724443316459655762
1.694123268127441406
1.704069495201110840
1.727266192436218262
1.723566889762878418
1.761209487915039062
1.402943730354309082
0.516246259212493896
1.834946870803833008
1.914059758186340332
1.761059641838073730
1.704937934875488281
1.691623806953430176
1.659444808959960938
1.731343388557434082
1.734754323959350586
1.728057146072387695
1.709523558616638184
1.827760696411132812
1.423811912536621094
0.540481090545654297
1.870078206062316895
1.967351078987121582
1.821744918823242188
1.711008667945861816
1.695649266242980957
1.701836585998535156
1.738793969154357910
1.734823465347290039
1.764735460281372070
1.747625589370727539
1.835009574890136719
1.437587141990661621
0.556773781776428223
1.867935299873352051
1.952677965164184570
1.773287773132324219
1.718797326087951660
1.742348909378051758
1.686716794967651367
1.670555353164672852
1.700752854347229004
1.690534472465515137
1.766186594963073730
1.839150428771972656
1.412888288497924805
0.602068126201629639
1.797573447227478027
1.884052395820617676
1.695864915847778320
1.552777051925659180
1.628707647323608398
1.704612135887145996
1.638246178627014160
1.636005043983459473
1.611967682838439941
1.746965527534484863
1.798005461692810059
1.499554991722106934
0.695131778717041016
-0.003916943911463022
-0.003916943445801735
-0.003916943445801735
-0.003916943445801735
-0.003916943445801735
-0.003916943445801735
-0.003916943445801735
-0.003916943445801735
-0.003916943445801735
-0.003916943445801735
-0.003916943445801735
-0.003916943445801735
-0.003916944377124310
-0.003916947636753321
-0.003916945308446884
-0.003916944842785597
-0.003916945308446884
-0.003916944842785597
-0.003916944842785597
-0.003916944842785597
-0.003916944842785597
-0.003916944842785597
-0.003916944842785597
-0.003916945308446884
-0.003916944842785597
-0.003916944842785597
-0.003916947636753321
-0.003916945308446884
-0.003916944842785597
-0.003916945308446884
-0.003916944842785597
-0.003916944842785597
-0.003916944842785597
-0.003916944842785597
-0.003916944842785597
-0.003916944842785597
-0.003916945308446884
-0.003916944842785597
-0.003916944842785597
-0.003916947636753321
-0.003916945308446884
-0.003916944842785597
-0.003916944842785597
-0.003916944842785597
-0.003916945774108171
-0.003916944842785597
-0.003916944842785597
-0.003916944842785597
-0.003916944842785597
-0.003916945308446884
-0.003916944842785597
-0.003916948102414608
-0.003916947636753321
-0.003916945308446884
-0.003916944842785597
-0.003916944842785597
-0.003916944842785597
-0.003916944842785597
-0.003916944842785597
-0.003916944842785597
-0.003916944842785597
-0.003916945308446884
-0.003916945308446884
-0.003916944842785597
-0.003916944842785597
-0.003916947636753321
-0.003916945308446884
-0.003916944842785597
-0.003916945308446884
-0.003916944842785597
-0.003916944842785597
-0.003916944842785597
-0.003916945308446884
-0.003916944842785597
-0.003916944842785597
-0.003916945308446884
-0.003916944842785597
-0.003916944842785597
-0.003916947636753321
-0.003916945774108171
-0.003916944842785597
-0.003916949033737183
-0.003916946705430746
-0.003916946239769459
-0.003916945308446884
-0.003916946239769459
-0.003916945774108171
-0.003916947171092033
-0.003916945774108171
-0.003916944842785597
-0.003916947171092033
-0.009228631854057312
-0.000653276452794671
0.118618279695510864
0.193418234586715698
0.187581986188888550
0.146024733781814575
-0.000106143947050441
-0.000258603395195678
0.062661275267601013
0.193059086799621582
0.101551994681358337
0.320520758628845215
1.373115420341491699
-0.013315670192241669
-0.003676699008792639
0.086168095469474792
0.267413884401321411
0.335751503705978394
0.367889583110809326
0.320520222187042236
0.283894270658493042
0.323265254497528076
0.323602259159088135
0.152470633387565613
0.942583560943603516
2.304305315017700195
-0.014700662344694138
-0.007255124859511852
-0.001018587616272271
-0.000208247292903252
0.109013378620147705
0.159070983529090881
0.166348069906234741
0.082594901323318481
0.135753184556961060
0.159771203994750977
0.009378314018249512
0.981391549110412598
1.918560147285461426
-0.015563148073852062
-0.006731754168868065
0.024347722530364990
0.152182072401046753
0.205592662096023560
0.271550953388214111
0.082432374358177185
0.056491822004318237
0.041172057390213013
0.172331303358078003
-0.000669734145049006
0.915925502777099609
1.864360690116882324
-0.015435910783708096
-0.007792749442160130
-0.002155238529667258
0.077453583478927612
0.145330235362052917
0.167768746614456177
0.108151078224182129
0.143314465880393982
0.021157443523406982
0.071769148111343384
-0.000945917970966548
0.869999885559082031
1.822363495826721191
-0.015705617144703865
-0.007834585383534431
-0.000959324534051120
0.012207001447677612
0.018444657325744629
0.127905189990997314
0.173947751522064209
0.157620206475257874
0.185065314173698425
-0.000249744043685496
-0.001936880871653557
0.929004430770874023
1.944805622100830078
-0.013958647847175598
-0.007281684782356024
0.031738251447677612
0.234524205327033997
0.191853195428848267
0.099096208810806274
0.167505547404289246
0.224496483802795410
0.320817172527313232
0.044724941253662109
-0.002156222704797983
0.586433529853820801
1.997550129890441895
0.101601950824260712
0.118993364274501801
0.120569497346878052
0.121177785098552704
0.121741205453872681
0.119863435626029968
0.117884337902069092
0.118724912405014038
0.119534842669963837
0.120295651257038116
0.119158662855625153
0.125018298625946045
0.117228314280509949
0.098356477916240692
0.117942422628402710
0.121559686958789825
0.122349344193935394
0.123390220105648041
0.122764818370342255
0.122370012104511261
0.123219616711139679
0.123984597623348236
0.123697131872177124
0.122353211045265198
0.129713520407676697
0.117900758981704712
0.097585998475551605
0.117476969957351685
0.121526606380939484
0.122650779783725739
0.124943219125270844
0.124688997864723206
0.123883046209812164
0.122589647769927979
0.124013610184192657
0.124923326075077057
0.123596712946891785
0.129013493657112122
0.114484168589115143
0.096574127674102783
0.116183221340179443
0.122589923441410065
0.124116674065589905
0.124300777912139893
0.124310135841369629
0.123069442808628082
0.122538685798645020
0.123180270195007324
0.125431939959526062
0.124018833041191101
0.129540532827377319
0.114001549780368805
0.095641680061817169
0.115074507892131805
0.119748950004577637
0.120999544858932495
0.122264616191387177
0.122933804988861084
0.122432097792625427
0.121725447475910187
0.121157720685005188
0.121545210480690002
0.122651360929012299
0.129167169332504272
0.113738723099231720
0.097202993929386139
0.117051355540752411
0.122383624315261841
0.121865622699260712
0.122086822986602783
0.124397806823253632
0.124430574476718903
0.122890017926692963
0.121617555618286133
0.120136752724647522
0.121278330683708191
0.131355091929435730
0.116102956235408783
0.099434718489646912
0.118934750556945801
0.125451430678367615
0.126597791910171509
0.128319606184959412
0.125944659113883972
0.125261187553405762
0.125672116875648499
0.127053380012512207
0.124551914632320404
0.122769743204116821
0.129997834563255310
0.123670339584350586
0.236852109432220459
0.380017846822738647
0.318652004003524780
0.283398717641830444
0.310593456029891968
0.287178725004196167
0.320601433515548706
0.333071470260620117
0.317020684480667114
0.298560202121734619
0.335433274507522583
0.400040596723556519
-0.006799136288464069
-0.000516784319188446
0.340862840414047241
0.136388659477233887
0.102827556431293488
0.102777563035488129
0.059613026678562164
0.092194952070713043
0.108711965382099152
0.112608827650547028
0.108109958469867706
0.181972801685333252
0.119274623692035675
-0.015851739794015884
-0.000493420928250998
0.438190847635269165
0.221076518297195435
0.233693271875381470
0.193127155303955078
0.154849261045455933
0.120887763798236847
0.133492171764373779
0.176501512527465820
0.184256672859191895
0.211599051952362061
0.137862682342529297
-0.016802391037344933
-0.000519833236467093
0.382604211568832397
0.215963244438171387
0.153976261615753174
0.172968238592147827
0.066878713667392731
0.154302775859832764
0.154925376176834106
0.172040969133377075
0.208942800760269165
0.284593373537063599
0.170311123132705688
-0.017047528177499771
-0.000257673644227907
0.436027556657791138
0.249438226222991943
0.147547692060470581
0.102073736488819122
0.149620532989501953
0.143884181976318359
0.148458302021026611
0.176794022321701050
0.211741775274276733
0.290246665477752686
0.185407042503356934
-0.015741880983114243
0.024320758879184723
0.417295962572097778
0.186982214450836182
0.053614266216754913
0.156644642353057861
0.120756603777408600
0.079431973397731781
0.097947724163532257
0.087009705603122711
0.161397695541381836
0.299945652484893799
0.163120657205581665
-0.015560090541839600
0.055684499442577362
0.383159607648849487
0.202096372842788696
-0.001092326594516635
0.114825956523418427
0.086244069039821625
0.124800868332386017
0.083150200545787811
0.071971245110034943
0.141852796077728271
0.260741412639617920
0.210094362497329712
-0.011004594154655933
1.724674820899963379
0.888667523860931396
0.553935527801513672
0.435407370328903198
0.382855117321014404
0.460073083639144897
0.601783394813537598
0.670584917068481445
0.572111606597900391
0.418402701616287231
0.607526659965515137
0.456076085567474365
-0.011758112348616123
1.186059713363647461
0.181530475616455078
-0.003296534297987819
-0.005378028843551874
-0.006584796123206615
-0.007124597206711769
-0.006832278333604336
-0.006035322323441505
-0.006170177832245827
-0.006375724449753761
-0.003737562103196979
-0.011910235509276390
-0.032201781868934631
1.308322906494140625
0.516583204269409180
-0.000811471312772483
-0.001811308204196393
-0.003261296078562737
-0.003391225822269917
-0.003771520219743252
-0.002821469912305474
-0.004148196429014206
-0.003995274659246206
-0.002277493942528963
-0.012274813838303089
-0.026338400319218636
1.517038345336914062
0.533407568931579590
-0.002033147262409329
-0.004325249698013067
-0.004242355003952980
-0.005765867885202169
-0.003816218813881278
-0.002787644276395440
-0.002852385630831122
-0.004060050938278437
-0.000643949490040541
-0.011093584820628166
-0.025899861007928848
1.480337858200073242
0.659938573837280273
0.104682981967926025
-0.002438349183648825
-0.003819177625700831
-0.004744945093989372
-0.003437349107116461
-0.003270824439823627
-0.001840678974986076
-0.002854799618944526
-0.000641916994936764
-0.011157352477312088
-0.025461832061409950
1.572074413299560547
0.672086477279663086
-0.000294652563752607
-0.001199130434542894
-0.001156401005573571
-0.003067013574764132
-0.004326819907873869
-0.004268052056431770
-0.004661711864173412
-0.001811349997296929
-0.000342944840667769
-0.011906497180461884
-0.025560541078448296
1.563306570053100586
0.872207522392272949
0.014290153980255127
-0.003526293672621250
-0.002175982575863600
-0.000923000567127019
-0.003253125585615635
-0.003292257199063897
-0.004065220709890127
0.004431068897247314
0.285147547721862793
-0.004291439428925514
-0.021461727097630501
0.524547934532165527
0.505344569683074951
0.506370067596435547
0.505452871322631836
0.506617665290832520
0.505130290985107422
0.505313038825988770
0.507121622562408447
0.505910813808441162
0.506207346916198730
0.504665136337280273
0.508805036544799805
0.489698976278305054
0.536615014076232910
0.514222502708435059
0.512754082679748535
0.512775957584381104
0.513906955718994141
0.512214362621307373
0.511820018291473389
0.514365851879119873
0.513283669948577881
0.513164997100830078
0.512878298759460449
0.518422365188598633
0.483174651861190796
0.535465002059936523
0.514541804790496826
0.511772215366363525
0.513541579246520996
0.514431953430175781
0.514276146888732910
0.512773633003234863
0.513243973255157471
0.513514459133148193
0.513751983642578125
0.512971162796020508
0.518951117992401123
0.480721533298492432
0.536338269710540771
0.513251543045043945
0.513969779014587402
0.513628602027893066
0.514279305934906006
0.514160394668579102
0.511975109577178955
0.512515068054199219
0.513214468955993652
0.513649940490722656
0.512811481952667236
0.519861936569213867
0.481185972690582275
0.535189926624298096
0.511554360389709473
0.512285351753234863
0.513002574443817139
0.513569831848144531
0.513994097709655762
0.512402296066284180
0.512554466724395752
0.511885702610015869
0.512013673782348633
0.511812865734100342
0.518442392349243164
0.481358230113983154
0.534800648689270020
0.513439774513244629
0.513041257858276367
0.511971533298492432
0.512862205505371094
0.513778150081634521
0.513713896274566650
0.513272762298583984
0.511109650135040283
0.511068642139434814
0.512217402458190918
0.519223749637603760
0.480814307928085327
0.534299552440643311
0.512874484062194824
0.515535414218902588
0.514091610908508301
0.515559077262878418
0.513388454914093018
0.513398528099060059
0.515464723110198975
0.514692187309265137
0.512348473072052002
0.514365077018737793
0.520600438117980957
0.484508156776428223
-0.010364260524511337
-0.010361145250499249
-0.010360042564570904
-0.010359514504671097
-0.010360259562730789
-0.010359905660152435
-0.010360800661146641
-0.010361089371144772
-0.010360591113567352
-0.010359880514442921
-0.010359240695834160
-0.010359146632254124
-0.010356949642300606
-0.010366355068981647
-0.010364904999732971
-0.010361337102949619
-0.010360573418438435
-0.010360585525631905
-0.010360196232795715
-0.010360834188759327
-0.010361192747950554
-0.010360282845795155
-0.010360406711697578
-0.010359977371990681
-0.010359067469835281
-0.010352621786296368
-0.010366261936724186
-0.010366534814238548
-0.010361458174884319
-0.010361651889979839
-0.010361217893660069
-0.010360364802181721
-0.010360850021243095
-0.010361285880208015
-0.010360658168792725
-0.010360442101955414
-0.010360756888985634
-0.010358976200222969
-0.010351940058171749
-0.010365981608629227
-0.010366147384047508
-0.010361060500144958
-0.010360909625887871
-0.010360656306147575
-0.010360501706600189
-0.010361068882048130
-0.010360948741436005
-0.010361545719206333
-0.010360592044889927
-0.010360215790569782
-0.010359035804867744
-0.010352144949138165
-0.010365626774728298
-0.010365941561758518
-0.010361854918301105
-0.010360768996179104
-0.010360545478761196
-0.010360922664403915
-0.010360295884311199
-0.010359812527894974
-0.010360464453697205
-0.010360385291278362
-0.010360125452280045
-0.010359457693994045
-0.010352823883295059
-0.010365491732954979
-0.010366556234657764
-0.010361824184656143
-0.010360582731664181
-0.010361228138208389
-0.010361140593886375
-0.010360859334468842
-0.010360790416598320
-0.010360372252762318
-0.010361075401306152
-0.010361393913626671
-0.010359259322285652
-0.010351019911468029
-0.010365573689341545
-0.010364812798798084
-0.010361013934016228
-0.010360934771597385
-0.010361251421272755
-0.010360074229538441
-0.010361230932176113
-0.010360670275986195
-0.010360193438827991
-0.010359997861087322
-0.010361407883465290
-0.010359516367316246
-0.010350625030696392
0.628146827220916748
0.623127222061157227
0.622426092624664307
0.622188985347747803
0.622161507606506348
0.622167825698852539
0.622506260871887207
0.622509002685546875
0.622452855110168457
0.622213304042816162
0.622196137905120850
0.621732950210571289
0.622224390506744385
0.628791570663452148
0.620510339736938477
0.619203329086303711
0.618720769882202148
0.618515133857727051
0.618439137935638428
0.618577122688293457
0.618600249290466309
0.618459999561309814
0.618581414222717285
0.618701159954071045
0.617609083652496338
0.618791460990905762
0.628967046737670898
0.621032953262329102
0.619442462921142578
0.619234919548034668
0.618847906589508057
0.618635952472686768
0.618829607963562012
0.618937492370605469
0.618845701217651367
0.618727862834930420
0.619062602519989014
0.617423653602600098
0.619276225566864014
0.629046559333801270
0.620966136455535889
0.619096279144287109
0.618833959102630615
0.618553638458251953
0.618568420410156250
0.619070827960968018
0.619012296199798584
0.619094669818878174
0.618740200996398926
0.619051456451416016
0.617508947849273682
0.619277238845825195
0.629100620746612549
0.621205568313598633
0.619776487350463867
0.619113385677337646
0.618890225887298584
0.618832468986511230
0.618904054164886475
0.618751525878906250
0.619164824485778809
0.619152545928955078
0.619234502315521240
0.617668628692626953
0.619444727897644043
0.629090905189514160
0.621101617813110352
0.619435667991638184
0.619240999221801758
0.619338810443878174
0.618967711925506592
0.618878424167633057
0.618824720382690430
0.619008839130401611
0.619274854660034180
0.619424641132354736
0.617547750473022461
0.619046449661254883
0.628819108009338379
0.621256709098815918
0.619407176971435547
0.619311451911926270
0.619188070297241211
0.619253277778625488
0.619120717048645020
0.618849754333496094
0.618715941905975342
0.619090974330902100
0.619627356529235840
0.618371903896331787
0.618481934070587158
0.506975173950195312
-0.000919436221010983
-0.000664854655042291
-0.000554546713829041
-0.000632295617833734
-0.000592430238611996
-0.000747708661947399
-0.000932477705646306
-0.000729750376194715
-0.000631899805739522
-0.000741107447538525
-0.001570259919390082
0.286155372858047485
0.870101571083068848
-0.001215169439092278
-0.000758783193305135
-0.000665307627059519
-0.000635256757959723
-0.000492739083711058
-0.000648899644147605
-0.000566243543289602
-0.000596623984165490
-0.000502400973346084
-0.000733966822735965
-0.001598705654032528
0.726737618446350098
0.880651831626892090
-0.001580737181939185
-0.001114196144044399
-0.001032936503179371
-0.000970596040133387
-0.000985871534794569
-0.001115186838433146
-0.000878231483511627
-0.000742825854104012
-0.000831241020932794
-0.000767100427765399
-0.001856138114817441
0.792183041572570801
0.874265193939208984
-0.001639049034565687
-0.001156470156274736
-0.000736528018023819
-0.000961902143899351
-0.000712687964551151
-0.000834651000332087
-0.000842830515466630
-0.000913414929527789
-0.000804820039775223
-0.000937585835345089
-0.001861469121649861
0.791367232799530029
0.865039706230163574
-0.001897494192235172
-0.001335827051661909
-0.000963875616434962
-0.000741436437238008
-0.000909888709429651
-0.000891001196578145
-0.000986823462881148
-0.001113557838834822
-0.000887718750163913
-0.000947374093811959
-0.001838852069340646
0.766610085964202881
0.861410021781921387
-0.001804322586394846
-0.001274437876418233
-0.000851305085234344
-0.001174632925540209
-0.000768119702115655
-0.000612704141531140
-0.000907347188331187
-0.000662833452224731
-0.000957136158831418
-0.001055762171745300
-0.001931288163177669
0.734576046466827393
0.787752151489257812
-0.001331678009591997
-0.000561113352887332
0.014732837677001953
-0.000881514512002468
-0.000090040564828087
-0.000504595052916557
-0.000670163019094616
-0.000648131361231208
-0.000573072407860309
-0.000947900407481939
-0.001620903611183167
0.510304570198059082
1.285745978355407715
1.285746335983276367
1.285746335983276367
1.285746335983276367
1.285746335983276367
1.285746335983276367
1.285746335983276367
1.285746335983276367
1.285746335983276367
1.285746335983276367
1.285746335983276367
1.285746335983276367
1.285746335983276367
1.285746335983276367
1.285747170448303223
1.285747170448303223
1.285747170448303223
1.285747170448303223
1.285747170448303223
1.285747170448303223
1.285747170448303223
1.285747170448303223
1.285747170448303223
1.285747170448303223
1.285747170448303223
1.285747170448303223
1.285746335983276367
1.285747170448303223
1.285747170448303223
1.285747170448303223
1.285747170448303223
1.285747170448303223
1.285747170448303223
1.285747170448303223
1.285747170448303223
1.285747170448303223
1.285747170448303223
1.285747170448303223
1.285747170448303223
1.285746335983276367
1.285747170448303223
1.285747170448303223
1.285747170448303223
1.285747170448303223
1.285747170448303223
1.285747170448303223
1.285747170448303223
1.285747170448303223
1.285747170448303223
1.285747170448303223
1.285747170448303223
1.285747170448303223
1.285746335983276367
1.285747170448303223
1.285747170448303223
1.285747170448303223
1.285747170448303223
1.285747170448303223
1.285747170448303223
1.285747170448303223
1.285747170448303223
1.285747170448303223
1.285747170448303223
1.285747170448303223
1.285747170448303223
1.285746335983276367
1.285747170448303223
1.285747170448303223
1.285747170448303223
1.285747170448303223
1.285747170448303223
1.285747170448303223
1.285747170448303223
1.285747170448303223
1.285747170448303223
1.285747170448303223
1.285747170448303223
1.285747170448303223
1.285746335983276367
1.285747170448303223
1.285747170448303223
1.285747170448303223
1.285747170448303223
1.285747170448303223
1.285747170448303223
1.285747170448303223
1.285747170448303223
1.285747170448303223
1.285747170448303223
1.285747170448303223
1.285747170448303223
0.803219079971313477
0.803142607212066650
0.803142607212066650
0.803142726421356201
0.803142726421356201
0.803142786026000977
0.803142786026000977
0.803142786026000977
0.803142666816711426
0.803142666816711426
0.803142666816711426
0.803142547607421875
0.803142607212066650
0.803045928478240967
0.802940309047698975
0.802940428256988525
0.802940607070922852
0.802940607070922852
0.802940547466278076
0.802940547466278076
0.802940726280212402
0.802940607070922852
0.802940547466278076
0.802940547466278076
0.802940130233764648
0.802940547466278076
0.803045809268951416
0.802940070629119873
0.802940189838409424
0.802940428256988525
0.802940487861633301
0.802940547466278076
0.802940547466278076
0.802940607070922852
0.802940428256988525
0.802940249443054199
0.802940368652343750
0.802940189838409424
0.802940726280212402
0.803045868873596191
0.802940189838409424
0.802940249443054199
0.802940309047698975
0.802940368652343750
0.802940428256988525
0.802940368652343750
0.802940368652343750
0.802940309047698975
0.802940309047698975
0.802940130233764648
0.802940011024475098
0.802940905094146729
0.803045809268951416
0.802939891815185547
0.802940189838409424
0.802940368652343750
0.802940428256988525
0.802940368652343750
0.802940249443054199
0.802940309047698975
0.802940309047698975
0.802940130233764648
0.802939951419830322
0.802939951419830322
0.802940607070922852
0.803045749664306641
0.802940130233764648
0.802940249443054199
0.802940487861633301
0.802940547466278076
0.802940547466278076
0.802940607070922852
0.802940547466278076
0.802940428256988525
0.802940368652343750
0.802940130233764648
0.802939951419830322
0.802940368652343750
0.803045511245727539
0.802939832210540771
0.802939951419830322
0.802940428256988525
0.802940309047698975
0.802940249443054199
0.802940249443054199
0.802940487861633301
0.802940428256988525
0.802940368652343750
0.802940249443054199
0.802940011024475098
0.802940130233764648
-0.006651929579675198
0.138341665267944336
0.398618221282958984
0.509251236915588379
0.536585807800292969
0.528349995613098145
0.520200014114379883
0.445409417152404785
0.444372296333312988
0.498721122741699219
0.476496219635009766
0.423558831214904785
0.088941693305969238
-0.000776140659581870
0.940826177597045898
1.138398647308349609
1.182492017745971680
1.259104728698730469
1.276899337768554688
1.265182256698608398
1.226795434951782227
1.280458450317382812
1.270629405975341797
1.270828247070312500
1.182685852050781250
0.629809737205505371
-0.000108575222839136
1.002115607261657715
1.142316579818725586
1.149687767028808594
1.165131807327270508
1.190625429153442383
1.136295080184936523
1.071847081184387207
1.277692794799804688
1.251147270202636719
1.201545953750610352
1.191640615463256836
0.425023436546325684
-0.001531785121187568
0.869076013565063477
1.168817996978759766
1.245156049728393555
1.183867931365966797
1.235654592514038086
1.229898214340209961
1.155657768249511719
1.135444641113281250
1.215394496917724609
1.227295160293579102
1.152180910110473633
0.446464776992797852
-0.000610994698945433
0.875827789306640625
1.014513015747070312
1.045237183570861816
1.145585775375366211
1.257017135620117188
1.225349903106689453
1.187021493911743164
1.125997304916381836
1.166770935058593750
1.235337495803833008
1.185696840286254883
0.443563461303710938
-0.001028288621455431
0.834726691246032715
1.013565659523010254
0.928772926330566406
0.979807138442993164
1.060144782066345215
1.130915880203247070
1.171253442764282227
1.198465108871459961
1.134874343872070312
1.227594852447509766
1.224323987960815430
0.460630297660827637
-0.004072994925081730
0.453442931175231934
0.767946720123291016
0.661400318145751953
0.725034594535827637
0.820863604545593262
0.903401374816894531
0.890797734260559082
0.887979507446289062
0.856078147888183594
0.749706625938415527
0.678614974021911621
0.270815014839172363
-0.011873182840645313
-0.011665961705148220
-0.011666061356663704
-0.011665998026728630
-0.011665877886116505
-0.011665938422083855
-0.011665844358503819
-0.011665860190987587
-0.011665905825793743
-0.011666006408631802
-0.011665991507470608
-0.011665930040180683
-0.011665944010019302
-0.011872248724102974
-0.011574719101190567
-0.011574741452932358
-0.011574753560125828
-0.011574485339224339
-0.011574619449675083
-0.011574587784707546
-0.011574624106287956
-0.011574530042707920
-0.011574649251997471
-0.011574655771255493
-0.011574558913707733
-0.011574649251997471
-0.011872244067490101
-0.011574903503060341
-0.011574668809771538
-0.011574877426028252
-0.011574627831578255
-0.011574581265449524
-0.011574652977287769
-0.011574655771255493
-0.011574504896998405
-0.011574743315577507
-0.011574719101190567
-0.011574649251997471
-0.011574599891901016
-0.011872249655425549
-0.011574670672416687
-0.011574561707675457
-0.011574766598641872
-0.011574681848287582
-0.011574681848287582
-0.011574553325772285
-0.011574734933674335
-0.011574639007449150
-0.011574555188417435
-0.011574749834835529
-0.011574749834835529
-0.011574618518352509
-0.011872248724102974
-0.011574682779610157
-0.011574748903512955
-0.011574780568480492
-0.011574725620448589
-0.011574692092835903
-0.011574727483093739
-0.011574793606996536
-0.011574811302125454
-0.011574775911867619
-0.011574870906770229
-0.011574813164770603
-0.011574680916965008
-0.011872244998812675
-0.011574627831578255
-0.011574695818126202
-0.011574725620448589
-0.011574559845030308
-0.011574511416256428
-0.011574661359190941
-0.011574694886803627
-0.011574766598641872
-0.011574824340641499
-0.011574629694223404
-0.011574766598641872
-0.011574642732739449
-0.011872246861457825
-0.011574326083064079
-0.011574656702578068
-0.011574796400964260
-0.011574327945709229
-0.011574177071452141
-0.011574117466807365
-0.011574804782867432
-0.011574645526707172
-0.011574679054319859
-0.011574580334126949
-0.011574683710932732
-0.011574551463127136
0.571552336215972900
0.574193716049194336
0.574011504650115967
0.574178457260131836
0.573835432529449463
0.574022829532623291
0.573919296264648438
0.573859930038452148
0.574014246463775635
0.574300885200500488
0.573924481868743896
0.574854016304016113
0.575408637523651123
0.610768795013427734
0.636654257774353027
0.635299026966094971
0.636214435100555420
0.636452972888946533
0.635451078414916992
0.635143101215362549
0.635610938072204590
0.635479807853698730
0.635771334171295166
0.636693120002746582
0.636374831199645996
0.646036207675933838
0.609861016273498535
0.637204766273498535
0.635370552539825439
0.636551082134246826
0.637234687805175781
0.634432733058929443
0.633516550064086914
0.634567260742187500
0.635736286640167236
0.635132133960723877
0.636234581470489502
0.636619150638580322
0.651147067546844482
0.609201252460479736
0.637323856353759766
0.636603891849517822
0.635451793670654297
0.635537266731262207
0.634296476840972900
0.632627844810485840
0.634418249130249023
0.634720385074615479
0.636147081851959229
0.636255145072937012
0.637916386127471924
0.649497866630554199
0.608082413673400879
0.635776400566101074
0.636962056159973145
0.636031687259674072
0.634193301200866699
0.633378624916076660
0.632906615734100342
0.634232640266418457
0.632915496826171875
0.634731829166412354
0.635446310043334961
0.636592864990234375
0.650408208370208740
0.608829677104949951
0.636882483959197998
0.635212361812591553
0.635297834873199463
0.633249700069427490
0.635145127773284912
0.635803937911987305
0.632573008537292480
0.633149147033691406
0.633592903614044189
0.635511755943298340
0.635754942893981934
0.648048698902130127
0.611568629741668701
0.642080068588256836
0.641795277595520020
0.641335010528564453
0.635212659835815430
0.637102067470550537
0.639835357666015625
0.636351943016052246
0.636903405189514160
0.638012528419494629
0.642029404640197754
0.642187297344207764
0.652992188930511475
0.916500508785247803
0.917486011981964111
0.917017817497253418
0.917284131050109863
0.917185068130493164
0.917291462421417236
0.917287945747375488
0.917212724685668945
0.917212188243865967
0.917294621467590332
0.917245864868164062
0.917101919651031494
0.918443441390991211
0.938420772552490234
0.951816141605377197
0.950277566909790039
0.951150238513946533
0.951325476169586182
0.951052606105804443
0.950881123542785645
0.950921118259429932
0.950756192207336426
0.950782537460327148
0.951248347759246826
0.950306534767150879
0.957893133163452148
0.938070178031921387
0.951311349868774414
0.949877262115478516
0.950625121593475342
0.950929164886474609
0.949830830097198486
0.949252426624298096
0.949878573417663574
0.950254440307617188
0.949851930141448975
0.950244188308715820
0.950090765953063965
0.960397601127624512
0.937618315219879150
0.951266705989837646
0.950330853462219238
0.949847698211669922
0.949965119361877441
0.949693024158477783
0.948983073234558105
0.949840188026428223
0.949789166450500488
0.950391530990600586
0.950277268886566162
0.950395584106445312
0.959514975547790527
0.937301754951477051
0.950589358806610107
0.950519323348999023
0.950396597385406494
0.949749112129211426
0.949377655982971191
0.949039340019226074
0.949746608734130859
0.949103176593780518
0.949768364429473877
0.949768781661987305
0.949866294860839844
0.959797024726867676
0.937291920185089111
0.951119005680084229
0.949757695198059082
0.950429320335388184
0.949716925621032715
0.950257360935211182
0.950461447238922119
0.949395835399627686
0.949471175670623779
0.949447333812713623
0.949799716472625732
0.949458003044128418
0.958704352378845215
0.938477218151092529
0.953507483005523682
0.952682554721832275
0.953091323375701904
0.950159430503845215
0.951151311397552490
0.952195882797241211
0.950963795185089111
0.951019287109375000
0.951602578163146973
0.952924728393554688
0.952491581439971924
0.960478663444519043
0.359018445014953613
0.359014540910720825
0.359014511108398438
0.359014511108398438
0.359014511108398438
0.359014511108398438
0.359014511108398438
0.359014511108398438
0.359014511108398438
0.359014511108398438
0.359014481306076050
0.359014540910720825
0.359014660120010376
0.359015852212905884
0.359011024236679077
0.359011113643646240
0.359011113643646240
0.359011113643646240
0.359011113643646240
0.359011113643646240
0.359011113643646240
0.359011083841323853
0.359011083841323853
0.359011024236679077
0.359011113643646240
0.359011381864547729
0.359015822410583496
0.359010994434356689
0.359011054039001465
0.359011054039001465
0.359011054039001465
0.359011054039001465
0.359011113643646240
0.359011113643646240
0.359011024236679077
0.359011083841323853
0.359011054039001465
0.359011113643646240
0.359011441469192505
0.359015882015228271
0.359011024236679077
0.359011054039001465
0.359011054039001465
0.359011054039001465
0.359011113643646240
0.359011083841323853
0.359011083841323853
0.359011083841323853
0.359011024236679077
0.359010994434356689
0.359011054039001465
0.359011411666870117
0.359015792608261108
0.359010994434356689
0.359011054039001465
0.359011083841323853
0.359011083841323853
0.359011054039001465
0.359011083841323853
0.359011083841323853
0.359011083841323853
0.359011083841323853
0.359011024236679077
0.359011083841323853
0.359011352062225342
0.359015882015228271
0.359011024236679077
0.359011054039001465
0.359011113643646240
0.359011113643646240
0.359011083841323853
0.359011083841323853
0.359011113643646240
0.359011113643646240
0.359011083841323853
0.359010994434356689
0.359011054039001465
0.359011292457580566
0.359015882015228271
0.359011024236679077
0.359010994434356689
0.359011143445968628
0.359011173248291016
0.359011024236679077
0.359011024236679077
0.359011054039001465
0.359011024236679077
0.359011083841323853
0.359011024236679077
0.359011083841323853
0.359011441469192505
-0.009937489405274391
0.006210207939147949
0.193657219409942627
0.257833003997802734
0.273834943771362305
0.239406108856201172
0.137443482875823975
0.135733902454376221
0.180459678173065186
0.264941215515136719
0.204450488090515137
0.393070578575134277
0.653484821319580078
-0.014713241718709469
-0.002906925976276398
0.096923232078552246
0.192068517208099365
0.271377921104431152
0.285015761852264404
0.262074112892150879
0.257341623306274414
0.292407512664794922
0.276436567306518555
0.182841956615447998
0.729575634002685547
0.870381712913513184
-0.015503563918173313
-0.004773334600031376
-0.000081171987403650
0.026850700378417969
0.140258789062500000
0.172330975532531738
0.144180834293365479
0.067847251892089844
0.157775223255157471
0.189300239086151123
0.073366701602935791
0.762184262275695801
0.514973402023315430
-0.016164386644959450
-0.004991507623344660
0.082351684570312500
0.175724267959594727
0.218347609043121338
0.213286101818084717
0.071255683898925781
0.059036672115325928
0.058916926383972168
0.188862800598144531
0.048774421215057373
0.730208635330200195
0.489951252937316895
-0.016024835407733917
-0.005746003706008196
-0.001448004855774343
0.048125088214874268
0.100108504295349121
0.160481572151184082
0.100786268711090088
0.109611630439758301
0.009386181831359863
0.048113226890563965
0.010158896446228027
0.703582882881164551
0.489812135696411133
-0.015959057956933975
-0.005490303970873356
-0.000498095760121942
-0.000652641640044749
-0.000426262005930766
0.099291324615478516
0.122399449348449707
0.105115771293640137
0.112350106239318848
-0.000316708668833598
-0.000512869330123067
0.765199422836303711
0.574544906616210938
-0.015616886317729950
-0.005894331727176905
0.037979602813720703
0.014964461326599121
0.021154582500457764
0.003830671310424805
0.105775475502014160
0.140678048133850098
0.195357680320739746
0.011001825332641602
-0.001585888210684061
0.427280545234680176
0.751370429992675781
0.169824212789535522
0.175412535667419434
0.176313787698745728
0.174354642629623413
0.176938086748123169
0.176230102777481079
0.176094025373458862
0.176975935697555542
0.177621334791183472
0.176771491765975952
0.176198542118072510
0.183499336242675781
0.136765569448471069
0.128555506467819214
0.140064299106597900
0.140447467565536499
0.136112660169601440
0.139656513929367065
0.140135824680328369
0.141783207654953003
0.140097618103027344
0.142264693975448608
0.141186982393264771
0.139022558927536011
0.149816840887069702
0.037692360579967499
0.133355110883712769
0.154325336217880249
0.153272598981857300
0.147511661052703857
0.148578405380249023
0.149638772010803223
0.150983393192291260
0.148248583078384399
0.150391370058059692
0.151091814041137695
0.148697316646575928
0.150371551513671875
0.028586871922016144
0.134712696075439453
0.151547253131866455
0.150943964719772339
0.148988872766494751
0.150303006172180176
0.148870497941970825
0.150914877653121948
0.150037378072738647
0.151528537273406982
0.150392383337020874
0.152590811252593994
0.146613001823425293
0.030120328068733215
0.135478228330612183
0.153795152902603149
0.150397121906280518
0.146917074918746948
0.146786689758300781
0.150035262107849121
0.149840027093887329
0.149147838354110718
0.150489330291748047
0.150581538677215576
0.153638243675231934
0.149630069732666016
0.034993715584278107
0.137490838766098022
0.154586583375930786
0.150793015956878662
0.140278637409210205
0.146550565958023071
0.146161556243896484
0.144139021635055542
0.147913932800292969
0.148534417152404785
0.149712800979614258
0.150295466184616089
0.152374267578125000
0.038408547639846802
0.132733374834060669
0.144585758447647095
0.146431148052215576
0.122787348926067352
0.144993364810943604
0.138228684663772583
0.138389229774475098
0.142168462276458740
0.141144454479217529
0.141004472970962524
0.141903549432754517
0.147958189249038696
0.042855687439441681
-0.000078353732533287
1.179295063018798828
1.587066888809204102
1.715274691581726074
1.762258768081665039
1.724668025970458984
1.600570321083068848
1.556446313858032227
1.601862072944641113
1.725500941276550293
1.633832931518554688
1.702329397201538086
2.247510671615600586
0.761459469795227051
2.507987499237060547
3.123008012771606445
3.279792785644531250
3.415361166000366211
3.495227336883544922
3.449826002120971680
3.398336410522460938
3.435251474380493164
3.412485122680664062
3.248800039291381836
3.727553606033325195
3.821148395538330078
0.727448344230651855
2.322394609451293945
2.961962461471557617
2.995235204696655273
3.169216156005859375
3.247320413589477539
3.210712671279907227
3.129283905029296875
3.252970933914184570
3.264896869659423828
3.095128297805786133
3.777581691741943359
3.228497028350830078
0.579096555709838867
2.255712032318115234
3.061818361282348633
3.265960931777954102
3.298559665679931641
3.399902820587158203
3.193269729614257812
3.132999658584594727
3.120110034942626953
3.225812435150146484
3.007741212844848633
3.695492744445800781
3.231769800186157227
0.619829058647155762
2.148810863494873047
2.723626613616943359
3.029997825622558594
3.183814287185668945
3.287365674972534180
3.201987266540527344
3.184012413024902344
3.014028787612915039
3.042350292205810547
2.969911336898803711
3.691454887390136719
3.167330026626586914
0.543811798095703125
2.182659626007080078
2.875216007232666016
2.910705089569091797
2.889029741287231445
3.107277393341064453
3.208028078079223633
3.245373010635375977
3.218800306320190430
3.024060249328613281
2.938936948776245117
3.773403644561767578
3.324497222900390625
0.406731963157653809
1.857233166694641113
2.751117706298828125
2.945693254470825195
2.903894662857055664
2.919548988342285156
3.039679527282714844
3.120709657669067383
3.144303560256958008
2.870522260665893555
2.560897588729858398
3.034090518951416016
3.233357429504394531
-0.006122123915702105
-0.004582466557621956
-0.004615968093276024
-0.004607626236975193
-0.004480385221540928
-0.004582206718623638
-0.004535549320280552
-0.004506649449467659
-0.004580595530569553
-0.004550051409751177
-0.004677233751863241
-0.004051775671541691
-0.004698706790804863
-0.007070441264659166
-0.004357923287898302
-0.004488890524953604
-0.004284529481083155
-0.004256749991327524
-0.004367577843368053
-0.004191948566585779
-0.004231373313814402
-0.004329331219196320
-0.004395832307636738
-0.004441360943019390
-0.003287700936198235
-0.005048321560025215
-0.007253389339894056
-0.004378561396151781
-0.004636521916836500
-0.004393690265715122
-0.004387042019516230
-0.004456120543181896
-0.004345520399510860
-0.004435193259268999
-0.004480527248233557
-0.004514617379754782
-0.004556309897452593
-0.003095627063885331
-0.005572665948420763
-0.007356419228017330
-0.004354476463049650
-0.004454531706869602
-0.004483576398342848
-0.004383553285151720
-0.004379568155854940
-0.004431782756000757
-0.004480515141040087
-0.004430038388818502
-0.004448811523616314
-0.004680492449551821
-0.003159673651680350
-0.005624290555715561
-0.007384739350527525
-0.004375313874334097
-0.004540929570794106
-0.004455592948943377
-0.004450402688235044
-0.004332300275564194
-0.004494275432080030
-0.004441312979906797
-0.004471147432923317
-0.004495925270020962
-0.004671865142881870
-0.003199507482349873
-0.005521198268979788
-0.007324340287595987
-0.004406189545989037
-0.004506024532020092
-0.004612046759575605
-0.004417944699525833
-0.004476781003177166
-0.004496499430388212
-0.004399500787258148
-0.004456802736967802
-0.004497407469898462
-0.004527940880507231
-0.003116189735010266
-0.005666935816407204
-0.006914406083524227
-0.004590003751218319
-0.004603512585163116
-0.004741825163364410
-0.004248151089996099
-0.004910156596451998
-0.004410938359797001
-0.004348307382315397
-0.004324578680098057
-0.004723824560642242
-0.004544171970337629
-0.003668428631499410
-0.005050779320299625
0.272885262966156006
-0.010110216215252876
-0.012684328481554985
-0.013629052788019180
-0.014025161042809486
-0.013653556816279888
-0.012929190881550312
-0.012622720561921597
-0.012891028076410294
-0.013697586022317410
-0.013045014813542366
-0.015025169588625431
-0.013060328550636768
0.475395858287811279
-0.011827681213617325
-0.015788234770298004
-0.016958214342594147
-0.017901174724102020
-0.018094168975949287
-0.018067831173539162
-0.017731359228491783
-0.018074732273817062
-0.017789499834179878
-0.016934869810938835
-0.021724337711930275
-0.016972869634628296
0.516407132148742676
-0.010819533839821815
-0.015021871775388718
-0.015530195087194443
-0.016612116247415543
-0.016844715923070908
-0.016545226797461510
-0.015679139643907547
-0.017014468088746071
-0.017146589234471321
-0.015908950939774513
-0.022326055914163589
-0.014174492098391056
0.579497158527374268
-0.010309522971510887
-0.015856480225920677
-0.016913790255784988
-0.017182569950819016
-0.017643945291638374
-0.016580032184720039
-0.016002910211682320
-0.015911526978015900
-0.016932792961597443
-0.015632314607501030
-0.021700466051697731
-0.014208612032234669
0.567160487174987793
-0.009870724752545357
-0.013644849881529808
-0.015365347266197205
-0.016180286183953285
-0.017237866297364235
-0.016551382839679718
-0.016636213287711143
-0.015563868917524815
-0.015816092491149902
-0.015521690249443054
-0.021683041006326675
-0.014178480952978134
0.568857908248901367
-0.009821666404604912
-0.014396390877664089
-0.014167997054755688
-0.014412316493690014
-0.015599966049194336
-0.016265427693724632
-0.016596803441643715
-0.016474146395921707
-0.015138074755668640
-0.015089484862983227
-0.022387031465768814
-0.014323737472295761
0.666648030281066895
-0.007264107465744019
-0.012843878008425236
-0.012554992921650410
-0.013672833330929279
-0.012864600867033005
-0.014369552023708820
-0.014791414141654968
-0.015040001831948757
-0.013004474341869354
-0.011542399413883686
-0.016689270734786987
-0.014270310290157795
