-0.005518754478543997
-0.005519735626876354
-0.005519715603441000
-0.005519724451005459
-0.005519720725715160
-0.005519730504602194
-0.005519730970263481
-0.005519726313650608
-0.005519718397408724
-0.005519714206457138
-0.005519723054021597
-0.005519646219909191
-0.005519850645214319
-0.005517684854567051
-0.005518528632819653
-0.005518509075045586
-0.005518504884094000
-0.005518489517271519
-0.005518489982932806
-0.005518496502190828
-0.005518492311239243
-0.005518488120287657
-0.005518493708223104
-0.005518488585948944
-0.005518385209143162
-0.005518800113350153
-0.005517686251550913
-0.005518519785255194
-0.005518510937690735
-0.005518498364835978
-0.005518483463674784
-0.005518478807061911
-0.005518490914255381
-0.005518492311239243
-0.005518486257642508
-0.005518485791981220
-0.005518487188965082
-0.005518380086869001
-0.005518841557204723
-0.005517695564776659
-0.005518548190593719
-0.005518496502190828
-0.005518489517271519
-0.005518485791981220
-0.005518480204045773
-0.005518494173884392
-0.005518492776900530
-0.005518488120287657
-0.005518491845577955
-0.005518483929336071
-0.005518374964594841
-0.005518862977623940
-0.005517712794244289
-0.005518561694771051
-0.005518503021448851
-0.005518490914255381
-0.005518489982932806
-0.005518486257642508
-0.005518485791981220
-0.005518489517271519
-0.005518493708223104
-0.005518491845577955
-0.005518488585948944
-0.005518375895917416
-0.005518843419849873
-0.005517709068953991
-0.005518550053238869
-0.005518505815416574
-0.005518503021448851
-0.005518490914255381
-0.005518496502190828
-0.005518486257642508
-0.005518483463674784
-0.005518503021448851
-0.005518505815416574
-0.005518492776900530
-0.005518378689885139
-0.005518833640962839
-0.005517738871276379
-0.005518591962754726
-0.005518509075045586
-0.005518507212400436
-0.005518489517271519
-0.005518503021448851
-0.005518518388271332
-0.005518496967852116
-0.005518493708223104
-0.005518519785255194
-0.005518511403352022
-0.005518400110304356
-0.005518681369721889
-0.000105185135907959
-0.000130188316688873
-0.000129200445371680
-0.000129488485981710
-0.000129833963001147
-0.000129676307551563
-0.000130478365463205
-0.000130618805997074
-0.000130490807350725
-0.000130022090161219
-0.000129970081616193
-0.000128804444102570
-0.000131561610032804
-0.000119543146865908
-0.000157860587933101
-0.000157485381350853
-0.000158227747306228
-0.000158766211825423
-0.000158061375259422
-0.000158494483912364
-0.000157860136823729
-0.000158950308104977
-0.000158373790327460
-0.000158605049364269
-0.000156324953422882
-0.000161909832968377
-0.000118988231406547
-0.000157279820996337
-0.000157503483933397
-0.000157007205416448
-0.000158378024934791
-0.000157806643983349
-0.000158552080392838
-0.000158044611453079
-0.000159617731696926
-0.000156181675265543
-0.000157696296810172
-0.000155757879838347
-0.000164833283633925
-0.000120226737635676
-0.000160226598381996
-0.000157555332407355
-0.000156113950652070
-0.000157115078764036
-0.000157567556016147
-0.000158190581714734
-0.000158036418724805
-0.000158384296810254
-0.000157385467900895
-0.000155957706738263
-0.000155134199303575
-0.000165221616043709
-0.000121134369692300
-0.000160846859216690
-0.000158693408593535
-0.000158425566041842
-0.000158027411089279
-0.000158230279339477
-0.000157333677634597
-0.000157968170242384
-0.000158782902872190
-0.000157570539158769
-0.000155671528773382
-0.000154102963279001
-0.000164285593200475
-0.000120874712592922
-0.000159542702022009
-0.000158393682795577
-0.000158624650794081
-0.000159393544890918
-0.000159161238116212
-0.000158392853336409
-0.000158897266373970
-0.000158974304213189
-0.000157828631927259
-0.000158492839545943
-0.000153576358570717
-0.000163041870109737
-0.000121755445434246
-0.000160974261234514
-0.000159239323693328
-0.000157168280566111
-0.000158838025527075
-0.000159813454956748
-0.000159800416440703
-0.000157430840772577
-0.000158479291712865
-0.000159120783791877
-0.000160098963533528
-0.000156837922986597
-0.000160299765411764
0.799895405769348145
-0.003875605994835496
-0.002249405253678560
-0.002941248239949346
-0.003746479749679565
-0.003752508666366339
-0.003543342929333448
-0.003940891008824110
-0.003023722674697638
-0.003170116571709514
-0.002960393438115716
-0.003873741487041116
0.064528740942478180
1.187329292297363281
-0.000899433915037662
-0.000153281682287343
-0.000967245548963547
-0.001098457374610007
-0.000370436464436352
-0.000287719507468864
-0.000723371922504157
-0.000999088748358190
-0.000681546458508819
-0.000859113468322903
-0.000875524710863829
0.321253806352615356
1.130747675895690918
0.024874329566955566
-0.000160104624228552
-0.000041028557461686
-0.000437347422121093
-0.000768501020502299
-0.000525826821103692
0.006486237049102783
-0.000536354025825858
-0.000908734626136720
-0.000335110875312239
-0.001114140613935888
0.509715855121612549
1.194472789764404297
0.067074313759803772
-0.000543067872058600
-0.000789121841080487
-0.000365689251339063
0.054795876145362854
0.189433261752128601
-0.000028767435651389
0.042934045195579529
-0.000556810933630913
-0.000339764636009932
-0.000232025820878334
0.409110397100448608
1.375692009925842285
0.098016150295734406
0.205489918589591980
0.007214397192001343
0.027396649122238159
-0.000797864631749690
-0.000566097325645387
0.018913373351097107
-0.000103836799098644
0.031556949019432068
0.018197968602180481
-0.000606214685831219
0.437377274036407471
1.261908173561096191
-0.000983455567620695
-0.000544864102266729
0.020016476511955261
-0.000176975430804305
0.000649586319923401
-0.000685735489241779
0.001263707876205444
0.150909721851348877
0.101559072732925415
-0.000292912271106616
-0.001695444341748953
0.292839169502258301
1.207652568817138672
0.003046259284019470
-0.000520348374266177
-0.000232081554713659
-0.001621111994609237
0.065102860331535339
-0.001071623060852289
-0.001002992852590978
-0.002364418935030699
-0.001145713496953249
-0.001667167642153800
-0.001563247875310481
0.092483609914779663
0.224553018808364868
0.225747689604759216
0.225736513733863831
0.225735545158386230
0.225734964013099670
0.225734889507293701
0.225735545158386230
0.225735723972320557
0.225735768675804138
0.225735723972320557
0.225736215710639954
0.225736349821090698
0.225744590163230896
0.225102677941322327
0.226822793483734131
0.226781621575355530
0.226781398057937622
0.226781070232391357
0.226781934499740601
0.226781666278839111
0.226780891418457031
0.226781785488128662
0.226781278848648071
0.226781204342842102
0.226781189441680908
0.226795524358749390
0.225100249052047729
0.226805642247200012
0.226781904697418213
0.226782396435737610
0.226782009005546570
0.226782932877540588
0.226783126592636108
0.226783186197280884
0.226783066987991333
0.226782456040382385
0.226782768964767456
0.226782009005546570
0.226798385381698608
0.225143641233444214
0.226854369044303894
0.226781725883483887
0.226781815290451050
0.226782903075218201
0.226783752441406250
0.226795077323913574
0.226786226034164429
0.226785913109779358
0.226782962679862976
0.226783260703086853
0.226781740784645081
0.226799115538597107
0.225196242332458496
0.226891621947288513
0.226784288883209229
0.226783990859985352
0.226784199476242065
0.226784616708755493
0.226784735918045044
0.226785808801651001
0.226786583662033081
0.226784765720367432
0.226783186197280884
0.226782038807868958
0.226799190044403076
0.225157782435417175
0.226875096559524536
0.226783096790313721
0.226784676313400269
0.226784601807594299
0.226782679557800293
0.226783663034439087
0.226785421371459961
0.226785719394683838
0.226784437894821167
0.226783841848373413
0.226781651377677917
0.226799383759498596
0.225298941135406494
0.226991325616836548
0.226788789033889771
0.226783722639083862
0.226800024509429932
0.226824387907981873
0.226820304989814758
0.226784363389015198
0.226784646511077881
0.226784303784370422
0.226784899830818176
0.226782917976379395
0.226799324154853821
0.409956961870193481
0.409972876310348511
0.409971356391906738
0.409972280263900757
0.409972101449966431
0.409973144531250000
0.409973829984664917
0.409973382949829102
0.409972041845321655
0.409971356391906738
0.409972310066223145
0.409966707229614258
0.409979045391082764
0.409919559955596924
0.409921437501907349
0.409920454025268555
0.409919321537017822
0.409918397665023804
0.409918099641799927
0.409918546676635742
0.409918427467346191
0.409918069839477539
0.409918308258056641
0.409918397665023804
0.409910321235656738
0.409935832023620605
0.409919828176498413
0.409921705722808838
0.409920871257781982
0.409919023513793945
0.409917801618576050
0.409917116165161133
0.409917801618576050
0.409917771816253662
0.409917950630187988
0.409917801618576050
0.409918010234832764
0.409909665584564209
0.409938782453536987
0.409918129444122314
0.409920930862426758
0.409919321537017822
0.409917950630187988
0.409917771816253662
0.409916967153549194
0.409917563199996948
0.409917950630187988
0.409917682409286499
0.409918010234832764
0.409918069839477539
0.409909904003143311
0.409940570592880249
0.409916698932647705
0.409920066595077515
0.409920126199722290
0.409918189048767090
0.409917712211608887
0.409917771816253662
0.409917503595352173
0.409917622804641724
0.409918159246444702
0.409918159246444702
0.409918367862701416
0.409909695386886597
0.409939378499984741
0.409918576478958130
0.409920424222946167
0.409920245409011841
0.409918963909149170
0.409918308258056641
0.409918099641799927
0.409917324781417847
0.409917384386062622
0.409918189048767090
0.409918874502182007
0.409918993711471558
0.409910053014755249
0.409938067197799683
0.409912794828414917
0.409917473793029785
0.409920275211334229
0.409918904304504395
0.409917503595352173
0.409917056560516357
0.409918010234832764
0.409918308258056641
0.409918308258056641
0.409920692443847656
0.409920990467071533
0.409912198781967163
0.409928470849990845
2.451201438903808594
-0.008439742960035801
-0.001982591114938259
-0.000532963837031275
-0.001445286790840328
-0.004350197967141867
-0.006483157631009817
-0.007645213510841131
-0.004468916449695826
-0.002070371992886066
-0.001665292889811099
-0.006573265418410301
-0.010155966505408287
3.573232173919677734
-0.011121885851025581
-0.007534513249993324
-0.006490786094218493
-0.006897891405969858
-0.007361970841884613
-0.007534917443990707
-0.007531104143708944
-0.007424398325383663
-0.007143121678382158
-0.006847701035439968
-0.010016620159149170
-0.013758789747953415
2.857059001922607422
-0.004147945437580347
-0.005517049692571163
-0.004644121974706650
-0.004380709491670132
-0.005188981071114540
-0.004915175493806601
-0.005286268889904022
-0.006515085697174072
-0.006622229702770710
-0.006114047486335039
-0.009094816632568836
-0.006375998258590698
3.539206027984619141
-0.003502302104607224
-0.006713751237839460
-0.005748798605054617
-0.005085456185042858
-0.006390469148755074
0.137563347816467285
-0.006452921312302351
-0.005857208743691444
-0.006461641751229763
-0.006174462847411633
-0.008559167385101318
-0.007940026000142097
4.516769886016845703
-0.000968700041994452
0.434407055377960205
-0.006406277418136597
-0.007166479714214802
-0.006889084354043007
-0.004199257586151361
-0.001671237871050835
-0.002033629454672337
-0.006388177629560232
-0.006384979467839003
-0.008686814457178116
-0.009398065507411957
4.498008251190185547
-0.007304511032998562
-0.004401598591357470
-0.006619917228817940
-0.007003684062510729
-0.005713219288736582
-0.006745311897248030
-0.002215116517618299
-0.000389490131055936
0.094452679157257080
-0.005665646865963936
-0.008064126595854759
-0.011104414239525795
4.346614360809326172
-0.008119137026369572
-0.010358380153775215
-0.011046682484447956
-0.012343491427600384
-0.005127249751240015
-0.012103425338864326
-0.007441642228513956
-0.010404313914477825
-0.001416107406839728
-0.009649038314819336
-0.011485833674669266
-0.015473504550755024
0.446822166442871094
-0.002399697201326489
-0.001211766153573990
-0.000480100366985425
-0.000904149666894227
-0.001749855000525713
-0.002501324750483036
-0.002956881420686841
-0.001849727588705719
-0.001344851218163967
-0.000939858669880778
-0.002114411909133196
-0.010760297998785973
0.474186778068542480
-0.009881882928311825
-0.008911131881177425
-0.010113706812262535
-0.010055620223283768
-0.009818324819207191
-0.009647507220506668
-0.009490078315138817
-0.009062425233423710
-0.009760770946741104
-0.009485894814133644
-0.011420557275414467
-0.023697627708315849
0.468654632568359375
-0.007098786532878876
-0.006190893705934286
-0.008212951011955738
-0.007624305784702301
-0.006090656388550997
-0.007187061011791229
-0.008237569592893124
-0.007652357220649719
-0.007340826094150543
-0.008070972748100758
-0.011048633605241776
-0.021862396970391273
0.560550391674041748
-0.007044074591249228
-0.006984435953199863
-0.007957043126225471
-0.007376901805400848
-0.006083092652261257
-0.005170847289264202
-0.007081071380525827
-0.007883219979703426
-0.007970824837684631
-0.007841593585908413
-0.011044800281524658
-0.021586388349533081
0.853009104728698730
-0.006410280242562294
-0.006051964592188597
-0.008275022730231285
-0.006733436603099108
-0.007172648794949055
-0.006373297888785601
-0.006199058145284653
-0.005652509629726410
-0.007538283243775368
-0.007081595715135336
-0.010342452675104141
-0.024359321221709251
0.855420470237731934
-0.007364258635789156
-0.007135255262255669
-0.007905545644462109
-0.007625524420291185
-0.007920697331428528
-0.008178171701729298
-0.006050750613212585
-0.005572576541453600
-0.006339971907436848
-0.007692954968661070
-0.009841800667345524
-0.022783931344747543
0.697261810302734375
-0.009228566661477089
-0.009518546983599663
-0.009190592914819717
-0.008648137561976910
-0.006777604576200247
-0.009209271520376205
-0.007609643042087555
-0.007598062511533499
-0.006751420442014933
-0.010486304759979248
-0.011520556174218655
-0.021238856017589569
2.296742677688598633
2.968107461929321289
2.890624284744262695
2.971516132354736328
3.023802280426025391
2.991413354873657227
2.946922302246093750
2.963735342025756836
2.928406953811645508
2.962957143783569336
2.957071542739868164
2.982523679733276367
2.374536991119384766
2.036032915115356445
2.535815238952636719
2.513163566589355469
2.555999040603637695
2.566457509994506836
2.510119915008544922
2.506634950637817383
2.546376705169677734
2.579771280288696289
2.538138151168823242
2.560508966445922852
2.497499942779541016
1.835088014602661133
2.051299571990966797
2.539293289184570312
2.588771104812622070
2.534328222274780273
2.582242012023925781
2.642836332321166992
2.597811698913574219
2.522279024124145508
2.580472946166992188
2.618230104446411133
2.555553913116455078
2.529661417007446289
1.756945848464965820
2.050383329391479492
2.508571624755859375
2.596187829971313477
2.597367048263549805
2.579223871231079102
2.529322624206542969
2.473933935165405273
2.552646636962890625
2.498247385025024414
2.574820280075073242
2.561192989349365234
2.458739280700683594
1.840116500854492188
2.013541698455810547
2.509292364120483398
2.452311277389526367
2.515847682952880859
2.532902956008911133
2.611929655075073242
2.623678445816040039
2.576561689376831055
2.612252712249755859
2.513579130172729492
2.535476922988891602
2.506347179412841797
1.743981719017028809
2.107139110565185547
2.620804786682128906
2.602673053741455078
2.513227462768554688
2.549329519271850586
2.532799720764160156
2.579234123229980469
2.592278480529785156
2.488377809524536133
2.516395568847656250
2.562943458557128906
2.611479282379150391
1.893200278282165527
2.104282617568969727
2.485045671463012695
2.513849020004272461
2.494539022445678711
2.616514444351196289
2.505405902862548828
2.559432983398437500
2.611982822418212891
2.711611509323120117
2.670483589172363281
2.588153839111328125
2.544738292694091797
2.073430776596069336
0.007549926638603210
0.006918266415596008
0.006918266415596008
0.006918236613273621
0.006918266415596008
0.006918236613273621
0.006918206810951233
0.006918266415596008
0.006918266415596008
0.006918266415596008
0.006918266415596008
0.006918296217918396
0.006918057799339294
0.008797034621238708
0.008408918976783752
0.008409038186073303
0.008408918976783752
0.008409008383750916
0.008409038186073303
0.008409008383750916
0.008409008383750916
0.008409008383750916
0.008408948779106140
0.008408799767494202
0.008409157395362854
0.008409067988395691
0.008796975016593933
0.008408844470977783
0.008409053087234497
0.008408978581428528
0.008409053087234497
0.008409053087234497
0.008409053087234497
0.008408993482589722
0.008409023284912109
0.008409053087234497
0.008408874273300171
0.008409261703491211
0.008409067988395691
0.008796945214271545
0.008408844470977783
0.008409142494201660
0.008408963680267334
0.008409023284912109
0.008409112691879272
0.008409142494201660
0.008409053087234497
0.008409023284912109
0.008409023284912109
0.008408904075622559
0.008409291505813599
0.008408978581428528
0.008796975016593933
0.008408874273300171
0.008408963680267334
0.008409023284912109
0.008409053087234497
0.008409082889556885
0.008409082889556885
0.008409023284912109
0.008409053087234497
0.008409082889556885
0.008408993482589722
0.008409231901168823
0.008409008383750916
0.008797064423561096
0.008408904075622559
0.008409082889556885
0.008408978581428528
0.008409142494201660
0.008409023284912109
0.008409023284912109
0.008409112691879272
0.008409053087234497
0.008408933877944946
0.008408904075622559
0.008409321308135986
0.008409127593040466
0.008797004818916321
0.008408710360527039
0.008409053087234497
0.008408844470977783
0.008409023284912109
0.008408978581428528
0.008408948779106140
0.008408948779106140
0.008409053087234497
0.008408904075622559
0.008408769965171814
0.008409187197685242
0.008409008383750916
-0.005780622363090515
-0.005780725274235010
-0.005780720617622137
-0.005780721548944712
-0.005780725274235010
-0.005780722480267286
-0.005780729465186596
-0.005780731793493032
-0.005780731793493032
-0.005780728533864021
-0.005780726671218872
-0.005780729465186596
-0.005780716892331839
-0.005780683830380440
-0.005780858919024467
-0.005780861247330904
-0.005780869629234076
-0.005780877545475960
-0.005780870094895363
-0.005780873354524374
-0.005780868232250214
-0.005780878942459822
-0.005780872423201799
-0.005780876148492098
-0.005780873820185661
-0.005780847743153572
-0.005780677776783705
-0.005780856590718031
-0.005780861247330904
-0.005780858919024467
-0.005780874751508236
-0.005780870094895363
-0.005780874751508236
-0.005780869629234076
-0.005780885461717844
-0.005780853331089020
-0.005780867766588926
-0.005780869629234076
-0.005780867300927639
-0.005780685227364302
-0.005780875682830811
-0.005780864041298628
-0.005780852399766445
-0.005780862644314766
-0.005780867300927639
-0.005780870094895363
-0.005780869629234076
-0.005780873820185661
-0.005780863575637341
-0.005780851934105158
-0.005780864041298628
-0.005780866835266352
-0.005780688021332026
-0.005780877545475960
-0.005780873820185661
-0.005780873820185661
-0.005780870094895363
-0.005780872423201799
-0.005780864041298628
-0.005780869629234076
-0.005780876148492098
-0.005780865438282490
-0.005780848208814859
-0.005780854728072882
-0.005780861712992191
-0.005780688486993313
-0.005780867766588926
-0.005780870560556650
-0.005780873354524374
-0.005780882667750120
-0.005780879873782396
-0.005780874285846949
-0.005780878942459822
-0.005780876148492098
-0.005780864972621202
-0.005780873820185661
-0.005780849140137434
-0.005780851934105158
-0.005780682899057865
-0.005780867300927639
-0.005780877545475960
-0.005780858919024467
-0.005780876614153385
-0.005780882202088833
-0.005780878942459822
-0.005780863109976053
-0.005780873820185661
-0.005780874751508236
-0.005780885461717844
-0.005780875682830811
-0.005780854728072882
0.382226973772048950
0.382234513759613037
0.382234543561935425
0.382234543561935425
0.382234513759613037
0.382234513759613037
0.382234513759613037
0.382234513759613037
0.382234513759613037
0.382234513759613037
0.382234513759613037
0.382234513759613037
0.382234543561935425
0.382228970527648926
0.382240265607833862
0.382240235805511475
0.382240235805511475
0.382240235805511475
0.382240235805511475
0.382240235805511475
0.382240235805511475
0.382240235805511475
0.382240235805511475
0.382240235805511475
0.382240235805511475
0.382240265607833862
0.382228970527648926
0.382240235805511475
0.382240235805511475
0.382240265607833862
0.382240235805511475
0.382240235805511475
0.382240235805511475
0.382240235805511475
0.382240235805511475
0.382240265607833862
0.382240235805511475
0.382240235805511475
0.382240235805511475
0.382228970527648926
0.382240235805511475
0.382240235805511475
0.382240265607833862
0.382240235805511475
0.382240235805511475
0.382240235805511475
0.382240235805511475
0.382240235805511475
0.382240235805511475
0.382240265607833862
0.382240235805511475
0.382240235805511475
0.382228970527648926
0.382240235805511475
0.382240235805511475
0.382240235805511475
0.382240235805511475
0.382240235805511475
0.382240235805511475
0.382240235805511475
0.382240235805511475
0.382240235805511475
0.382240265607833862
0.382240235805511475
0.382240235805511475
0.382228970527648926
0.382240235805511475
0.382240235805511475
0.382240235805511475
0.382240235805511475
0.382240235805511475
0.382240235805511475
0.382240235805511475
0.382240235805511475
0.382240235805511475
0.382240235805511475
0.382240265607833862
0.382240265607833862
0.382228970527648926
0.382240235805511475
0.382240235805511475
0.382240265607833862
0.382240235805511475
0.382240235805511475
0.382240235805511475
0.382240235805511475
0.382240235805511475
0.382240235805511475
0.382240235805511475
0.382240235805511475
0.382240265607833862
0.138791814446449280
0.138752207159996033
0.138669788837432861
0.138698011636734009
0.138704359531402588
0.138747632503509521
0.138833731412887573
0.138817757368087769
0.138725057244300842
0.138676747679710388
0.138713479042053223
0.138687700033187866
0.138487637042999268
0.138837099075317383
0.139052763581275940
0.138841331005096436
0.138742536306381226
0.138754904270172119
0.138716429471969604
0.138717383146286011
0.138733923435211182
0.138730436563491821
0.138709306716918945
0.138764470815658569
0.138664066791534424
0.138303190469741821
0.138839408755302429
0.139050990343093872
0.138878539204597473
0.138766527175903320
0.138742089271545410
0.138700395822525024
0.138679116964340210
0.138667106628417969
0.138737425208091736
0.138719886541366577
0.138741627335548401
0.138626828789710999
0.138325944542884827
0.138831287622451782
0.139019817113876343
0.138807713985443115
0.138701975345611572
0.138719826936721802
0.138671323657035828
0.138694941997528076
0.138699099421501160
0.138708636164665222
0.138699024915695190
0.138775527477264404
0.138699397444725037
0.138368353247642517
0.138838067650794983
0.139035969972610474
0.138867676258087158
0.138731554150581360
0.138684839010238647
0.138722658157348633
0.138693928718566895
0.138689160346984863
0.138719990849494934
0.138726249337196350
0.138768330216407776
0.138670116662979126
0.138392925262451172
0.138858467340469360
0.139074951410293579
0.138846620917320251
0.138727307319641113
0.138745903968811035
0.138666301965713501
0.138667821884155273
0.138704419136047363
0.138639256358146667
0.138688832521438599
0.138818398118019104
0.138684153556823730
0.138313710689544678
0.138782098889350891
0.139086246490478516
0.138858318328857422
0.138677507638931274
0.138755947351455688
0.138738214969635010
0.138710647821426392
0.138696163892745972
0.138720721006393433
0.138789176940917969
0.138905107975006104
0.138767689466476440
0.138443589210510254
0.087902769446372986
0.087904900312423706
0.087904512882232666
0.087904736399650574
0.087904646992683411
0.087904870510101318
0.087904885411262512
0.087904766201972961
0.087904587388038635
0.087904483079910278
0.087904706597328186
0.087902903556823730
0.087907627224922180
0.087875708937644958
0.087865322828292847
0.087865173816680908
0.087865054607391357
0.087864711880683899
0.087864726781845093
0.087864875793457031
0.087864786386489868
0.087864682078361511
0.087864801287651062
0.087864682078361511
0.087862268090248108
0.087871879339218140
0.087875768542289734
0.087865248322486877
0.087865203619003296
0.087864905595779419
0.087864562869071960
0.087864458560943604
0.087864726781845093
0.087864771485328674
0.087864622473716736
0.087864622473716736
0.087864637374877930
0.087862163782119751
0.087872818112373352
0.087875649333000183
0.087865546345710754
0.087864875793457031
0.087864711880683899
0.087864622473716736
0.087864488363265991
0.087864741683006287
0.087864756584167480
0.087864652276039124
0.087864756584167480
0.087864577770233154
0.087862044572830200
0.087873294949531555
0.087875664234161377
0.087865576148033142
0.087865009903907776
0.087864726781845093
0.087864711880683899
0.087864622473716736
0.087864607572555542
0.087864667177200317
0.087864771485328674
0.087864741683006287
0.087864696979522705
0.087862059473991394
0.087872847914695740
0.087875872850418091
0.087865427136421204
0.087865084409713745
0.087865009903907776
0.087864726781845093
0.087864860892295837
0.087864622473716736
0.087864547967910767
0.087864995002746582
0.087865084409713745
0.087864771485328674
0.087862133979797363
0.087872624397277832
0.087875515222549438
0.087865531444549561
0.087865114212036133
0.087865114212036133
0.087864577770233154
0.087864711880683899
0.087865084409713745
0.087864875793457031
0.087864801287651062
0.087865397334098816
0.087865188717842102
0.087862610816955566
0.087869077920913696
-0.008901988156139851
-0.008792909793555737
-0.008804229088127613
-0.008791530504822731
-0.008781743235886097
-0.008787092752754688
-0.008794074878096581
-0.008790590800344944
-0.008797752670943737
-0.008791254833340645
-0.008793460205197334
-0.008789676241576672
-0.008871440775692463
-0.008935180492699146
-0.008839798159897327
-0.008843793533742428
-0.008830612525343895
-0.008829419501125813
-0.008840597234666348
-0.008842054754495621
-0.008835746906697750
-0.008831521496176720
-0.008835720829665661
-0.008832651190459728
-0.008841243572533131
-0.008919805288314819
-0.008939257822930813
-0.008842228911817074
-0.008838637731969357
-0.008839308284223080
-0.008833001367747784
-0.008829267695546150
-0.008832518011331558
-0.008841950446367264
-0.008835410699248314
-0.008830164559185505
-0.008837711066007614
-0.008836355991661549
-0.008932311087846756
-0.008935923688113689
-0.008847144432365894
-0.008835479617118835
-0.008830502629280090
-0.008835215121507645
-0.008850214071571827
-0.008855308406054974
-0.008842379786074162
-0.008848072029650211
-0.008835085667669773
-0.008837670087814331
-0.008848387748003006
-0.008920403197407722
-0.008943534456193447
-0.008846838027238846
-0.008852613158524036
-0.008844100870192051
-0.008847902528941631
-0.008832198567688465
-0.008830473758280277
-0.008836708031594753
-0.008833007887005806
-0.008847310207784176
-0.008845309726893902
-0.008842772804200649
-0.008927815593779087
-0.008927575312554836
-0.008830345235764980
-0.008831415325403214
-0.008846222423017025
-0.008841444738209248
-0.008841816335916519
-0.008833813481032848
-0.008835124783217907
-0.008853103034198284
-0.008843909017741680
-0.008837488479912281
-0.008825542405247688
-0.008909962140023708
-0.008924966678023338
-0.008849362842738628
-0.008845526725053787
-0.008851091377437115
-0.008833304978907108
-0.008852348662912846
-0.008840516209602356
-0.008832946419715881
-0.008818784728646278
-0.008819891139864922
-0.008828197605907917
-0.008834501728415489
-0.008890456520020962
0.173869028687477112
0.171211123466491699
0.171684116125106812
0.171132549643516541
0.171208739280700684
0.171458676457405090
0.171834617853164673
0.171964228153228760
0.171678707003593445
0.171601712703704834
0.171307593584060669
0.171119958162307739
0.172957092523574829
0.178755477070808411
0.181047335267066956
0.180951058864593506
0.182122558355331421
0.181977912783622742
0.181817039847373962
0.181633412837982178
0.181414261460304260
0.180947542190551758
0.181757897138595581
0.181451633572578430
0.180508106946945190
0.184435427188873291
0.177868694067001343
0.180566281080245972
0.179317608475685120
0.181443542242050171
0.180848985910415649
0.179189816117286682
0.180365070700645447
0.181389838457107544
0.180454313755035400
0.180082991719245911
0.180949196219444275
0.180055454373359680
0.185098797082901001
0.178415283560752869
0.180698394775390625
0.179791077971458435
0.180842563509941101
0.180501148104667664
0.179254457354545593
0.180157840251922607
0.180052265524864197
0.181029587984085083
0.180785819888114929
0.180731981992721558
0.180027857422828674
0.184537589550018311
0.177886322140693665
0.180665239691734314
0.181526347994804382
0.181185826659202576
0.179639443755149841
0.179881945252418518
0.179687857627868652
0.180156677961349487
0.179516762495040894
0.180572167038917542
0.180075436830520630
0.179502323269844055
0.186939701437950134
0.177602648735046387
0.179962068796157837
0.180329784750938416
0.180820763111114502
0.180391192436218262
0.180979043245315552
0.180894196033477783
0.179865986108779907
0.180102467536926270
0.180948570370674133
0.180620208382606506
0.179243594408035278
0.184659048914909363
0.177093058824539185
0.179746523499488831
0.179490730166435242
0.178871124982833862
0.177883222699165344
0.177975863218307495
0.178891599178314209
0.178076669573783875
0.177210301160812378
0.178381800651550293
0.180243074893951416
0.179833367466926575
0.180442541837692261
-0.003081860719248652
-0.006071288604289293
-0.005642371252179146
-0.005770319607108831
-0.005965921562165022
-0.006003324873745441
-0.005985334981232882
-0.006092031951993704
-0.005842833314090967
-0.005854032002389431
-0.005797284189611673
-0.006074301898479462
-0.006051334086805582
-0.001981640933081508
-0.005425387993454933
-0.005212211050093174
-0.005426105111837387
-0.005453926976770163
-0.005283504724502563
-0.005260898731648922
-0.005352308508008718
-0.005403587594628334
-0.005348816979676485
-0.005387760698795319
-0.005697172135114670
-0.006012146361172199
-0.002075190423056483
-0.004994030110538006
-0.005063380114734173
-0.005090928170830011
-0.005161320324987173
-0.005189036019146442
-0.005162711255252361
-0.005065324716269970
-0.005190864671021700
-0.005262689664959908
-0.005159263499081135
-0.005760401487350464
-0.005441593006253242
-0.001883188262581825
-0.004898298997431993
-0.005173120182007551
-0.005252919159829617
-0.005138859152793884
-0.004893077071756124
-0.004536036401987076
-0.005055767018347979
-0.004974505864083767
-0.005201491061598063
-0.005152904894202948
-0.005595535505563021
-0.005642833653837442
-0.001354278181679547
-0.004799659363925457
-0.004527525510638952
-0.005073058884590864
-0.004980273544788361
-0.005235137417912483
-0.005148665979504585
-0.004965386353433132
-0.005015634000301361
-0.004992318805307150
-0.005013369955122471
-0.005631567910313606
-0.005670113954693079
-0.001608576858416200
-0.005291457287967205
-0.005176028702408075
-0.005033629946410656
-0.005113097839057446
-0.005072041414678097
-0.005237930919975042
-0.005003846716135740
-0.004641560371965170
-0.004776122979819775
-0.005145532544702291
-0.005824109073728323
-0.005969026125967503
-0.001960837980732322
-0.005348304286599159
-0.005478903651237488
-0.005428283475339413
-0.005723965819925070
-0.005129624623805285
-0.005581297911703587
-0.005522517487406731
-0.005839814897626638
-0.005510100163519382
-0.005771690048277378
-0.005899983458220959
-0.006555838510394096
-0.016465149819850922
-0.016417950391769409
-0.016419269144535065
-0.016424233093857765
-0.016416102647781372
-0.016412282362580299
-0.016407595947384834
-0.016401905566453934
-0.016414066776633263
-0.016412923112511635
-0.016420576721429825
-0.016417318955063820
-0.016360837966203690
-0.016418524086475372
-0.016270373016595840
-0.016276737675070763
-0.016244102269411087
-0.016246363520622253
-0.016256386414170265
-0.016261035576462746
-0.016262024641036987
-0.016269193962216377
-0.016254931688308716
-0.016259200870990753
-0.016261141747236252
-0.016145402565598488
-0.016440667212009430
-0.016292486339807510
-0.016315314918756485
-0.016270942986011505
-0.016279820352792740
-0.016312506049871445
-0.016289900988340378
-0.016273390501737595
-0.016288401558995247
-0.016293186694383621
-0.016279332339763641
-0.016266088932752609
-0.016149787232279778
-0.016431281343102455
-0.016292879357933998
-0.016302658244967461
-0.016277566552162170
-0.016288185492157936
-0.016323560848832130
-0.016312625259160995
-0.016301501542329788
-0.016284665092825890
-0.016281329095363617
-0.016284083947539330
-0.016271557658910751
-0.016155444085597992
-0.016453783959150314
-0.016295323148369789
-0.016283277422189713
-0.016278179362416267
-0.016313156113028526
-0.016298437491059303
-0.016303248703479767
-0.016298705711960793
-0.016309956088662148
-0.016293575987219810
-0.016302641481161118
-0.016281552612781525
-0.016107808798551559
-0.016449900344014168
-0.016296086832880974
-0.016289757564663887
-0.016287120059132576
-0.016292989253997803
-0.016281627118587494
-0.016277924180030823
-0.016303500160574913
-0.016310989856719971
-0.016287844628095627
-0.016285985708236694
-0.016279995441436768
-0.016142597422003746
-0.016442392021417618
-0.016292018815875053
-0.016293156892061234
-0.016306746751070023
-0.016316717490553856
-0.016331447288393974
-0.016302913427352905
-0.016316596418619156
-0.016324326395988464
-0.016306031495332718
-0.016266258433461189
-0.016267126426100731
-0.016203133389353752
-0.000616717152297497
-0.000616246892604977
-0.000616240780800581
-0.000616242352407426
-0.000616247998550534
-0.000616243225522339
-0.000616254808846861
-0.000616257777437568
-0.000616257602814585
-0.000616252422332764
-0.000616248813457787
-0.000616254401393235
-0.000616234843619168
-0.000617105921264738
-0.000616714940406382
-0.000616719131357968
-0.000616730540059507
-0.000616741599515080
-0.000616731762420386
-0.000616736186202615
-0.000616730074398220
-0.000616744917351753
-0.000616735720541328
-0.000616740668192506
-0.000616739678662270
-0.000616705976426601
-0.000617097364738584
-0.000616709410678595
-0.000616719014942646
-0.000616715406067669
-0.000616739213000983
-0.000616733101196587
-0.000616739620454609
-0.000616733042988926
-0.000616755161900073
-0.000616707140579820
-0.000616729084867984
-0.000616733916103840
-0.000616737641394138
-0.000617109646555036
-0.000616738863755018
-0.000616723147686571
-0.000616704812273383
-0.000616720062680542
-0.000616728328168392
-0.000616732228081673
-0.000616730889305472
-0.000616736593656242
-0.000616722216363996
-0.000616704870481044
-0.000616726698353887
-0.000616737117525190
-0.000617112440522760
-0.000616740842815489
-0.000616737292148173
-0.000616737583186477
-0.000616732169874012
-0.000616735487710685
-0.000616723205894232
-0.000616730831097811
-0.000616740842815489
-0.000616723671555519
-0.000616698467638344
-0.000616711680777371
-0.000616726872976869
-0.000617111858446151
-0.000616727629676461
-0.000616732228081673
-0.000616737350355834
-0.000616750679910183
-0.000616745848674327
-0.000616738689132035
-0.000616746954619884
-0.000616740668192506
-0.000616724079009145
-0.000616737233940512
-0.000616702949628234
-0.000616711215116084
-0.000617104407865554
-0.000616726640146226
-0.000616742065176368
-0.000616716803051531
-0.000616742530837655
-0.000616749748587608
-0.000616748118773103
-0.000616722914855927
-0.000616736942902207
-0.000616738048847765
-0.000616754346992821
-0.000616742880083621
-0.000616715755313635
-0.000451438798336312
-0.000476898479973897
-0.000473520747618750
-0.000475447392091155
-0.000474733591545373
-0.000476713204989210
-0.000476746849017218
-0.000475807843031362
-0.000474130793008953
-0.000473337771836668
-0.000475202716188505
-0.000459562579635531
-0.000500548921991140
-0.000389408378396183
-0.000389664113754407
-0.000388408923754469
-0.000387500651413575
-0.000384461309295148
-0.000384567683795467
-0.000385867315344512
-0.000385068415198475
-0.000384140555979684
-0.000385295221349224
-0.000384288956411183
-0.000363279687007889
-0.000446515827206895
-0.000389961642213166
-0.000389049295336008
-0.000388723536161706
-0.000386136263841763
-0.000383135251468047
-0.000382198748411611
-0.000384652084903792
-0.000384931248845533
-0.000383709731977433
-0.000383674749173224
-0.000383820966817439
-0.000362314458470792
-0.000454736233223230
-0.000388884684070945
-0.000391670095268637
-0.000385878345696256
-0.000384448212571442
-0.000383564969524741
-0.000382492900826037
-0.000384603394195437
-0.000384871294954792
-0.000383871083613485
-0.000384824757929891
-0.000383227568818256
-0.000361238082405180
-0.000458963477285579
-0.000389062566682696
-0.000391915324144065
-0.000387037754990160
-0.000384650105843320
-0.000384404935175553
-0.000383709237212315
-0.000383582955691963
-0.000384122598916292
-0.000385036866646260
-0.000384723156457767
-0.000384236132958904
-0.000361449376214296
-0.000454951223218814
-0.000390758650610223
-0.000390685192542151
-0.000387725594919175
-0.000387012405553833
-0.000384650396881625
-0.000385814259061590
-0.000383659382350743
-0.000383050442906097
-0.000386959611205384
-0.000387653562938794
-0.000384918879717588
-0.000362039281753823
-0.000453066808404401
-0.000387714855605736
-0.000391585141187534
-0.000387903040973470
-0.000387902895454317
-0.000383285339921713
-0.000384395039873198
-0.000387592124752700
-0.000385791092412546
-0.000385155406547710
-0.000390431465348229
-0.000388612417737022
-0.000366239721188322
-0.000422231853008270
-0.006525363307446241
-0.006515357177704573
-0.006510901730507612
-0.006513426546007395
-0.006512498483061790
-0.006515135522931814
-0.006515220738947392
-0.006513960193842649
-0.006511698011308908
-0.006510605104267597
-0.006513098720461130
-0.006492082495242357
-0.006547112483531237
-0.006535024382174015
-0.006510498933494091
-0.006508867722004652
-0.006507609970867634
-0.006503518205136061
-0.006503648590296507
-0.006505405530333519
-0.006504371762275696
-0.006503109354525805
-0.006504678167402744
-0.006503258366137743
-0.006475081201642752
-0.006586992647498846
-0.006535780150443316
-0.006509647238999605
-0.006509256083518267
-0.006505777593702078
-0.006501734722405672
-0.006500515155494213
-0.006503788288682699
-0.006504153832793236
-0.006502581294625998
-0.006502464413642883
-0.006502654869109392
-0.006473734043538570
-0.006598117761313915
-0.006534312851727009
-0.006513168569654226
-0.006505504250526428
-0.006503506097942591
-0.006502327974885702
-0.006500917952507734
-0.006503716111183167
-0.006504025310277939
-0.006502746604382992
-0.006504080723971128
-0.006501856260001659
-0.006472283974289894
-0.006603799294680357
-0.006534551735967398
-0.006513500120490789
-0.006506980396807194
-0.006503780372440815
-0.006503450684249401
-0.006502524018287659
-0.006502339616417885
-0.006503060925751925
-0.006504280492663383
-0.006503884214907885
-0.006503215990960598
-0.006472562439739704
-0.006598434876650572
-0.006536819972097874
-0.006511876359581947
-0.006507931277155876
-0.006506951991468668
-0.006503770593553782
-0.006505372934043407
-0.006502436939626932
-0.006501630414277315
-0.006506894249469042
-0.006507824640721083
-0.006504217162728310
-0.006473355926573277
-0.006595902144908905
-0.006532726343721151
-0.006513040978461504
-0.006508166436105967
-0.006508116144686937
-0.006501913536339998
-0.006503484677523375
-0.006507992744445801
-0.006505279336124659
-0.006504450924694538
-0.006511502899229527
-0.006509122904390097
-0.006478998344391584
-0.006554342340677977
0.166803300380706787
0.251783013343811035
0.243252485990524292
0.252976089715957642
0.260686755180358887
0.256647378206253052
0.251324862241744995
0.254089027643203735
0.248263955116271973
0.253449082374572754
0.251637846231460571
0.253774017095565796
0.207497656345367432
0.140738099813461304
0.217563703656196594
0.214372068643569946
0.225829660892486572
0.226435154676437378
0.217404574155807495
0.216166466474533081
0.220881178975105286
0.223828554153442383
0.221225798130035400
0.223501741886138916
0.219393044710159302
0.182549059391021729
0.135199815034866333
0.214161843061447144
0.215859800577163696
0.217049673199653625
0.221378326416015625
0.222719326615333557
0.221261680126190186
0.214745730161666870
0.219050139188766479
0.222786501049995422
0.217721641063690186
0.223343268036842346
0.172694563865661621
0.138638079166412354
0.210652485489845276
0.218494519591331482
0.223306208848953247
0.219278454780578613
0.206076845526695251
0.203311324119567871
0.213163956999778748
0.209487333893775940
0.219586089253425598
0.217492327094078064
0.214460164308547974
0.181333497166633606
0.132618322968482971
0.210972830653190613
0.207121223211288452
0.212874621152877808
0.208383560180664062
0.221034109592437744
0.222323417663574219
0.217962339520454407
0.220351606607437134
0.209715664386749268
0.210908293724060059
0.217887133359909058
0.177333146333694458
0.145051836967468262
0.223030060529708862
0.222514063119888306
0.210989803075790405
0.214284524321556091
0.214561194181442261
0.220627665519714355
0.218907535076141357
0.205088019371032715
0.213300049304962158
0.217859178781509399
0.230640396475791931
0.189597785472869873
0.150077566504478455
0.212412595748901367
0.214747697114944458
0.210223302245140076
0.223022982478141785
0.208386003971099854
0.217759311199188232
0.223549365997314453
0.233857974410057068
0.234725177288055420
0.229369640350341797
0.225030571222305298
0.202794343233108521
1.250994682312011719
1.250994682312011719
1.250994682312011719
1.250994682312011719
1.250994682312011719
1.250994682312011719
1.250994682312011719
1.250994682312011719
1.250994682312011719
1.250994682312011719
1.250994682312011719
1.250994682312011719
1.250994682312011719
1.250994682312011719
1.250994682312011719
1.250994682312011719
1.250994682312011719
1.250994682312011719
1.250994682312011719
1.250994682312011719
1.250994682312011719
1.250994682312011719
1.250994682312011719
1.250994682312011719
1.250994682312011719
1.250994682312011719
1.250994682312011719
1.250994682312011719
1.250994682312011719
1.250994682312011719
1.250994682312011719
1.250994682312011719
1.250994682312011719
1.250994682312011719
1.250994682312011719
1.250994682312011719
1.250994682312011719
1.250994682312011719
1.250994682312011719
1.250994682312011719
1.250994682312011719
1.250994682312011719
1.250994682312011719
1.250994682312011719
1.250994682312011719
1.250994682312011719
1.250994682312011719
1.250994682312011719
1.250994682312011719
1.250994682312011719
1.250994682312011719
1.250994682312011719
1.250994682312011719
1.250994682312011719
1.250994682312011719
1.250994682312011719
1.250994682312011719
1.250994682312011719
1.250994682312011719
1.250994682312011719
1.250994682312011719
1.250994682312011719
1.250994682312011719
1.250994682312011719
1.250994682312011719
1.250994682312011719
1.250994682312011719
1.250994682312011719
1.250994682312011719
1.250994682312011719
1.250994682312011719
1.250994682312011719
1.250994682312011719
1.250994682312011719
1.250994682312011719
1.250994682312011719
1.250994682312011719
1.250994682312011719
1.250994682312011719
1.250994682312011719
1.250994682312011719
1.250994682312011719
1.250994682312011719
1.250994682312011719
1.250994682312011719
1.250994682312011719
1.250994682312011719
1.250994682312011719
1.250994682312011719
1.250994682312011719
1.250994682312011719
-0.000369082088582218
-0.000459608156234026
-0.000458750873804092
-0.000458663067547604
-0.000458613620139658
-0.000458610913483426
-0.000458659924333915
-0.000458676891867071
-0.000458685157354921
-0.000458683469332755
-0.000458707712823525
-0.000458739319583401
-0.000459296104963869
-0.000411132699809968
-0.000541584799066186
-0.000538456777576357
-0.000538429187145084
-0.000538398220669478
-0.000538453867193311
-0.000538442807737738
-0.000538393622264266
-0.000538449501618743
-0.000538416265044361
-0.000538411899469793
-0.000538442400284111
-0.000539463944733143
-0.000410925509640947
-0.000540277396794409
-0.000538472202606499
-0.000538511318154633
-0.000538484135176986
-0.000538528198376298
-0.000538529944606125
-0.000538532505743206
-0.000538538733962923
-0.000538497522938997
-0.000538513180799782
-0.000538504449650645
-0.000539653003215790
-0.000414220470702276
-0.000543965201359242
-0.000538444903213531
-0.000538438966032118
-0.000538512773346156
-0.000538586289621890
-0.000539427215699106
-0.000538766384124756
-0.000538734951987863
-0.000538522028364241
-0.000538563239388168
-0.000538490538019687
-0.000539718894287944
-0.000418220821302384
-0.000546812720131129
-0.000538665393833071
-0.000538609398063272
-0.000538609339855611
-0.000538641994353384
-0.000538643100298941
-0.000538725696969777
-0.000538792577572167
-0.000538648746442050
-0.000538549735210836
-0.000538509571924806
-0.000539749162271619
-0.000415302725741640
-0.000545546179637313
-0.000538549153134227
-0.000538651831448078
-0.000538645195774734
-0.000538497755769640
-0.000538591935764998
-0.000538703170605004
-0.000538727501407266
-0.000538628199137747
-0.000538579828571528
-0.000538467662408948
-0.000539725646376610
-0.000426021288149059
-0.000554382393602282
-0.000539017142727971
-0.000538615277037024
-0.000539818021934479
-0.000541637244168669
-0.000541369372513145
-0.000538642343599349
-0.000538644904736429
-0.000538610678631812
-0.000538666732609272
-0.000538590131327510
-0.000539752189069986
0.680057823657989502
1.022491812705993652
0.970010638236999512
0.959290266036987305
0.982419371604919434
1.004723072052001953
1.021657943725585938
1.039822340011596680
0.997287392616271973
0.987117350101470947
0.972710371017456055
1.018628478050231934
1.294298887252807617
0.606797695159912109
1.176535606384277344
1.140695452690124512
1.189611434936523438
1.189201951026916504
1.171159148216247559
1.164707422256469727
1.165981173515319824
1.157558202743530273
1.173867106437683105
1.169312477111816406
1.253028988838195801
1.658605813980102539
0.601992905139923096
1.076190233230590820
1.053949356079101562
1.113751649856567383
1.102197647094726562
1.059883713722229004
1.089117646217346191
1.112090110778808594
1.102136850357055664
1.097719430923461914
1.112483501434326172
1.249227881431579590
1.576207876205444336
0.572781920433044434
1.069615721702575684
1.081745028495788574
1.115609169006347656
1.092921495437622070
1.039184927940368652
1.000506401062011719
1.077479600906372070
1.095534086227416992
1.111716866493225098
1.105428338050842285
1.241025447845458984
1.577877879142761230
0.469370931386947632
1.048639774322509766
1.028432726860046387
1.112269520759582520
1.062105894088745117
1.090994000434875488
1.066478252410888672
1.053131222724914551
1.040403485298156738
1.086286306381225586
1.074948668479919434
1.222039818763732910
1.655719041824340820
0.484445095062255859
1.098627924919128418
1.089234590530395508
1.099069237709045410
1.095887064933776855
1.103166937828063965
1.119641661643981934
1.050790071487426758
1.016434192657470703
1.048313140869140625
1.101777791976928711
1.219057321548461914
1.629540681838989258
0.559443593025207520
1.165893673896789551
1.179669857025146484
1.168123245239257812
1.169718265533447266
1.088390469551086426
1.174811124801635742
1.133252859115600586
1.149420619010925293
1.115685343742370605
1.226648330688476562
1.268701910972595215
1.627528190612792969
0.892261862754821777
0.223054558038711548
0.317225843667984009
0.259626358747482300
0.219743579626083374
0.231329262256622314
0.257014065980911255
0.241442322731018066
0.277937680482864380
0.265279233455657959
0.267022907733917236
0.222385853528976440
0.718116939067840576
1.185451745986938477
0.638968348503112793
0.671750366687774658
0.666283488273620605
0.654381692409515381
0.688484966754913330
0.687144339084625244
0.655854821205139160
0.625924170017242432
0.669074833393096924
0.650697112083435059
0.682634592056274414
1.261660814285278320
1.118756055831909180
0.659097373485565186
0.598092734813690186
0.674407303333282471
0.632919251918792725
0.559829652309417725
0.611169695854187012
0.678394615650177002
0.616789758205413818
0.583867549896240234
0.644294798374176025
0.659861862659454346
1.359022378921508789
1.163312673568725586
0.686161637306213379
0.594122350215911865
0.615240156650543213
0.625750005245208740
0.633196353912353516
0.726002931594848633
0.629764020442962646
0.686197102069854736
0.626150131225585938
0.636422157287597656
0.714179694652557373
1.282424688339233398
1.230463385581970215
0.697925746440887451
0.778907895088195801
0.674040734767913818
0.633229553699493408
0.583757042884826660
0.586268484592437744
0.639540493488311768
0.602548837661743164
0.665532469749450684
0.642664968967437744
0.669792115688323975
1.380283355712890625
1.159961104393005371
0.576611399650573730
0.610625386238098145
0.668947815895080566
0.635064661502838135
0.662468373775482178
0.623430192470550537
0.621220767498016357
0.706306338310241699
0.707665741443634033
0.636772036552429199
0.592897772789001465
1.232762098312377930
1.160833120346069336
0.682082593441009521
0.646475374698638916
0.648633897304534912
0.540720343589782715
0.656171143054962158
0.594967663288116455
0.571164727210998535
0.472942590713500977
0.566528618335723877
0.611288368701934814
0.634723246097564697
1.030508399009704590
0.047615282237529755
0.051070719957351685
0.050959259271621704
0.051004849374294281
0.050979465246200562
0.051025912165641785
0.051002740859985352
0.050979852676391602
0.050957769155502319
0.050948269665241241
0.050994455814361572
0.050528377294540405
0.051858127117156982
0.049561224877834320
0.054236248135566711
0.054136134684085846
0.054137445986270905
0.054039940237998962
0.054057270288467407
0.054096102714538574
0.054065167903900146
0.054040111601352692
0.054080493748188019
0.054031908512115479
0.053426623344421387
0.056110560894012451
0.049568973481655121
0.054164282977581024
0.054134584963321686
0.054092079401016235
0.054007306694984436
0.053994007408618927
0.054074943065643311
0.054087191820144653
0.054029144346714020
0.054031126201152802
0.054029315710067749
0.053411103785037994
0.056362234055995941
0.049673564732074738
0.054404713213443756
0.054069690406322479
0.054057732224464417
0.054028511047363281
0.054014392197132111
0.054105341434478760
0.054084524512290955
0.054050408303737640
0.054074205458164215
0.054002858698368073
0.053355373442173004
0.056480139493942261
0.049840740859508514
0.054523795843124390
0.054094396531581879
0.054061852395534515
0.054068893194198608
0.054037459194660187
0.054042376577854156
0.054063528776168823
0.054084450006484985
0.054067313671112061
0.054035238921642303
0.053371526300907135
0.056351892650127411
0.049766331911087036
0.054422788321971893
0.054117411375045776
0.054136708378791809
0.054058916866779327
0.054113090038299561
0.054050609469413757
0.054025597870349884
0.054165489971637726
0.054167032241821289
0.054042480885982513
0.053383387625217438
0.056318238377571106
0.050136305391788483
0.054808005690574646
0.054138109087944031
0.054177083075046539
0.054061859846115112
0.054176382720470428
0.054273195564746857
0.054108388721942902
0.054081879556179047
0.054219067096710205
0.054130695760250092
0.053490050137042999
0.055340766906738281
-0.005089018028229475
-0.005135607440024614
-0.005135185085237026
-0.005135132931172848
-0.005135106854140759
-0.005135096609592438
-0.005135104991495609
-0.005135116633027792
-0.005135138519108295
-0.005135147366672754
-0.005135152954608202
-0.005135171115398407
-0.005135504994541407
-0.005110497586429119
-0.005177520215511322
-0.005175954662263393
-0.005175958853214979
-0.005175939295440912
-0.005175976082682610
-0.005175970029085875
-0.005175942555069923
-0.005175970494747162
-0.005175958853214979
-0.005175944417715073
-0.005175977014005184
-0.005176591221243143
-0.005110391415655613
-0.005176848266273737
-0.005175954662263393
-0.005175997037440538
-0.005175986327230930
-0.005176017992198467
-0.005176022648811340
-0.005176026839762926
-0.005176015198230743
-0.005175999365746975
-0.005176001694053411
-0.005176016129553318
-0.005176684819161892
-0.005112085025757551
-0.005178748629987240
-0.005175955127924681
-0.005175973288714886
-0.005176006350666285
-0.005176053382456303
-0.005176480859518051
-0.005176139995455742
-0.005176122300326824
-0.005176016595214605
-0.005176021717488766
-0.005175994709134102
-0.005176710896193981
-0.005114140454679728
-0.005180209875106812
-0.005176054779440165
-0.005176052916795015
-0.005176062695682049
-0.005176071543246508
-0.005176078528165817
-0.005176121369004250
-0.005176148843020201
-0.005176074802875519
-0.005176017060875893
-0.005176010541617870
-0.005176721606403589
-0.005112635903060436
-0.005179551895707846
-0.005175999831408262
-0.005176076199859381
-0.005176067352294922
-0.005176008678972721
-0.005176056642085314
-0.005176106002181768
-0.005176132079213858
-0.005176072474569082
-0.005176021717488766
-0.005175986792892218
-0.005176726263016462
-0.005118161439895630
-0.005184091627597809
-0.005176237784326077
-0.005176068283617496
-0.005176668521016836
-0.005177608225494623
-0.005177480634301901
-0.005176077596843243
-0.005176073405891657
-0.005176042206585407
-0.005176048260182142
-0.005176031496375799
-0.005176706705242395
0.699756801128387451
0.700584411621093750
0.700579941272735596
0.700580894947052002
0.700584411621093750
0.700581431388854980
0.700588047504425049
0.700590014457702637
0.700590312480926514
0.700587093830108643
0.700585067272186279
0.700588345527648926
0.700576961040496826
0.699443340301513672
0.700365960597991943
0.700367987155914307
0.700374960899353027
0.700382113456726074
0.700375974178314209
0.700378537178039551
0.700373947620391846
0.700383841991424561
0.700378060340881348
0.700380861759185791
0.700379133224487305
0.700356185436248779
0.699438393115997314
0.700363397598266602
0.700367867946624756
0.700365722179412842
0.700379848480224609
0.700375676155090332
0.700379967689514160
0.700375437736511230
0.700389683246612549
0.700360894203186035
0.700373411178588867
0.700374960899353027
0.700373589992523193
0.699445247650146484
0.700380980968475342
0.700370669364929199
0.700359702110290527
0.700368762016296387
0.700373351573944092
0.700375735759735107
0.700375139713287354
0.700378954410552979
0.700370013713836670
0.700359225273132324
0.700370669364929199
0.700373172760009766
0.699447274208068848
0.700382173061370850
0.700379014015197754
0.700378775596618652
0.700375676155090332
0.700377881526947021
0.700370430946350098
0.700375199317932129
0.700381219387054443
0.700371444225311279
0.700356006622314453
0.700361788272857666
0.700368642807006836
0.699447631835937500
0.700373888015747070
0.700376152992248535
0.700378358364105225
0.700387060642242432
0.700384259223937988
0.700379371643066406
0.700384020805358887
0.700381338596343994
0.700371205806732178
0.700379133224487305
0.700356960296630859
0.700359761714935303
0.699443161487579346
0.700373351573944092
0.700382888317108154
0.700365662574768066
0.700382173061370850
0.700386881828308105
0.700384318828582764
0.700369656085968018
0.700379014015197754
0.700380086898803711
0.700389683246612549
0.700381040573120117
0.700362384319305420
0.037778228521347046
0.037846870720386505
0.036849893629550934
0.037408635020256042
0.037179924547672272
0.037741608917713165
0.037748187780380249
0.037458077073097229
0.037006117403507233
0.036761425435543060
0.037328932434320450
0.032777257263660431
0.044458366930484772
0.041345883160829544
0.039221681654453278
0.038783676922321320
0.038395229727029800
0.037517562508583069
0.037585027515888214
0.037981696426868439
0.037758924067020416
0.037512417882680893
0.037800714373588562
0.037506565451622009
0.031404383480548859
0.055195186287164688
0.041598159819841385
0.039063349366188049
0.039003178477287292
0.038095578551292419
0.037250656634569168
0.037106767296791077
0.037735000252723694
0.037757471203804016
0.037470243871212006
0.037461929023265839
0.037453241646289825
0.031129710376262665
0.057614021003246307
0.041340455412864685
0.039943311363458633
0.038148358464241028
0.037627611309289932
0.037411894649267197
0.037236951291561127
0.037818260490894318
0.037838365882635117
0.037500306963920593
0.037770338356494904
0.037298053503036499
0.030830264091491699
0.058871593326330185
0.041581936180591583
0.040110893547534943
0.038384906947612762
0.037695743143558502
0.037749461829662323
0.037498988211154938
0.037471905350685120
0.037609867751598358
0.037915281951427460
0.037775330245494843
0.037657372653484344
0.030928444117307663
0.057545989751815796
0.041965778917074203
0.039733838289976120
0.038626637309789658
0.038415506482124329
0.037747651338577271
0.038047906011343002
0.037404682487249374
0.037317033857107162
0.038479108363389969
0.038592867553234100
0.037816330790519714
0.031097128987312317
0.057123575359582901
0.041389435529708862
0.040239121764898300
0.038698438555002213
0.038725696504116058
0.037462979555130005
0.037898875772953033
0.038780823349952698
0.038144446909427643
0.037996850907802582
0.039439968764781952
0.038800932466983795
0.032275225967168808
0.048335753381252289
0.293435722589492798
0.717768073081970215
0.616364240646362305
0.583678603172302246
0.579794526100158691
0.632957220077514648
0.673523128032684326
0.683466851711273193
0.648436725139617920
0.595995426177978516
0.599767982959747314
0.672500967979431152
0.500174462795257568
0.126017540693283081
0.696331620216369629
0.644242227077484131
0.569521725177764893
0.578927874565124512
0.612184405326843262
0.622689604759216309
0.617926239967346191
0.619839131832122803
0.601961910724639893
0.596279203891754150
0.581220924854278564
0.287092119455337524
0.308739244937896729
0.624503910541534424
0.673772692680358887
0.602128684520721436
0.601941883563995361
0.655536115169525146
0.626234114170074463
0.620680570602416992
0.654287159442901611
0.657745659351348877
0.636996746063232422
0.557241737842559814
0.196423202753067017
0.169314682483673096
0.617404937744140625
0.676715314388275146
0.621638655662536621
0.628091454505920410
0.714715540409088135
0.566381931304931641
0.678451120853424072
0.652192234992980957
0.644875228404998779
0.644576132297515869
0.555372893810272217
0.227388203144073486
0.030171632766723633
0.575113713741302490
0.469428598880767822
0.648115634918212891
0.711837172508239746
0.670945763587951660
0.627063572406768799
0.582085847854614258
0.599548041820526123
0.672281146049499512
0.680344045162200928
0.573991715908050537
0.199311763048171997
0.012415468692779541
0.673077285289764404
0.612397372722625732
0.665874123573303223
0.674695432186126709
0.638283848762512207
0.643955707550048828
0.595959544181823730
0.593262314796447754
0.528260529041290283
0.634706676006317139
0.554923713207244873
0.250071644783020020
-0.000351351482095197
0.623977661132812500
0.663792371749877930
0.691002011299133301
0.710346698760986328
0.620168268680572510
0.707986772060394287
0.626254618167877197
0.674277424812316895
0.490324914455413818
0.595521450042724609
0.595010757446289062
0.327301830053329468
0.585987627506256104
0.749518334865570068
0.833723664283752441
1.053957343101501465
1.134317278861999512
0.958606362342834473
0.788077592849731445
0.783049881458282471
0.821494340896606445
0.986084520816802979
0.983586072921752930
0.853594899177551270
-0.004847126081585884
0.495289027690887451
-0.001579764415509999
-0.000732197135221213
0.080482959747314453
0.085287779569625854
-0.000577194674406201
-0.000752142048440874
0.007100880146026611
0.075556844472885132
0.010005295276641846
0.065300464630126953
-0.001779379206709564
-0.015901707112789154
0.234197556972503662
0.096759140491485596
0.129994004964828491
0.083242565393447876
0.186702489852905273
0.257174611091613770
0.190474659204483032
0.031340301036834717
0.094813555479049683
0.165625661611557007
0.065145432949066162
-0.000784953823313117
-0.014774592593312263
0.499962031841278076
0.056456387042999268
0.109184563159942627
0.167301982641220093
0.146945059299468994
-0.000341228238539770
0.155336529016494751
0.028826773166656494
-0.000489516241941601
0.090059071779251099
0.071094751358032227
-0.002083645900711417
-0.013692311011254787
0.779311001300811768
0.152602404356002808
0.246837794780731201
-0.000281280867056921
-0.000484238844364882
0.138373970985412598
0.261921614408493042
0.263711780309677124
0.315744698047637939
-0.000440302479546517
-0.000047730205551488
-0.001227393164299428
-0.015887731686234474
0.970456123352050781
0.142706543207168579
0.221063226461410522
-0.000487874727696180
0.007726013660430908
0.030706167221069336
0.091029316186904907
0.272264540195465088
0.118955284357070923
0.246221035718917847
0.093116611242294312
0.120092332363128662
-0.013687151484191418
0.917976379394531250
-0.001607538433745503
-0.001860797987319529
-0.002626662841066718
-0.000651047797873616
-0.000325648783473298
-0.001665661344304681
0.112090051174163818
0.200910896062850952
0.472397983074188232
0.016832470893859863
-0.001385429524816573
-0.011961358599364758
0.575877368450164795
0.575481355190277100
0.575293898582458496
0.574977159500122070
0.574874341487884521
0.575195252895355225
0.575580239295959473
0.575575053691864014
0.575388729572296143
0.575082361698150635
0.575111210346221924
0.575209498405456543
0.576805710792541504
0.576540768146514893
0.578027784824371338
0.577648162841796875
0.577393174171447754
0.577393710613250732
0.577536404132843018
0.577555775642395020
0.577434003353118896
0.577307105064392090
0.577430129051208496
0.577394366264343262
0.577409565448760986
0.579077661037445068
0.576868712902069092
0.577658534049987793
0.577314794063568115
0.577387928962707520
0.577177762985229492
0.576901674270629883
0.577066779136657715
0.577348411083221436
0.577288448810577393
0.577102541923522949
0.577350795269012451
0.577172160148620605
0.579069435596466064
0.576527535915374756
0.577715158462524414
0.577288031578063965
0.577131986618041992
0.577170670032501221
0.577292919158935547
0.577131330966949463
0.577295720577239990
0.577492773532867432
0.577250361442565918
0.577349781990051270
0.577427566051483154
0.578938722610473633
0.576114237308502197
0.577599525451660156
0.577314972877502441
0.577499568462371826
0.577360570430755615
0.577152073383331299
0.576919555664062500
0.576955795288085938
0.576882183551788330
0.577466547489166260
0.577404141426086426
0.577230811119079590
0.579437375068664551
0.575845181941986084
0.577587008476257324
0.577222466468811035
0.577503442764282227
0.577418148517608643
0.577331185340881348
0.577226698398590088
0.576949000358581543
0.577120304107666016
0.577043116092681885
0.577388167381286621
0.576886594295501709
0.578835964202880859
0.575700640678405762
0.577931642532348633
0.577678263187408447
0.577493846416473389
0.577242970466613770
0.577204644680023193
0.577432274818420410
0.576930582523345947
0.576774597167968750
0.576574087142944336
0.577499568462371826
0.577420592308044434
0.578311264514923096
0.322472244501113892
0.321937948465347290
0.322374016046524048
0.322207003831863403
0.322187066078186035
0.321954250335693359
0.321489393711090088
0.321592330932617188
0.322094827890396118
0.322350621223449707
0.322131216526031494
0.322304159402847290
0.323163628578186035
0.321831136941909790
0.319599688053131104
0.320819586515426636
0.321401745080947876
0.321345150470733643
0.321551233530044556
0.321548581123352051
0.321448743343353271
0.321478933095932007
0.321595937013626099
0.321280658245086670
0.321769803762435913
0.323489546775817871
0.321867287158966064
0.319598913192749023
0.320604860782623291
0.321252763271331787
0.321409195661544800
0.321630656719207764
0.321767657995223999
0.321836322546005249
0.321458965539932251
0.321513593196868896
0.321410447359085083
0.321957319974899292
0.323367655277252197
0.321848899126052856
0.319753110408782959
0.321025878190994263
0.321615278720855713
0.321518421173095703
0.321793437004089355
0.321613729000091553
0.321645647287368774
0.321601748466491699
0.321650087833404541
0.321193635463714600
0.321518599987030029
0.323141247034072876
0.321699410676956177
0.319613546133041382
0.320639491081237793
0.321477293968200684
0.321727722883224487
0.321521401405334473
0.321655929088592529
0.321676701307296753
0.321507930755615234
0.321489870548248291
0.321222156286239624
0.321678161621093750
0.323022007942199707
0.321624159812927246
0.319431155920028687
0.320802748203277588
0.321497440338134766
0.321404635906219482
0.321853220462799072
0.321844249963760376
0.321604728698730469
0.321957498788833618
0.321662485599517822
0.320973902940750122
0.321603566408157349
0.323447197675704956
0.321860015392303467
0.319172441959381104
0.320685088634490967
0.321678668260574341
0.321250379085540771
0.321289002895355225
0.321510255336761475
0.321562826633453369
0.321451723575592041
0.321022242307662964
0.320440620183944702
0.321172356605529785
0.322647333145141602
-0.004447467625141144
-0.004447562620043755
-0.004447464365512133
-0.004447520710527897
-0.004447497427463531
-0.004447549581527710
-0.004447543527930975
-0.004447522107511759
-0.004447482991963625
-0.004447468556463718
-0.004447512794286013
-0.004447139799594879
-0.004448130726814270
-0.004447448533028364
-0.004447233397513628
-0.004447198938578367
-0.004447181243449450
-0.004447109997272491
-0.004447113256901503
-0.004447141662240028
-0.004447117447853088
-0.004447098355740309
-0.004447121638804674
-0.004447107668966055
-0.004446601960808039
-0.004448586143553257
-0.004447458777576685
-0.004447225946933031
-0.004447215236723423
-0.004447150975465775
-0.004447081591933966
-0.004447049461305141
-0.004447113256901503
-0.004447119310498238
-0.004447081126272678
-0.004447090905159712
-0.004447093699127436
-0.004446587990969419
-0.004448771476745605
-0.004447436891496181
-0.004447290208190680
-0.004447136539965868
-0.004447110928595066
-0.004447086714208126
-0.004447055980563164
-0.004447110928595066
-0.004447126295417547
-0.004447089973837137
-0.004447105806320906
-0.004447081126272678
-0.004446563776582479
-0.004448869265615940
-0.004447441548109055
-0.004447294864803553
-0.004447177052497864
-0.004447115119546652
-0.004447109531611204
-0.004447089042514563
-0.004447087179869413
-0.004447100218385458
-0.004447125829756260
-0.004447113722562790
-0.004447105806320906
-0.004446569364517927
-0.004448769148439169
-0.004447485320270061
-0.004447259474545717
-0.004447189625352621
-0.004447171464562416
-0.004447118379175663
-0.004447138402611017
-0.004447093699127436
-0.004447074607014656
-0.004447168204933405
-0.004447183106094599
-0.004447102546691895
-0.004446580540388823
-0.004448722582310438
-0.004447409883141518
-0.004447288811206818
-0.004447196144610643
-0.004447197075933218
-0.004447082057595253
-0.004447096027433872
-0.004447134677320719
-0.004447143524885178
-0.004447126761078835
-0.004447259474545717
-0.004447202198207378
-0.004446687642484903
-0.004448009189218283
-0.020212925970554352
-0.007514173630625010
-0.011096806265413761
-0.013212014921009541
-0.013630650937557220
-0.011132220737636089
-0.009069981984794140
-0.008672011084854603
-0.010028415359556675
-0.012355737388134003
-0.012272304855287075
-0.009070338681340218
0.367378830909729004
-0.027146419510245323
-0.005446626804769039
-0.007515100296586752
-0.010131266899406910
-0.009914039634168148
-0.008350523188710213
-0.007995038293302059
-0.008570663630962372
-0.008878902532160282
-0.008995543234050274
-0.009369473904371262
-0.005039985291659832
0.705789804458618164
-0.021495789289474487
-0.010120002552866936
-0.008983543142676353
-0.010447037406265736
-0.011036802083253860
-0.010153880342841148
-0.010522072203457355
-0.009705176576972008
-0.009114120155572891
-0.009436165913939476
-0.009360802359879017
-0.005923268850892782
0.265930533409118652
-0.026875132694840431
-0.010102566331624985
-0.008685195818543434
-0.010335383005440235
-0.010162060149013996
-0.007156076375395060
-0.012483323924243450
-0.008265411481261253
-0.008511989377439022
-0.009336153045296669
-0.009234057739377022
-0.004916958510875702
0.268222689628601074
-0.032736867666244507
-0.011909145861864090
-0.015417228452861309
-0.008593398146331310
-0.007005190011113882
-0.008944183588027954
-0.010937704704701900
-0.012266044504940510
-0.012125816196203232
-0.008019289933145046
-0.008004329167306423
-0.005278408527374268
0.345690846443176270
-0.034158278256654739
-0.008872495964169502
-0.010952387936413288
-0.008063720539212227
-0.008104903623461723
-0.009235862642526627
-0.009313730522990227
-0.011920610442757607
-0.011439421214163303
-0.013689838349819183
-0.009533949196338654
-0.007526476867496967
0.382874011993408203
-0.032539252191781998
-0.005453375633805990
-0.004192843567579985
-0.002774517517536879
-0.003319541225209832
-0.006457090843468904
-0.003279632190242410
-0.006936686579138041
-0.005955585278570652
-0.012675017118453979
-0.006802721414715052
-0.004290742799639702
0.721915483474731445
-0.009475318714976311
-0.009277038276195526
-0.009304640814661980
-0.009300949051976204
-0.009287610650062561
-0.009281801059842110
-0.009278859011828899
-0.009270677343010902
-0.009290297515690327
-0.009292060509324074
-0.009298033080995083
-0.009280894882977009
-0.009360437281429768
-0.009500792250037193
-0.009229857474565506
-0.009246149100363255
-0.009226741269230843
-0.009225359186530113
-0.009236435405910015
-0.009238885715603828
-0.009234279394149780
-0.009234280325472355
-0.009232670068740845
-0.009233198128640652
-0.009247100912034512
-0.009310815483331680
-0.009487790986895561
-0.009255980141460896
-0.009258638136088848
-0.009244685992598534
-0.009244068525731564
-0.009251321665942669
-0.009245759807527065
-0.009245757944881916
-0.009243004024028778
-0.009240399114787579
-0.009242591448128223
-0.009249622933566570
-0.009338939562439919
-0.009501341730356216
-0.009261939674615860
-0.009247793816030025
-0.009237347170710564
-0.009246919304132462
-0.009267919696867466
-0.009289903566241264
-0.009253433905541897
-0.009252950549125671
-0.009240101091563702
-0.009244050830602646
-0.009264571592211723
-0.009325993247330189
-0.009543795138597488
-0.009269707836210728
-0.009285422042012215
-0.009246102534234524
-0.009260139428079128
-0.009243286214768887
-0.009251580573618412
-0.009261924773454666
-0.009262270294129848
-0.009254278615117073
-0.009256429970264435
-0.009262023493647575
-0.009309172630310059
-0.009529563598334789
-0.009239062666893005
-0.009246706962585449
-0.009250571951270103
-0.009248103946447372
-0.009247712790966034
-0.009237106889486313
-0.009261022321879864
-0.009282783605158329
-0.009270925074815750
-0.009246617555618286
-0.009247702546417713
-0.009305230341851711
-0.009531936608254910
-0.009264362975955009
-0.009255964308977127
-0.009265461005270481
-0.009251319803297520
-0.009292126633226871
-0.009249967522919178
-0.009264413267374039
-0.009248049929738045
-0.009267683140933514
-0.009234888479113579
-0.009242434054613113
-0.009311341680586338
0.619008183479309082
0.619029760360717773
0.619305431842803955
0.619345843791961670
0.619510293006896973
0.619405090808868408
0.619359016418457031
0.619427442550659180
0.619311928749084473
0.619489431381225586
0.619339048862457275
0.619113266468048096
0.617994129657745361
0.621153414249420166
0.622697651386260986
0.622724711894989014
0.623501718044281006
0.623443841934204102
0.623163461685180664
0.623051345348358154
0.623066544532775879
0.622941374778747559
0.623231887817382812
0.623160660266876221
0.622362315654754639
0.622126877307891846
0.620432496070861816
0.622762978076934814
0.622222006320953369
0.623166620731353760
0.623029828071594238
0.622346818447113037
0.622810840606689453
0.623073995113372803
0.622730135917663574
0.622657656669616699
0.622919559478759766
0.622278153896331787
0.622534394264221191
0.621020913124084473
0.622775495052337646
0.622433841228485107
0.623014688491821289
0.622813344001770020
0.621966004371643066
0.622592568397521973
0.622441887855529785
0.622790277004241943
0.622882902622222900
0.622824847698211670
0.622063636779785156
0.622443199157714844
0.621082484722137451
0.622883915901184082
0.623342871665954590
0.622900545597076416
0.622138082981109619
0.622524321079254150
0.622582256793975830
0.622781634330749512
0.622554421424865723
0.622583210468292236
0.622400939464569092
0.621941983699798584
0.623291432857513428
0.621215462684631348
0.622597754001617432
0.622829198837280273
0.622697532176971436
0.622577965259552002
0.622880160808563232
0.622940063476562500
0.622660219669342041
0.622529983520507812
0.623105943202972412
0.622795581817626953
0.622170150279998779
0.622537314891815186
0.620937764644622803
0.622070431709289551
0.621874034404754639
0.621470510959625244
0.621304869651794434
0.621323585510253906
0.621648848056793213
0.621599197387695312
0.621346175670623779
0.622203052043914795
0.622520923614501953
0.622107028961181641
0.620795369148254395
0.483651518821716309
0.483324259519577026
0.483327418565750122
0.483327776193618774
0.483327984809875488
0.483327984809875488
0.483327835798263550
0.483327746391296387
0.483327686786651611
0.483327686786651611
0.483327627182006836
0.483327448368072510
0.483325660228729248
0.483499377965927124
0.483027577400207520
0.483038872480392456
0.483039021492004395
0.483039140701293945
0.483038961887359619
0.483038961887359619
0.483039110898971558
0.483038961887359619
0.483039051294326782
0.483039081096649170
0.483038902282714844
0.483035534620285034
0.483500152826309204
0.483032286167144775
0.483038842678070068
0.483038663864135742
0.483038783073425293
0.483038693666458130
0.483038753271102905
0.483038723468780518
0.483038663864135742
0.483038783073425293
0.483038783073425293
0.483038663864135742
0.483034908771514893
0.483488321304321289
0.483019083738327026
0.483038991689682007
0.483039051294326782
0.483038783073425293
0.483038485050201416
0.483035475015640259
0.483037859201431274
0.483037978410720825
0.483038723468780518
0.483038514852523804
0.483038693666458130
0.483034610748291016
0.483473896980285645
0.483008742332458496
0.483038127422332764
0.483038425445556641
0.483038485050201416
0.483038306236267090
0.483038336038589478
0.483038008213043213
0.483037769794464111
0.483038306236267090
0.483038604259490967
0.483038604259490967
0.483034402132034302
0.483484387397766113
0.483013331890106201
0.483038634061813354
0.483038306236267090
0.483038306236267090
0.483038842678070068
0.483038455247879028
0.483038097620010376
0.483038038015365601
0.483038395643234253
0.483038544654846191
0.483038783073425293
0.483034580945968628
0.483445793390274048
0.482981532812118530
0.483036816120147705
0.483038336038589478
0.483034074306488037
0.483027637004852295
0.483028411865234375
0.483038276433944702
0.483038306236267090
0.483038485050201416
0.483038246631622314
0.483038365840911865
0.483034431934356689
1.211580157279968262
0.056966245174407959
0.239931985735893250
0.236295297741889954
0.172178864479064941
0.120147943496704102
0.089367926120758057
0.044225692749023438
0.155701786279678345
0.186028942465782166
0.212948963046073914
0.089088648557662964
0.259848296642303467
1.491115689277648926
-0.000664046674501151
0.035656034946441650
-0.000294697878416628
-0.000394244183553383
0.001269102096557617
0.008618891239166260
-0.000111623703560326
-0.000128776722704060
-0.000123088349937461
-0.000096524054242764
-0.000293199700536206
0.055242598056793213
1.371212720870971680
0.121741741895675659
0.110995113849639893
0.072273880243301392
0.069371163845062256
0.083427906036376953
0.069202363491058350
0.070152848958969116
0.041631877422332764
0.028091847896575928
0.046019017696380615
-0.000164233744726516
0.261439442634582520
1.499048829078674316
0.153249114751815796
0.056603789329528809
0.027463465929031372
0.072459369897842407
0.141524732112884521
0.315937101840972900
0.083936095237731934
0.093191325664520264
0.031895816326141357
0.050889730453491211
0.045656949281692505
0.192680850625038147
1.772247910499572754
0.211680725216865540
0.333093196153640747
0.059147268533706665
0.102521508932113647
0.036226958036422729
0.096776634454727173
0.167566478252410889
0.162349462509155273
0.090977698564529419
0.096995353698730469
0.035673439502716064
0.120348453521728516
1.709259867668151855
0.016865551471710205
0.077060967683792114
0.073579460382461548
0.057287544012069702
0.071549385786056519
0.016866683959960938
0.156849831342697144
0.267265379428863525
0.234845906496047974
0.064705073833465576
-0.000129134947201237
0.071783035993576050
1.670737266540527344
0.074062913656234741
0.013118684291839600
0.037169903516769409
-0.000378143769921735
0.205944627523422241
-0.000300057232379913
0.068635284900665283
-0.000338358862791210
0.144162267446517944
-0.000651844427920878
-0.000736292276997119
0.006004810333251953
0.010578230023384094
0.010629132390022278
0.010626807808876038
0.010627552866935730
0.010626792907714844
0.010627299547195435
0.010626271367073059
0.010626405477523804
0.010626643896102905
0.010627299547195435
0.010627552866935730
0.010627210140228271
0.010628059506416321
0.010532155632972717
0.010578319430351257
0.010577201843261719
0.010577186942100525
0.010576993227005005
0.010577201843261719
0.010577544569969177
0.010576814413070679
0.010576486587524414
0.010576516389846802
0.010577365756034851
0.010576024651527405
0.010577887296676636
0.010531529784202576
0.010578274726867676
0.010577350854873657
0.010577619075775146
0.010577678680419922
0.010576188564300537
0.010576173663139343
0.010576352477073669
0.010575294494628906
0.010577172040939331
0.010576367378234863
0.010577633976936340
0.010575965046882629
0.010531350970268250
0.010577887296676636
0.010575458407402039
0.010576277971267700
0.010576069355010986
0.010575562715530396
0.010576054453849792
0.010577559471130371
0.010575994849205017
0.010575234889984131
0.010577037930488586
0.010578021407127380
0.010576069355010986
0.010531723499298096
0.010578632354736328
0.010577559471130371
0.010576620697975159
0.010575965046882629
0.010576352477073669
0.010576307773590088
0.010576546192169189
0.010576963424682617
0.010576322674751282
0.010576933622360229
0.010577932000160217
0.010576888918876648
0.010532379150390625
0.010577678680419922
0.010576337575912476
0.010575681924819946
0.010576441884040833
0.010575637221336365
0.010576888918876648
0.010576307773590088
0.010575637221336365
0.010575771331787109
0.010574638843536377
0.010578081011772156
0.010576829314231873
0.010531902313232422
0.010578110814094543
0.010577321052551270
0.010575905442237854
0.010575473308563232
0.010572269558906555
0.010571807622909546
0.010577633976936340
0.010575786232948303
0.010576218366622925
0.010575085878372192
0.010577589273452759
0.010576665401458740
2.293756246566772461
2.293735504150390625
2.293735742568969727
2.293735742568969727
2.293735742568969727
2.293735742568969727
2.293735742568969727
2.293735742568969727
2.293735742568969727
2.293735742568969727
2.293735742568969727
2.293735742568969727
2.293735742568969727
2.293759346008300781
2.293735265731811523
2.293735504150390625
2.293735504150390625
2.293735504150390625
2.293735504150390625
2.293735504150390625
2.293735504150390625
2.293735504150390625
2.293735504150390625
2.293735504150390625
2.293735504150390625
2.293735504150390625
2.293759346008300781
2.293735265731811523
2.293735504150390625
2.293735504150390625
2.293735504150390625
2.293735504150390625
2.293735504150390625
2.293735504150390625
2.293735504150390625
2.293735504150390625
2.293735504150390625
2.293735504150390625
2.293735265731811523
2.293759107589721680
2.293735027313232422
2.293735504150390625
2.293735504150390625
2.293735504150390625
2.293735504150390625
2.293735504150390625
2.293735504150390625
2.293735504150390625
2.293735504150390625
2.293735504150390625
2.293735504150390625
2.293735265731811523
2.293758869171142578
2.293734788894653320
2.293735504150390625
2.293735504150390625
2.293735504150390625
2.293735504150390625
2.293735504150390625
2.293735504150390625
2.293735504150390625
2.293735504150390625
2.293735504150390625
2.293735504150390625
2.293735265731811523
2.293759107589721680
2.293734788894653320
2.293735504150390625
2.293735504150390625
2.293735504150390625
2.293735504150390625
2.293735504150390625
2.293735504150390625
2.293735504150390625
2.293735504150390625
2.293735504150390625
2.293735504150390625
2.293735265731811523
2.293758153915405273
2.293734073638916016
2.293735504150390625
2.293735504150390625
2.293735265731811523
2.293735265731811523
2.293735265731811523
2.293735504150390625
2.293735504150390625
2.293735504150390625
2.293735504150390625
2.293735504150390625
2.293735265731811523
0.898797094821929932
0.898690283298492432
0.898691892623901367
0.898695886135101318
0.898692011833190918
0.898695528507232666
0.898706376552581787
0.898700416088104248
0.898693442344665527
0.898688614368438721
0.898696362972259521
0.898679077625274658
0.898677587509155273
0.898830950260162354
0.898733735084533691
0.898707926273345947
0.898689687252044678
0.898689329624176025
0.898686170578002930
0.898686468601226807
0.898687601089477539
0.898685216903686523
0.898684084415435791
0.898692071437835693
0.898670792579650879
0.898652911186218262
0.898819625377655029
0.898746669292449951
0.898716032505035400
0.898699462413787842
0.898692727088928223
0.898684263229370117
0.898682117462158203
0.898682355880737305
0.898688137531280518
0.898686230182647705
0.898691415786743164
0.898665726184844971
0.898672997951507568
0.898829042911529541
0.898743391036987305
0.898700952529907227
0.898685216903686523
0.898689687252044678
0.898683428764343262
0.898702740669250488
0.898685634136199951
0.898689091205596924
0.898683905601501465
0.898697733879089355
0.898681759834289551
0.898674249649047852
0.898850142955780029
0.898750424385070801
0.898734509944915771
0.898690760135650635
0.898683667182922363
0.898685336112976074
0.898685991764068604
0.898691177368164062
0.898694157600402832
0.898691594600677490
0.898698985576629639
0.898676156997680664
0.898676514625549316
0.898848950862884521
0.898740947246551514
0.898710012435913086
0.898690760135650635
0.898690640926361084
0.898680984973907471
0.898677110671997070
0.898691236972808838
0.898690223693847656
0.898698747158050537
0.898704111576080322
0.898675084114074707
0.898657202720642090
0.898834705352783203
0.898748397827148438
0.898706018924713135
0.898679554462432861
0.898682475090026855
0.898697972297668457
0.898678183555603027
0.898683547973632812
0.898677289485931396
0.898705482482910156
0.898709237575531006
0.898683309555053711
0.898659884929656982
1.321912407875061035
1.321178197860717773
1.321101069450378418
1.321131348609924316
1.321131825447082520
1.321172475814819336
1.321231365203857422
1.321215033531188965
1.321142792701721191
1.321104884147644043
1.321140885353088379
1.321024775505065918
1.321164965629577637
1.322448015213012695
1.321849822998046875
1.321697711944580078
1.321627020835876465
1.321616649627685547
1.321590900421142578
1.321600317955017090
1.321605801582336426
1.321598887443542480
1.321591496467590332
1.321621656417846680
1.321425318717956543
1.321730256080627441
1.322451233863830566
1.321840882301330566
1.321722865104675293
1.321631908416748047
1.321598172187805176
1.321564435958862305
1.321566224098205566
1.321559429168701172
1.321601152420043945
1.321584343910217285
1.321601629257202148
1.321393847465515137
1.321800231933593750
1.322444558143615723
1.321844935417175293
1.321658730506896973
1.321577191352844238
1.321584939956665039
1.321546673774719238
1.321576833724975586
1.321579933166503906
1.321581244468688965
1.321579933166503906
1.321618318557739258
1.321435093879699707
1.321854829788208008
1.322456359863281250
1.321861505508422852
1.321706771850585938
1.321601152420043945
1.321568012237548828
1.321589112281799316
1.321568012237548828
1.321569085121154785
1.321596264839172363
1.321597099304199219
1.321619510650634766
1.321415185928344727
1.321845531463623047
1.322476267814636230
1.321876883506774902
1.321696758270263672
1.321613192558288574
1.321611404418945312
1.321565985679626465
1.321552276611328125
1.321573615074157715
1.321555018424987793
1.321591019630432129
1.321661591529846191
1.321426868438720703
1.321780085563659668
1.322424292564392090
1.321906447410583496
1.321710824966430664
1.321587443351745605
1.321613788604736328
1.321613311767578125
1.321617007255554199
1.321586966514587402
1.321600675582885742
1.321679592132568359
1.321747303009033203
1.321513175964355469
1.321671366691589355
0.443314492702484131
-0.000565317866858095
-0.000567484472412616
-0.002418275456875563
-0.003173579461872578
-0.001897117472253740
-0.000559003325179219
-0.000601174193434417
-0.000692793109919876
-0.001896203146316111
-0.001902992138639092
-0.001347995945252478
0.800080895423889160
0.761159181594848633
0.930204510688781738
0.889983594417572021
0.790977120399475098
0.780753493309020996
0.895669579505920410
0.905241966247558594
0.831222414970397949
0.763853311538696289
0.839193701744079590
0.786740005016326904
0.877545595169067383
1.874186992645263672
0.916623294353485107
0.788442790508270264
0.721678614616394043
0.811626553535461426
0.713995754718780518
0.614437282085418701
0.697865903377532959
0.849615216255187988
0.764852762222290039
0.696706354618072510
0.802994847297668457
0.785215497016906738
1.880082488059997559
0.763675332069396973
0.830088853836059570
0.738145232200622559
0.717748165130615234
0.734752178192138672
0.854478478431701660
0.783914685249328613
0.814814329147338867
0.906252861022949219
0.776531338691711426
0.793548583984375000
0.891181230545043945
1.768209338188171387
0.606969714164733887
0.771449565887451172
0.758418262004852295
0.885061621665954590
0.865874648094177246
0.713160634040832520
0.629367709159851074
0.660839498043060303
0.600729107856750488
0.887965917587280273
0.843663096427917480
0.814207673072814941
1.988499999046325684
0.436906933784484863
0.706397056579589844
0.673377215862274170
0.893585085868835449
0.832909703254699707
0.837605476379394531
0.774859786033630371
0.642442703247070312
0.796567440032958984
0.715632379055023193
0.774907708168029785
0.617566704750061035
1.734569311141967773
0.404264152050018311
0.887585103511810303
0.886003494262695312
0.925406992435455322
0.726719141006469727
0.769736409187316895
0.845022439956665039
0.629304707050323486
0.508028507232666016
0.384177148342132568
0.731651425361633301
0.805690526962280273
1.416369676589965820
0.826865434646606445
0.826659858226776123
0.826558828353881836
0.826617121696472168
0.826597988605499268
0.826655805110931396
0.826656520366668701
0.826628983020782471
0.826577544212341309
0.826554298400878906
0.826609432697296143
0.826142430305480957
0.827356278896331787
0.827074348926544189
0.826542556285858154
0.826505661010742188
0.826479852199554443
0.826388955116271973
0.826390027999877930
0.826428890228271484
0.826406955718994141
0.826379477977752686
0.826413750648498535
0.826382637023925781
0.825755059719085693
0.828235805034637451
0.827090263366699219
0.826523065567016602
0.826515018939971924
0.826437532901763916
0.826348483562469482
0.826321959495544434
0.826394259929656982
0.826400876045227051
0.826366901397705078
0.826365292072296143
0.826368212699890137
0.825726032257080078
0.828481078147888184
0.827058196067810059
0.826600551605224609
0.826432049274444580
0.826388478279113770
0.826361358165740967
0.826327502727508545
0.826388895511627197
0.826397895812988281
0.826368510723114014
0.826400399208068848
0.826350510120391846
0.825691878795623779
0.828609347343444824
0.827062249183654785
0.826607942581176758
0.826462090015411377
0.826392233371734619
0.826384246349334717
0.826366186141967773
0.826362371444702148
0.826377391815185547
0.826405107975006104
0.826393961906433105
0.826379537582397461
0.825698971748352051
0.828488767147064209
0.827115297317504883
0.826574504375457764
0.826486706733703613
0.826462447643280029
0.826392412185668945
0.826428055763244629
0.826364040374755859
0.826345801353454590
0.826460003852844238
0.826482295989990234
0.826402962207794189
0.825719296932220459
0.828435420989990234
0.827025234699249268
0.826598107814788818
0.826490342617034912
0.826488494873046875
0.826353192329406738
0.826385021209716797
0.826487183570861816
0.826428174972534180
0.826412022113800049
0.826568782329559326
0.826514363288879395
0.825843513011932373
0.827514290809631348
1.116502761840820312
0.824832677841186523
0.907379567623138428
0.969827294349670410
0.978060066699981689
0.911485195159912109
0.854140043258666992
0.841211080551147461
0.880457758903503418
0.939174234867095947
0.942657828330993652
0.861627995967864990
0.431551754474639893
1.236848592758178711
0.635253787040710449
0.688187241554260254
0.730437755584716797
0.727557003498077393
0.692218303680419922
0.686820507049560547
0.704973220825195312
0.720475137233734131
0.709264576435089111
0.723366141319274902
0.602708816528320312
0.135859847068786621
1.118414402008056641
0.769728004932403564
0.762273669242858887
0.759456872940063477
0.784191787242889404
0.792141795158386230
0.780539810657501221
0.741747260093688965
0.743383884429931641
0.758020222187042236
0.740511655807495117
0.629601955413818359
0.244256496429443359
1.243207931518554688
0.767069280147552490
0.745491087436676025
0.766436934471130371
0.768841385841369629
0.717978596687316895
0.836441516876220703
0.730393111705780029
0.719275832176208496
0.743041992187500000
0.741658449172973633
0.602399826049804688
0.255896747112274170
1.401653885841369629
0.813566446304321289
0.884951531887054443
0.717693567276000977
0.706646740436553955
0.749367713928222656
0.802882611751556396
0.828322112560272217
0.836504817008972168
0.715312004089355469
0.723628103733062744
0.623611807823181152
0.192628741264343262
1.441244125366210938
0.748441934585571289
0.791934430599212646
0.711446344852447510
0.719649791717529297
0.737309932708740234
0.739981293678283691
0.824677109718322754
0.810504257678985596
0.850442886352539062
0.750541627407073975
0.687425315380096436
0.220795094966888428
1.388321876525878906
0.642218232154846191
0.613250732421875000
0.585602402687072754
0.616500139236450195
0.696192979812622070
0.601851999759674072
0.705373227596282959
0.695047080516815186
0.843603312969207764
0.662644982337951660
0.591763496398925781
0.190312325954437256
-0.000214377723750658
-0.000219910943997093
-0.000219779176404700
-0.000219916561036371
-0.000220030895434320
-0.000219964844291098
-0.000219910682062618
-0.000219953639316373
-0.000219879570067860
-0.000219938985537738
-0.000219910012674518
-0.000219963694689795
-0.000219217065023258
-0.000211897582630627
-0.000217550259549171
-0.000217523484025151
-0.000217684777453542
-0.000217719571082853
-0.000217581895412877
-0.000217574619455263
-0.000217626671656035
-0.000217702705413103
-0.000217639637412503
-0.000217682318179868
-0.000217636683373712
-0.000216915577766486
-0.000211826583836228
-0.000217506865737960
-0.000217564534978010
-0.000217550186789595
-0.000217661276110448
-0.000217687134863809
-0.000217665336094797
-0.000217551860259846
-0.000217666049138643
-0.000217631168197840
-0.000217591470573097
-0.000217680906644091
-0.000216822867514566
-0.000211874517844990
-0.000217499895370565
-0.000217606328078546
-0.000217624692595564
-0.000217603010241874
-0.000217457200051285
-0.000217408625758253
-0.000217545748455450
-0.000217497174162418
-0.000217607594095170
-0.000217547276406549
-0.000217547349166125
-0.000216942178667523
-0.000211789330933243
-0.000217498251004145
-0.000217451350181364
-0.000217540015000850
-0.000217489461647347
-0.000217662760405801
-0.000217657696339302
-0.000217606619116850
-0.000217664215597324
-0.000217482316656969
-0.000217456603422761
-0.000217573426198214
-0.000216849715798162
-0.000211967577342875
-0.000217650245758705
-0.000217666907701641
-0.000217515917029232
-0.000217594075365923
-0.000217581138713285
-0.000217650100239553
-0.000217651031562127
-0.000217451655771583
-0.000217518594581634
-0.000217612890992314
-0.000217733177123591
-0.000217014632653445
-0.000211988139199093
-0.000217469976632856
-0.000217583190533333
-0.000217477165278979
-0.000217711945879273
-0.000217519831494428
-0.000217630469705909
-0.000217677894397639
-0.000217856810195372
-0.000217848879401572
-0.000217790322494693
-0.000217721739318222
-0.000217264750972390
-0.001344193937256932
-0.001342258416116238
-0.001342359581030905
-0.001342335599474609
-0.001342262490652502
-0.001342316507361829
-0.001342169591225684
-0.001342132221907377
-0.001342138741165400
-0.001342212199233472
-0.001342247938737273
-0.001342188334092498
-0.001342450152151287
-0.001343095442280173
-0.001339783775620162
-0.001339770271442831
-0.001339640119113028
-0.001339493668638170
-0.001339623122476041
-0.001339570502750576
-0.001339662820100784
-0.001339461770839989
-0.001339582493528724
-0.001339517300948501
-0.001339569105766714
-0.001340096117928624
-0.001343193929642439
-0.001339836861006916
-0.001339767361059785
-0.001339825335890055
-0.001339542213827372
-0.001339631970040500
-0.001339548151008785
-0.001339641632512212
-0.001339342212304473
-0.001339931506663561
-0.001339671551249921
-0.001339656417258084
-0.001339736860245466
-0.001343055744655430
-0.001339482143521309
-0.001339720329269767
-0.001339956885203719
-0.001339770038612187
-0.001339683658443391
-0.001339632086455822
-0.001339643378742039
-0.001339565380476415
-0.001339748734608293
-0.001339956303127110
-0.001339734648354352
-0.001339737791568041
-0.001343013020232320
-0.001339456764981151
-0.001339541631750762
-0.001339564798399806
-0.001339635229669511
-0.001339584356173873
-0.001339740003459156
-0.001339643145911396
-0.001339516369625926
-0.001339714159257710
-0.001340023125521839
-0.001339919515885413
-0.001339827780611813
-0.001343002193607390
-0.001339619397185743
-0.001339604496024549
-0.001339572481811047
-0.001339397742412984
-0.001339464448392391
-0.001339561888016760
-0.001339463284239173
-0.001339525799266994
-0.001339724287390709
-0.001339545706287026
-0.001340016722679138
-0.001340019283816218
-0.001343107549473643
-0.001339632086455822
-0.001339473878033459
-0.001339843263849616
-0.001339501235634089
-0.001339406589977443
-0.001339461305178702
-0.001339760143309832
-0.001339566661044955
-0.001339534646831453
-0.001339322421699762
-0.001339520211331546
-0.001339950482361019
