-0.005518751684576273
-0.005519741214811802
-0.005519717931747437
-0.005519715603441000
-0.005519717000424862
-0.005519730970263481
-0.005519721191376448
-0.005519731435924768
-0.005519724451005459
-0.005519720725715160
-0.005519734695553780
-0.005519666709005833
-0.005519726313650608
-0.005517696496099234
-0.005518551450222731
-0.005518500227481127
-0.005518498364835978
-0.005518482066690922
-0.005518493708223104
-0.005518494173884392
-0.005518490448594093
-0.005518494173884392
-0.005518489517271519
-0.005518498364835978
-0.005518397781997919
-0.005518569611012936
-0.005517679732292891
-0.005518516059964895
-0.005518510006368160
-0.005518502555787563
-0.005518480204045773
-0.005518477875739336
-0.005518481135368347
-0.005518484394997358
-0.005518488585948944
-0.005518483929336071
-0.005518496967852116
-0.005518391728401184
-0.005518609657883644
-0.005517713259905577
-0.005518550518900156
-0.005518487188965082
-0.005518495105206966
-0.005518481135368347
-0.005518474616110325
-0.005518498830497265
-0.005518489517271519
-0.005518481135368347
-0.005518483463674784
-0.005518504884094000
-0.005518394056707621
-0.005518577992916107
-0.005517713259905577
-0.005518569145351648
-0.005518496967852116
-0.005518489517271519
-0.005518482066690922
-0.005518481135368347
-0.005518492311239243
-0.005518490914255381
-0.005518486257642508
-0.005518481601029634
-0.005518498364835978
-0.005518392194062471
-0.005518607329577208
-0.005517742130905390
-0.005518583580851555
-0.005518500693142414
-0.005518496502190828
-0.005518490448594093
-0.005518496036529541
-0.005518477875739336
-0.005518502555787563
-0.005518493708223104
-0.005518492776900530
-0.005518498830497265
-0.005518385674804449
-0.005518575198948383
-0.005517747718840837
-0.005518619436770678
-0.005518503487110138
-0.005518495105206966
-0.005518513731658459
-0.005518506746739149
-0.005518478807061911
-0.005518510006368160
-0.005518488120287657
-0.005518513265997171
-0.005518520250916481
-0.005518437363207340
-0.005518545396625996
-0.000104858423583210
-0.000130151951452717
-0.000129675638163462
-0.000130401022033766
-0.000130229149363004
-0.000130630505736917
-0.000131201668409631
-0.000131036707898602
-0.000129583771922626
-0.000129588981508277
-0.000129409585497342
-0.000129647480207495
-0.000128936982946470
-0.000119998454465531
-0.000159951741807163
-0.000156496535055339
-0.000157318412675522
-0.000158125752932392
-0.000160100229550153
-0.000160117517225444
-0.000159614981384948
-0.000158008042490110
-0.000155099027324468
-0.000156683701789007
-0.000155965899466537
-0.000157598333316855
-0.000119596639706288
-0.000160233146743849
-0.000156942376634106
-0.000155139787239023
-0.000155599191202782
-0.000158916780492291
-0.000159367395099252
-0.000159366274601780
-0.000158376918989234
-0.000157143542310223
-0.000157173126353882
-0.000154409251990728
-0.000159365154104307
-0.000121104116260540
-0.000161115007358603
-0.000158217546413653
-0.000155525878653862
-0.000157268339535221
-0.000157745409524068
-0.000159267263370566
-0.000157182206748985
-0.000157025671796873
-0.000156462629092857
-0.000156628928380087
-0.000155074143549427
-0.000159281713422388
-0.000121091747132596
-0.000162038952112198
-0.000160991476150230
-0.000157756585394964
-0.000156731533934362
-0.000155812056618743
-0.000156682202941738
-0.000156176465679891
-0.000158315378939733
-0.000157317001139745
-0.000156274065375328
-0.000154797206050716
-0.000160568131832406
-0.000122149576782249
-0.000162750337040052
-0.000159565883222967
-0.000157376154675148
-0.000157936359755695
-0.000158553273649886
-0.000155599933350459
-0.000155246409121901
-0.000157496848260053
-0.000158708979142830
-0.000156370471813716
-0.000153556233271956
-0.000160203198902309
-0.000122620680485852
-0.000163941309438087
-0.000159376708324999
-0.000156694048200734
-0.000157614791532978
-0.000158573238877580
-0.000155955101945437
-0.000156343652633950
-0.000157155387569219
-0.000159308081492782
-0.000159138959133998
-0.000157427042722702
-0.000159320683451369
0.665125012397766113
-0.003260382916778326
-0.003318075556308031
-0.003677610075101256
-0.003573251189664006
-0.003550169989466667
-0.003706100396811962
-0.003445922164246440
-0.002128479303792119
-0.002946897642686963
-0.003941345028579235
-0.004256278276443481
-0.000971703964751214
1.288782358169555664
0.003531321883201599
-0.001177893951535225
-0.001101293717510998
-0.001195189775899053
-0.000554645375814289
-0.000062839390011504
0.087021961808204651
-0.000671358837280422
-0.000550176657270640
-0.000442415766883641
-0.001150646596215665
0.157803639769554138
0.978214144706726074
0.027766019105911255
-0.000331184099195525
0.043342381715774536
-0.000755547429434955
-0.001625643461011350
-0.001580592826940119
-0.000150084786582738
0.011073827743530273
-0.000192030071048066
-0.000103974787634797
0.030813679099082947
0.312766849994659424
0.992094755172729492
0.137515753507614136
-0.000230297882808372
0.053639248013496399
-0.000894432188943028
0.261872023344039917
0.191017299890518188
0.031136810779571533
-0.000435947760706767
-0.000008811354746285
-0.000663858489133418
-0.000493377563543618
0.217711091041564941
1.135904312133789062
0.043258622288703918
0.039138019084930420
-0.000294870871584862
-0.000333167467033491
-0.000751590239815414
-0.000619589060079306
-0.000566334289032966
-0.000238928041653708
-0.000340321363182738
-0.000471854640636593
0.019186705350875854
0.151479482650756836
1.347553968429565430
0.014493465423583984
-0.000356105418177322
-0.000061974373238627
0.040774405002593994
-0.000353532290318981
-0.001295903464779258
-0.001567991450428963
0.089043356478214264
0.093517854809761047
0.007555305957794189
-0.000385885970899835
0.061626903712749481
1.241429924964904785
-0.000427675840910524
-0.001443343819119036
-0.001121088978834450
0.089327968657016754
-0.001677600201219320
-0.001276299473829567
-0.001864542136900127
-0.000758923997636884
-0.001788594876416028
-0.000937316857744008
-0.000622504914645106
-0.000323177111567929
0.224529117345809937
0.225738927721977234
0.225735887885093689
0.225734874606132507
0.225735172629356384
0.225735515356063843
0.225736111402511597
0.225735694169998169
0.225734740495681763
0.225734144449234009
0.225735083222389221
0.225735783576965332
0.225739464163780212
0.225160494446754456
0.226858794689178467
0.226780116558074951
0.226780056953430176
0.226779803633689880
0.226780623197555542
0.226782634854316711
0.226782873272895813
0.226780951023101807
0.226779684424400330
0.226780623197555542
0.226780831813812256
0.226788520812988281
0.225093454122543335
0.226818144321441650
0.226781532168388367
0.226782768964767456
0.226781845092773438
0.226781651377677917
0.226782292127609253
0.226783379912376404
0.226782709360122681
0.226782232522964478
0.226782381534576416
0.226782768964767456
0.226789921522140503
0.225199371576309204
0.226894050836563110
0.226780414581298828
0.226780980825424194
0.226783961057662964
0.226783856749534607
0.226789101958274841
0.226783290505409241
0.226782768964767456
0.226781532168388367
0.226781144738197327
0.226782053709030151
0.226805463433265686
0.225207448005676270
0.226946204900741577
0.226783782243728638
0.226781681180000305
0.226782068610191345
0.226782560348510742
0.226782739162445068
0.226782873272895813
0.226783961057662964
0.226783066987991333
0.226782262325286865
0.226782768964767456
0.226855650544166565
0.225259259343147278
0.226974606513977051
0.226782292127609253
0.226783215999603271
0.226783812046051025
0.226781934499740601
0.226781129837036133
0.226781249046325684
0.226782336831092834
0.226782739162445068
0.226782068610191345
0.226781889796257019
0.226841136813163757
0.225291758775711060
0.227053314447402954
0.226783692836761475
0.226784408092498779
0.226806521415710449
0.226801276206970215
0.226782217621803284
0.226781651377677917
0.226784273982048035
0.226784527301788330
0.226791888475418091
0.226809978485107422
0.226825580000877380
0.409958034753799438
0.409974485635757446
0.409972518682479858
0.409971356391906738
0.409970760345458984
0.409972637891769409
0.409973382949829102
0.409973829984664917
0.409972548484802246
0.409972131252288818
0.409973591566085815
0.409969061613082886
0.409971058368682861
0.409917354583740234
0.409920871257781982
0.409919917583465576
0.409918844699859619
0.409917443990707397
0.409918069839477539
0.409918069839477539
0.409918248653411865
0.409918487071990967
0.409918040037155151
0.409919053316116333
0.409911692142486572
0.409920334815979004
0.409919828176498413
0.409920871257781982
0.409920305013656616
0.409919232130050659
0.409918069839477539
0.409917354583740234
0.409917116165161133
0.409917324781417847
0.409917891025543213
0.409917593002319336
0.409918546676635742
0.409910619258880615
0.409922897815704346
0.409916639328002930
0.409919470548629761
0.409918338060379028
0.409917145967483521
0.409917145967483521
0.409916877746582031
0.409918248653411865
0.409917950630187988
0.409917503595352173
0.409917414188385010
0.409918993711471558
0.409911215305328369
0.409920632839202881
0.409915953874588013
0.409917682409286499
0.409919619560241699
0.409918040037155151
0.409917235374450684
0.409917086362838745
0.409918099641799927
0.409918099641799927
0.409917891025543213
0.409917354583740234
0.409918487071990967
0.409911096096038818
0.409920156002044678
0.409915506839752197
0.409917533397674561
0.409919947385787964
0.409918338060379028
0.409918159246444702
0.409918278455734253
0.409916877746582031
0.409919053316116333
0.409918814897537231
0.409918516874313354
0.409918844699859619
0.409910649061203003
0.409918844699859619
0.409913778305053711
0.409916400909423828
0.409920603036880493
0.409918040037155151
0.409918516874313354
0.409919649362564087
0.409917920827865601
0.409918218851089478
0.409916996955871582
0.409920632839202881
0.409920752048492432
0.409913748502731323
0.409918874502182007
1.950822234153747559
-0.012251934967935085
-0.006042686756700277
-0.004253142513334751
-0.002281005261465907
-0.001054609427228570
-0.006707756314426661
-0.009421659633517265
0.287429928779602051
0.522930681705474854
-0.005049314349889755
-0.008492481894791126
-0.013438119553029537
4.015644550323486328
-0.007153443992137909
-0.006724558770656586
-0.006323528010398149
-0.006850204430520535
-0.005526542663574219
-0.006879926659166813
-0.004373444709926844
-0.006999981123954058
-0.004848893731832504
-0.006454794201999903
-0.008882195688784122
-0.016258766874670982
2.354870319366455078
-0.005632182117551565
-0.005880131386220455
-0.005454153753817081
-0.005243092775344849
-0.006088700145483017
-0.006398144643753767
-0.002451597945764661
-0.006720907520502806
-0.005422151181846857
-0.005421110428869724
-0.000823934038635343
-0.008455608040094376
2.113159656524658203
-0.005622566677629948
-0.006849403027445078
-0.005809222348034382
-0.005672065075486898
0.713158071041107178
0.215790092945098877
-0.006400492042303085
-0.006631596013903618
-0.005391120910644531
-0.005228044930845499
-0.006807942409068346
-0.016933746635913849
3.502391338348388672
-0.003753406228497624
-0.006278828252106905
-0.006402915343642235
-0.006756762042641640
-0.005095237400382757
-0.005448203999549150
-0.006759378593415022
-0.004973637871444225
-0.005241999402642250
-0.005263470113277435
-0.003991601988673210
-0.015605810098350048
4.947076320648193359
-0.003443759633228183
-0.006670826580375433
-0.005117945373058319
-0.006070952396839857
-0.005602203309535980
-0.006657626479864120
-0.007427538279443979
0.250614047050476074
0.228137016296386719
-0.005653304979205132
-0.005141261499375105
-0.013791228644549847
4.494282245635986328
-0.003360726172104478
-0.009974987246096134
-0.005810601636767387
-0.002760257571935654
-0.010957522317767143
-0.010873449034988880
-0.011426960118114948
0.273491352796554565
-0.007642746903002262
-0.007753641344606876
-0.005774593446403742
-0.015180104412138462
0.394737839698791504
-0.003328541992232203
-0.001633656327612698
-0.001226368360221386
-0.000084061175584793
0.057893604040145874
-0.001926336786709726
-0.002461605472490191
0.050257623195648193
0.086222112178802490
-0.001819294760935009
-0.001892662257887423
-0.007404826115816832
0.504395961761474609
-0.009085554629564285
-0.008849611505866051
-0.009319204837083817
-0.010200712829828262
-0.009913359768688679
-0.011116344481706619
-0.009582142345607281
-0.008652916178107262
-0.008594769053161144
-0.009931227192282677
-0.010276730172336102
-0.014575102366507053
0.284969270229339600
-0.007373813074082136
-0.007730867713689804
-0.007307407911866903
-0.006530470680445433
-0.006691998802125454
-0.008120007812976837
-0.006030779331922531
-0.008099130354821682
-0.007949551567435265
-0.006804037373512983
-0.006947822403162718
-0.013025506399571896
0.162156492471694946
-0.007111390121281147
-0.007189897354692221
-0.007111653685569763
-0.007381280418485403
-0.004150029737502337
-0.005697016604244709
-0.007750964723527431
-0.007346862461417913
-0.006610574666410685
-0.007460940163582563
-0.008359504863619804
-0.018578618764877319
0.517407357692718506
-0.006269830279052258
-0.008634292520582676
-0.007210578769445419
-0.007653637789189816
-0.005813122726976871
-0.006293877959251404
-0.007344884797930717
-0.007481313310563564
-0.006902428343892097
-0.007733062840998173
-0.008630277588963509
-0.017315514385700226
0.917319655418395996
-0.006887037772685289
-0.007407559547573328
-0.007059859111905098
-0.008788096718490124
-0.008281943388283253
-0.007753397803753614
-0.006452091038227081
-0.004948283545672894
-0.005662400741130114
-0.007163856644183397
-0.007091286126524210
-0.015324597246944904
0.767440199851989746
-0.008458074182271957
-0.009330208413302898
-0.007519252132624388
-0.006232106592506170
-0.009404429234564304
-0.008460621349513531
-0.008444842882454395
-0.005106013733893633
-0.008042705245316029
-0.009533610194921494
-0.008977284654974937
-0.014584108255803585
2.373570203781127930
2.878617763519287109
2.951267719268798828
2.998328208923339844
3.025583267211914062
3.045011997222900391
2.973056554794311523
2.926687955856323242
2.942934036254882812
3.029518604278564453
3.002310276031494141
3.012343645095825195
2.581951379776000977
1.978829145431518555
2.494961738586425781
2.602695941925048828
2.586927175521850586
2.571261167526245117
2.531026840209960938
2.455739974975585938
2.426323652267456055
2.564439535140991211
2.565306901931762695
2.517226696014404297
2.555228471755981445
2.190631151199340820
2.111197233200073242
2.523843526840209961
2.564350128173828125
2.513413906097412109
2.630965709686279297
2.695189237594604492
2.655894041061401367
2.605175018310546875
2.515630960464477539
2.549793958663940430
2.569854021072387695
2.549368619918823242
2.131971836090087891
2.059837341308593750
2.439645290374755859
2.564894199371337891
2.508204936981201172
2.620118379592895508
2.463671207427978516
2.463418245315551758
2.508774518966674805
2.579037904739379883
2.566926956176757812
2.601190805435180664
2.556431293487548828
2.036645889282226562
2.086725950241088867
2.545680284500122070
2.481467485427856445
2.571659564971923828
2.562676668167114258
2.648578405380249023
2.624598979949951172
2.589344739913940430
2.566793680191040039
2.587848663330078125
2.578690052032470703
2.505529403686523438
2.130377531051635742
2.070863723754882812
2.555947303771972656
2.570726394653320312
2.561678171157836914
2.477393150329589844
2.554264545440673828
2.640061616897583008
2.690452814102172852
2.566819906234741211
2.545019388198852539
2.545452594757080078
2.585061788558959961
2.263116121292114258
2.099736213684082031
2.561833143234252930
2.595897197723388672
2.631056070327758789
2.508872509002685547
2.609596252441406250
2.599609851837158203
2.646000623703002930
2.696170091629028320
2.665624856948852539
2.559203386306762695
2.555429697036743164
2.349308967590332031
0.007549926638603210
0.006918266415596008
0.006918296217918396
0.006918266415596008
0.006918236613273621
0.006918206810951233
0.006918206810951233
0.006918266415596008
0.006918236613273621
0.006918236613273621
0.006918236613273621
0.006918296217918396
0.006918147206306458
0.008797094225883484
0.008408918976783752
0.008409038186073303
0.008408978581428528
0.008409038186073303
0.008408978581428528
0.008408948779106140
0.008408978581428528
0.008409008383750916
0.008408978581428528
0.008408889174461365
0.008408948779106140
0.008409306406974792
0.008796975016593933
0.008408844470977783
0.008408993482589722
0.008408948779106140
0.008409112691879272
0.008409172296524048
0.008409112691879272
0.008409053087234497
0.008408963680267334
0.008408963680267334
0.008408874273300171
0.008409142494201660
0.008409336209297180
0.008796945214271545
0.008408874273300171
0.008409231901168823
0.008408963680267334
0.008408963680267334
0.008409023284912109
0.008409053087234497
0.008409082889556885
0.008409112691879272
0.008409053087234497
0.008408904075622559
0.008409142494201660
0.008409276604652405
0.008797034621238708
0.008408844470977783
0.008408933877944946
0.008408933877944946
0.008409023284912109
0.008409172296524048
0.008409082889556885
0.008408963680267334
0.008409023284912109
0.008409053087234497
0.008408904075622559
0.008409112691879272
0.008409306406974792
0.008797034621238708
0.008408904075622559
0.008409112691879272
0.008408978581428528
0.008409023284912109
0.008409023284912109
0.008408993482589722
0.008408993482589722
0.008408948779106140
0.008409023284912109
0.008409023284912109
0.008409142494201660
0.008409395813941956
0.008797094225883484
0.008408740162849426
0.008409008383750916
0.008408978581428528
0.008408918976783752
0.008408918976783752
0.008409097790718079
0.008409038186073303
0.008408799767494202
0.008408918976783752
0.008408829569816589
0.008408918976783752
0.008409246802330017
-0.005780620966106653
-0.005780724342912436
-0.005780724808573723
-0.005780731793493032
-0.005780729930847883
-0.005780731327831745
-0.005780738312751055
-0.005780735053122044
-0.005780722480267286
-0.005780723411589861
-0.005780718754976988
-0.005780733656138182
-0.005780715961009264
-0.005780682433396578
-0.005780872423201799
-0.005780854262411594
-0.005780861712992191
-0.005780872423201799
-0.005780889187008142
-0.005780889187008142
-0.005780884996056557
-0.005780869163572788
-0.005780842620879412
-0.005780855659395456
-0.005780868232250214
-0.005780850537121296
-0.005780685227364302
-0.005780884064733982
-0.005780856590718031
-0.005780840758234262
-0.005780849140137434
-0.005780880805104971
-0.005780884530395269
-0.005780884064733982
-0.005780873820185661
-0.005780863109976053
-0.005780860781669617
-0.005780854728072882
-0.005780859850347042
-0.005780687090009451
-0.005780881736427546
-0.005780872423201799
-0.005780845880508423
-0.005780864972621202
-0.005780870094895363
-0.005780879873782396
-0.005780862644314766
-0.005780862644314766
-0.005780856590718031
-0.005780854262411594
-0.005780859850347042
-0.005780864041298628
-0.005780686624348164
-0.005780884064733982
-0.005780896637588739
-0.005780867766588926
-0.005780859384685755
-0.005780851002782583
-0.005780857056379318
-0.005780852399766445
-0.005780873354524374
-0.005780864972621202
-0.005780852399766445
-0.005780858453363180
-0.005780867766588926
-0.005780688486993313
-0.005780886393040419
-0.005780882667750120
-0.005780863109976053
-0.005780869163572788
-0.005780873820185661
-0.005780850071460009
-0.005780841689556837
-0.005780864972621202
-0.005780876148492098
-0.005780852865427732
-0.005780847743153572
-0.005780871491879225
-0.005780690349638462
-0.005780886393040419
-0.005780880339443684
-0.005780856590718031
-0.005780860781669617
-0.005780871491879225
-0.005780852865427732
-0.005780850537121296
-0.005780862644314766
-0.005780878011137247
-0.005780874285846949
-0.005780872423201799
-0.005780869629234076
0.382226973772048950
0.382234513759613037
0.382234513759613037
0.382234513759613037
0.382234513759613037
0.382234513759613037
0.382234513759613037
0.382234513759613037
0.382234513759613037
0.382234513759613037
0.382234543561935425
0.382234513759613037
0.382234543561935425
0.382228970527648926
0.382240235805511475
0.382240265607833862
0.382240235805511475
0.382240235805511475
0.382240235805511475
0.382240235805511475
0.382240235805511475
0.382240235805511475
0.382240265607833862
0.382240265607833862
0.382240235805511475
0.382240265607833862
0.382228970527648926
0.382240235805511475
0.382240235805511475
0.382240265607833862
0.382240265607833862
0.382240235805511475
0.382240235805511475
0.382240235805511475
0.382240235805511475
0.382240235805511475
0.382240235805511475
0.382240235805511475
0.382240235805511475
0.382228970527648926
0.382240235805511475
0.382240235805511475
0.382240265607833862
0.382240235805511475
0.382240235805511475
0.382240235805511475
0.382240235805511475
0.382240235805511475
0.382240235805511475
0.382240235805511475
0.382240235805511475
0.382240235805511475
0.382228970527648926
0.382240235805511475
0.382240206003189087
0.382240235805511475
0.382240235805511475
0.382240265607833862
0.382240235805511475
0.382240265607833862
0.382240235805511475
0.382240235805511475
0.382240265607833862
0.382240235805511475
0.382240235805511475
0.382228970527648926
0.382240235805511475
0.382240235805511475
0.382240235805511475
0.382240235805511475
0.382240235805511475
0.382240265607833862
0.382240265607833862
0.382240235805511475
0.382240235805511475
0.382240265607833862
0.382240265607833862
0.382240235805511475
0.382228970527648926
0.382240235805511475
0.382240235805511475
0.382240265607833862
0.382240235805511475
0.382240235805511475
0.382240265607833862
0.382240265607833862
0.382240235805511475
0.382240235805511475
0.382240235805511475
0.382240235805511475
0.382240235805511475
0.138799339532852173
0.138848066329956055
0.138788521289825439
0.138655766844749451
0.138569518923759460
0.138689190149307251
0.138863652944564819
0.138827621936798096
0.138728648424148560
0.138704940676689148
0.138771131634712219
0.138797938823699951
0.138554304838180542
0.138830572366714478
0.139015108346939087
0.138847619295120239
0.138728961348533630
0.138691455125808716
0.138671755790710449
0.138687953352928162
0.138735741376876831
0.138721168041229248
0.138701945543289185
0.138756439089775085
0.138718575239181519
0.138336867094039917
0.138854771852493286
0.139057695865631104
0.138814926147460938
0.138758152723312378
0.138794586062431335
0.138722896575927734
0.138674318790435791
0.138681560754776001
0.138709962368011475
0.138707548379898071
0.138716191053390503
0.138654381036758423
0.138320609927177429
0.138845428824424744
0.139071479439735413
0.138764575123786926
0.138550251722335815
0.138687402009963989
0.138708740472793579
0.138704895973205566
0.138717830181121826
0.138725966215133667
0.138686835765838623
0.138693779706954956
0.138695925474166870
0.138408109545707703
0.138816908001899719
0.139022827148437500
0.138852357864379883
0.138717710971832275
0.138678282499313354
0.138674631714820862
0.138701647520065308
0.138713747262954712
0.138736739754676819
0.138704895973205566
0.138699561357498169
0.138701304793357849
0.138424336910247803
0.138847202062606812
0.139063239097595215
0.138852462172508240
0.138702780008316040
0.138729631900787354
0.138690575957298279
0.138669908046722412
0.138725459575653076
0.138780444860458374
0.138746619224548340
0.138735026121139526
0.138699263334274292
0.138443604111671448
0.138781860470771790
0.139113992452621460
0.138911426067352295
0.138677030801773071
0.138712897896766663
0.138883769512176514
0.138787865638732910
0.138551443815231323
0.138612091541290283
0.138839393854141235
0.138840466737747192
0.138809472322463989
0.138603374361991882
0.087902873754501343
0.087905094027519226
0.087904572486877441
0.087904527783393860
0.087904572486877441
0.087904885411262512
0.087904646992683411
0.087904885411262512
0.087904721498489380
0.087904646992683411
0.087904959917068481
0.087903380393981934
0.087904736399650574
0.087875559926033020
0.087865576148033142
0.087864965200424194
0.087864935398101807
0.087864547967910767
0.087864816188812256
0.087864816188812256
0.087864726781845093
0.087864831089973450
0.087864726781845093
0.087864920496940613
0.087862566113471985
0.087866559624671936
0.087875664234161377
0.087865069508552551
0.087865188717842102
0.087865009903907776
0.087864503264427185
0.087864443659782410
0.087864503264427185
0.087864577770233154
0.087864682078361511
0.087864577770233154
0.087864875793457031
0.087862417101860046
0.087867453694343567
0.087875649333000183
0.087865307927131653
0.087864652276039124
0.087864845991134644
0.087864503264427185
0.087864354252815247
0.087864890694618225
0.087864696979522705
0.087864518165588379
0.087864577770233154
0.087865069508552551
0.087862476706504822
0.087866619229316711
0.087875589728355408
0.087865352630615234
0.087864875793457031
0.087864696979522705
0.087864547967910767
0.087864503264427185
0.087864771485328674
0.087864741683006287
0.087864622473716736
0.087864518165588379
0.087864920496940613
0.087862446904182434
0.087866917252540588
0.087875872850418091
0.087865456938743591
0.087864965200424194
0.087864860892295837
0.087864726781845093
0.087864860892295837
0.087864443659782410
0.087865024805068970
0.087864786386489868
0.087864786386489868
0.087864920496940613
0.087862297892570496
0.087866276502609253
0.087875783443450928
0.087865710258483887
0.087865039706230164
0.087864831089973450
0.087865099310874939
0.087864965200424194
0.087864458560943604
0.087865203619003296
0.087864667177200317
0.087865248322486877
0.087865352630615234
0.087863281369209290
0.087865695357322693
-0.008891860954463482
-0.008808746933937073
-0.008796131238341331
-0.008787767961621284
-0.008785488083958626
-0.008783359080553055
-0.008792033419013023
-0.008800971321761608
-0.008796730078756809
-0.008780541829764843
-0.008785644546151161
-0.008786747232079506
-0.008848043158650398
-0.008941696956753731
-0.008845933713018894
-0.008827621117234230
-0.008828107267618179
-0.008827931247651577
-0.008834695443511009
-0.008844496682286263
-0.008853017352521420
-0.008835327811539173
-0.008833116851747036
-0.008838018402457237
-0.008833234198391438
-0.008889824151992798
-0.008926942944526672
-0.008845381438732147
-0.008837299421429634
-0.008847293443977833
-0.008829675614833832
-0.008818775415420532
-0.008820381946861744
-0.008833200670778751
-0.008845094591379166
-0.008838412351906300
-0.008839457295835018
-0.008839002810418606
-0.008898870088160038
-0.008933595381677151
-0.008861035108566284
-0.008840243332087994
-0.008849292993545532
-0.008828734979033470
-0.008855065330862999
-0.008854278363287449
-0.008847329765558243
-0.008836954832077026
-0.008840606547892094
-0.008831244893372059
-0.008838119916617870
-0.008904349058866501
-0.008928335271775723
-0.008843971416354179
-0.008848519995808601
-0.008838539011776447
-0.008838737383484840
-0.008829226717352867
-0.008831909857690334
-0.008835291489958763
-0.008836829103529453
-0.008835711516439915
-0.008834117092192173
-0.008843043819069862
-0.008890189230442047
-0.008931630291044712
-0.008839473128318787
-0.008838245645165443
-0.008839521557092667
-0.008848405443131924
-0.008836589753627777
-0.008824834600090981
-0.008821910247206688
-0.008838933892548084
-0.008840187452733517
-0.008842518553137779
-0.008836409077048302
-0.008871546946465969
-0.008926927112042904
-0.008834161795675755
-0.008831719867885113
-0.008828260004520416
-0.008851394057273865
-0.008829876780509949
-0.008835130371153355
-0.008827830664813519
-0.008817467838525772
-0.008822099305689335
-0.008834901265799999
-0.008835461921989918
-0.008862248621881008
0.173093214631080627
0.171529725193977356
0.171248063445091248
0.171054184436798096
0.170313045382499695
0.169991075992584229
0.171172723174095154
0.171054303646087646
0.171060711145401001
0.171131744980812073
0.171368330717086792
0.171146094799041748
0.172964498400688171
0.179516851902008057
0.181180104613304138
0.180870026350021362
0.181427389383316040
0.182150244712829590
0.182227984070777893
0.183201611042022705
0.182345911860466003
0.180718854069709778
0.181157767772674561
0.182050079107284546
0.180984020233154297
0.181765392422676086
0.178330495953559875
0.180543318390846252
0.180646821856498718
0.180532574653625488
0.179593071341514587
0.179417863488197327
0.180712595582008362
0.179781079292297363
0.181025460362434387
0.181054472923278809
0.179910197854042053
0.179461166262626648
0.181090891361236572
0.179076284170150757
0.180501028895378113
0.180027738213539124
0.180347532033920288
0.180258095264434814
0.180438309907913208
0.180811822414398193
0.180770188570022583
0.180174216628074646
0.179830625653266907
0.180491179227828979
0.179916962981224060
0.182613059878349304
0.178631454706192017
0.179876491427421570
0.181630462408065796
0.180111497640609741
0.180461362004280090
0.178981751203536987
0.179377675056457520
0.180148795247077942
0.180670499801635742
0.180038467049598694
0.180787861347198486
0.180776596069335938
0.183128640055656433
0.178048089146614075
0.180465683341026306
0.180197894573211670
0.180271267890930176
0.181834429502487183
0.181248664855957031
0.180359393358230591
0.178977772593498230
0.179895758628845215
0.180527850985527039
0.180262178182601929
0.178980231285095215
0.182993277907371521
0.176810815930366516
0.179770290851593018
0.179081976413726807
0.178319230675697327
0.177992120385169983
0.179137662053108215
0.178392559289932251
0.178072154521942139
0.177736297249794006
0.178364053368568420
0.179922282695770264
0.179989501833915710
0.180312365293502808
-0.003421324305236340
-0.005971877835690975
-0.005894341971725225
-0.005961996037513018
-0.005901311524212360
-0.005866900552064180
-0.006010343786329031
-0.005994163453578949
-0.005542247090488672
-0.005692397709935904
-0.006048978306353092
-0.006087703630328178
-0.005872027017176151
-0.001730969524942338
-0.005184161476790905
-0.005434356629848480
-0.005425306968390942
-0.005473568104207516
-0.005319616291671991
-0.005251782946288586
-0.004995782859623432
-0.005314514972269535
-0.005271399393677711
-0.005304364021867514
-0.005568119697272778
-0.005369082558900118
-0.002491987776011229
-0.005002092570066452
-0.005151417572051287
-0.004958763718605042
-0.005202375352382660
-0.005402842070907354
-0.005437201354652643
-0.005038687493652105
-0.005053219851106405
-0.005113874096423388
-0.005067682825028896
-0.005132701247930527
-0.005057530477643013
-0.002506533171981573
-0.004751348868012428
-0.005108295474201441
-0.004921137355268002
-0.005262019578367472
-0.004322801250964403
-0.004545646719634533
-0.004999643191695213
-0.005157935433089733
-0.005031144712120295
-0.005208269227296114
-0.005330516025424004
-0.005682557821273804
-0.002030281582847238
-0.004929891321808100
-0.005012925248593092
-0.005121723283082247
-0.005143617745488882
-0.005172163248062134
-0.005160999018698931
-0.005184223409742117
-0.005111053586006165
-0.005117651075124741
-0.005173079203814268
-0.005183637607842684
-0.005614967085421085
-0.001383739989250898
-0.005013226531445980
-0.005149297416210175
-0.005059045273810625
-0.005008893087506294
-0.005166290793567896
-0.005364418495446444
-0.005383560433983803
-0.004759284667670727
-0.004772240296006203
-0.005037473514676094
-0.005270380061119795
-0.005576348397880793
-0.001854859990999103
-0.005419902503490448
-0.005692805629223585
-0.005535854026675224
-0.005046042613685131
-0.005726565606892109
-0.005599477794021368
-0.005736247170716524
-0.005350700579583645
-0.005707568023353815
-0.005563159007579088
-0.005452434066683054
-0.005939476191997528
-0.016471784561872482
-0.016418987885117531
-0.016422655433416367
-0.016421837732195854
-0.016436848789453506
-0.016444044187664986
-0.016419967636466026
-0.016424603760242462
-0.016431672498583794
-0.016422925516963005
-0.016413049772381783
-0.016420563682913780
-0.016385126858949661
-0.016409205272793770
-0.016273297369480133
-0.016269326210021973
-0.016258008778095245
-0.016242150217294693
-0.016245156526565552
-0.016229495406150818
-0.016254037618637085
-0.016276793554425240
-0.016268013045191765
-0.016250139102339745
-0.016260635107755661
-0.016249362379312515
-0.016419855877757072
-0.016293933615088463
-0.016285523772239685
-0.016294831410050392
-0.016304194927215576
-0.016300648450851440
-0.016273640096187592
-0.016304049640893936
-0.016282556578516960
-0.016278499737381935
-0.016302818432450294
-0.016299854964017868
-0.016264410689473152
-0.016406737267971039
-0.016304435208439827
-0.016300445422530174
-0.016299923881888390
-0.016288654878735542
-0.016310272738337517
-0.016298573464155197
-0.016289338469505310
-0.016295354813337326
-0.016305986791849136
-0.016285777091979980
-0.016289919614791870
-0.016210939735174179
-0.016421768814325333
-0.016308506950736046
-0.016271829605102539
-0.016297738999128342
-0.016290156170725822
-0.016317270696163177
-0.016310090199112892
-0.016295028850436211
-0.016285894438624382
-0.016298361122608185
-0.016281275078654289
-0.016275724396109581
-0.016207857057452202
-0.016445932909846306
-0.016293486580252647
-0.016295377165079117
-0.016295844689011574
-0.016267504543066025
-0.016272548586130142
-0.016283614560961723
-0.016311397776007652
-0.016308344900608063
-0.016295321285724640
-0.016297258436679840
-0.016309216618537903
-0.016216093674302101
-0.016450889408588409
-0.016284732148051262
-0.016292540356516838
-0.016309963539242744
-0.016332311555743217
-0.016291733831167221
-0.016311291605234146
-0.016312090680003166
-0.016321197152137756
-0.016304582357406616
-0.016279090195894241
-0.016280839219689369
-0.016251904889941216
-0.000616714765783399
-0.000616246834397316
-0.000616246543359011
-0.000616257602814585
-0.000616254692431539
-0.000616256904322654
-0.000616267148870975
-0.000616262259427458
-0.000616243691183627
-0.000616244855336845
-0.000616238568909466
-0.000616260687820613
-0.000616234145127237
-0.000617103709373623
-0.000616734556388110
-0.000616707256995142
-0.000616719771642238
-0.000616735953371972
-0.000616758887190372
-0.000616759120021015
-0.000616753241047263
-0.000616728677414358
-0.000616689911112189
-0.000616710342001170
-0.000616730074398220
-0.000616704870481044
-0.000617108831647784
-0.000616751494817436
-0.000616710050962865
-0.000616688164882362
-0.000616702076513320
-0.000616749050095677
-0.000616753357462585
-0.000616753241047263
-0.000616737874224782
-0.000616720994003117
-0.000616718665696681
-0.000616710982285440
-0.000616719829849899
-0.000617111858446151
-0.000616748700849712
-0.000616735487710685
-0.000616696081124246
-0.000616723264101893
-0.000616732868365943
-0.000616746838204563
-0.000616720702964813
-0.000616720470134169
-0.000616711447946727
-0.000616708013694733
-0.000616719189565629
-0.000616727746091783
-0.000617111509200186
-0.000616750854533166
-0.000616771634668112
-0.000616728793829679
-0.000616715988144279
-0.000616702949628234
-0.000616711738985032
-0.000616705918218940
-0.000616736302617937
-0.000616722856648266
-0.000616704463027418
-0.000616715464275330
-0.000616732169874012
-0.000617113313637674
-0.000616755103692412
-0.000616750621702522
-0.000616721226833761
-0.000616730190813541
-0.000616737001109868
-0.000616700795944780
-0.000616690376773477
-0.000616723264101893
-0.000616740726400167
-0.000616704637650400
-0.000616699689999223
-0.000616734381765127
-0.000617114827036858
-0.000616754929069430
-0.000616745848674327
-0.000616711215116084
-0.000616716803051531
-0.000616731937043369
-0.000616704870481044
-0.000616702134720981
-0.000616719771642238
-0.000616742821875960
-0.000616737233940512
-0.000616736942902207
-0.000616732868365943
-0.000452394771855325
-0.000478559843031690
-0.000474028085591272
-0.000473693100502715
-0.000474019965622574
-0.000476708490168676
-0.000474745203973725
-0.000476847868412733
-0.000475386012112722
-0.000474711530841887
-0.000477470865007490
-0.000463736825622618
-0.000475526874652132
-0.000388108252082020
-0.000391950190532953
-0.000386618630727753
-0.000386322208214551
-0.000383073929697275
-0.000385387334972620
-0.000385261984774843
-0.000384631683118641
-0.000385517399990931
-0.000384582905098796
-0.000386280735256150
-0.000365873303962871
-0.000400410703150555
-0.000389055116102099
-0.000387483305530623
-0.000388601969461888
-0.000386941188480705
-0.000382647325750440
-0.000382154772523791
-0.000382690166588873
-0.000383289647288620
-0.000384193117497489
-0.000383362988941371
-0.000385936145903543
-0.000364516716217622
-0.000408250867621973
-0.000388939457479864
-0.000389572232961655
-0.000383933365810663
-0.000385676510632038
-0.000382583093596622
-0.000381347374059260
-0.000385889958124608
-0.000384263898013160
-0.000382653612177819
-0.000383268168661743
-0.000387637381209061
-0.000365139363566414
-0.000400965393055230
-0.000388416519854218
-0.000389976601582021
-0.000385836232453585
-0.000384375307476148
-0.000382999889552593
-0.000382718746550381
-0.000384958140784875
-0.000384764251066372
-0.000383688020519912
-0.000382763275410980
-0.000386182946385816
-0.000364726525731385
-0.000403498037485406
-0.000390806002542377
-0.000390931381843984
-0.000386711239116266
-0.000385706778615713
-0.000384556682547554
-0.000385672814445570
-0.000382126629119739
-0.000387125444831327
-0.000385150109650567
-0.000385084975278005
-0.000386277242796496
-0.000363448256393895
-0.000398006464820355
-0.000389992434065789
-0.000393061229260638
-0.000387212698115036
-0.000385435094358400
-0.000387823907658458
-0.000386614876333624
-0.000382233934942633
-0.000388677668524906
-0.000383988022804260
-0.000389079708838835
-0.000390036497265100
-0.000372085865819827
-0.000392969377571717
-0.006526628509163857
-0.006517730187624693
-0.006511546205729246
-0.006511111278086901
-0.006511567626148462
-0.006515201181173325
-0.006512571591883898
-0.006515368819236755
-0.006513398606330156
-0.006512482184916735
-0.006516180466860533
-0.006497682072222233
-0.006513522006571293
-0.006533198989927769
-0.006513625383377075
-0.006506435573101044
-0.006505997851490974
-0.006501634139567614
-0.006504747550934553
-0.006504610646516085
-0.006503743585199118
-0.006504897493869066
-0.006503680720925331
-0.006505935452878475
-0.006478514522314072
-0.006524952128529549
-0.006534541491419077
-0.006507599260658026
-0.006509107071906328
-0.006506854202598333
-0.006501079536974430
-0.006500497460365295
-0.006501222029328346
-0.006501957774162292
-0.006503168959170580
-0.006502041127532721
-0.006505504250526428
-0.006476678885519505
-0.006535673514008522
-0.006534312386065722
-0.006510416045784950
-0.006502939853817225
-0.006505136378109455
-0.006500958465039730
-0.006499282550066710
-0.006505466531962156
-0.006503276526927948
-0.006501125637441874
-0.006501920521259308
-0.006507792975753546
-0.006477492395788431
-0.006525764241814613
-0.006533673964440823
-0.006510847248136997
-0.006505448836833239
-0.006503403186798096
-0.006501555442810059
-0.006501182913780212
-0.006504192017018795
-0.006503907497972250
-0.006502489093691111
-0.006501232739537954
-0.006505832076072693
-0.006476962007582188
-0.006529266480356455
-0.006536891683936119
-0.006512203719466925
-0.006506582256406546
-0.006505196914076805
-0.006503656972199678
-0.006505172699689865
-0.006500378251075745
-0.006507103797048330
-0.006504450459033251
-0.006504415534436703
-0.006505970377475023
-0.006475206464529037
-0.006521806586533785
-0.006535779219120741
-0.006515077780932188
-0.006507208570837975
-0.006504816468805075
-0.006508023012429476
-0.006506404839456081
-0.006500518880784512
-0.006509189493954182
-0.006502850446850061
-0.006509760860353708
-0.006510991137474775
-0.006486846599727869
-0.006514975335448980
0.174026101827621460
0.239380478858947754
0.248793214559555054
0.255448222160339355
0.256805658340454102
0.258287787437438965
0.252338796854019165
0.245496258139610291
0.248863726854324341
0.261515706777572632
0.257691532373428345
0.254761606454849243
0.215227514505386353
0.136422917246818542
0.213292270898818970
0.226962238550186157
0.227006986737251282
0.227569997310638428
0.222557231783866882
0.215622097253799438
0.208363085985183716
0.220668822526931763
0.222700461745262146
0.219859629869461060
0.223222970962524414
0.186051458120346069
0.145102858543395996
0.211538314819335938
0.218118488788604736
0.209895908832550049
0.222795158624649048
0.231188431382179260
0.231095284223556519
0.220325976610183716
0.211768448352813721
0.217122510075569153
0.215590149164199829
0.218027487397193909
0.181359469890594482
0.140400618314743042
0.199308529496192932
0.214809343218803406
0.207907155156135559
0.224164411425590515
0.203832060098648071
0.204817503690719604
0.209846362471580505
0.217467188835144043
0.214277714490890503
0.222619324922561646
0.217955574393272400
0.181934475898742676
0.144829988479614258
0.212360382080078125
0.209862276911735535
0.216275691986083984
0.216310560703277588
0.222501263022422791
0.220891490578651428
0.218796789646148682
0.218125820159912109
0.218394339084625244
0.220513701438903809
0.215098083019256592
0.190267115831375122
0.142496913671493530
0.216532543301582336
0.216830432415008545
0.215744346380233765
0.209984198212623596
0.218981936573982239
0.227212518453598022
0.228422760963439941
0.216269984841346741
0.215854048728942871
0.213445857167243958
0.218616783618927002
0.201122894883155823
0.148397371172904968
0.224958285689353943
0.225560352206230164
0.227429196238517761
0.209346801042556763
0.226490646600723267
0.221269130706787109
0.227208763360977173
0.235755980014801025
0.232442811131477356
0.223759979009628296
0.222138032317161560
0.209190934896469116
1.250994682312011719
1.250994682312011719
1.250994682312011719
1.250994682312011719
1.250994682312011719
1.250994682312011719
1.250994682312011719
1.250994682312011719
1.250994682312011719
1.250994682312011719
1.250994682312011719
1.250994682312011719
1.250994682312011719
1.250994682312011719
1.250994682312011719
1.250994682312011719
1.250994682312011719
1.250994682312011719
1.250994682312011719
1.250994682312011719
1.250994682312011719
1.250994682312011719
1.250994682312011719
1.250994682312011719
1.250994682312011719
1.250994682312011719
1.250994682312011719
1.250994682312011719
1.250994682312011719
1.250994682312011719
1.250994682312011719
1.250994682312011719
1.250994682312011719
1.250994682312011719
1.250994682312011719
1.250994682312011719
1.250994682312011719
1.250994682312011719
1.250994682312011719
1.250994682312011719
1.250994682312011719
1.250994682312011719
1.250994682312011719
1.250994682312011719
1.250994682312011719
1.250994682312011719
1.250994682312011719
1.250994682312011719
1.250994682312011719
1.250994682312011719
1.250994682312011719
1.250994682312011719
1.250994682312011719
1.250994682312011719
1.250994682312011719
1.250994682312011719
1.250994682312011719
1.250994682312011719
1.250994682312011719
1.250994682312011719
1.250994682312011719
1.250994682312011719
1.250994682312011719
1.250994682312011719
1.250994682312011719
1.250994682312011719
1.250994682312011719
1.250994682312011719
1.250994682312011719
1.250994682312011719
1.250994682312011719
1.250994682312011719
1.250994682312011719
1.250994682312011719
1.250994682312011719
1.250994682312011719
1.250994682312011719
1.250994682312011719
1.250994682312011719
1.250994682312011719
1.250994682312011719
1.250994682312011719
1.250994682312011719
1.250994682312011719
1.250994682312011719
1.250994682312011719
1.250994682312011719
1.250994682312011719
1.250994682312011719
1.250994682312011719
1.250994682312011719
-0.000367253931472078
-0.000458923517726362
-0.000458707945654169
-0.000458609865745530
-0.000458620925201103
-0.000458640657598153
-0.000458694936241955
-0.000458679947769269
-0.000458615977549925
-0.000458570342743769
-0.000458622933365405
-0.000458698981674388
-0.000458934751804918
-0.000415547547163442
-0.000544312992133200
-0.000538361084181815
-0.000538346008397639
-0.000538322725333273
-0.000538352702278644
-0.000538503110874444
-0.000538517429959029
-0.000538377847988158
-0.000538298801984638
-0.000538366672117263
-0.000538419291842729
-0.000538947293534875
-0.000410405453294516
-0.000541207322385162
-0.000538431631866843
-0.000538522843271494
-0.000538466207217425
-0.000538411433808506
-0.000538468826562166
-0.000538561551366001
-0.000538520573172718
-0.000538473133929074
-0.000538485299330205
-0.000538549094926566
-0.000539012660738081
-0.000418462586821988
-0.000546982744708657
-0.000538359221536666
-0.000538378371857107
-0.000538583262823522
-0.000538606545887887
-0.000538989610504359
-0.000538560678251088
-0.000538513762876391
-0.000538433378096670
-0.000538396765477955
-0.000538499327376485
-0.000540212553460151
-0.000419080926803872
-0.000550937082152814
-0.000538595020771027
-0.000538447522558272
-0.000538453808985651
-0.000538490421604365
-0.000538500258699059
-0.000538533262442797
-0.000538594671525061
-0.000538528664037585
-0.000538486521691084
-0.000538547930773348
-0.000544056703802198
-0.000423023768234998
-0.000553119753021747
-0.000538498396053910
-0.000538560096174479
-0.000538604566827416
-0.000538471795152873
-0.000538411375600845
-0.000538402004167438
-0.000538487860467285
-0.000538512831553817
-0.000538455147761852
-0.000538483262062073
-0.000542928697541356
-0.000425480742705986
-0.000559095235075802
-0.000538611260708421
-0.000538637104909867
-0.000540294626262039
-0.000539903179742396
-0.000538488966412842
-0.000538442225661129
-0.000538624473847449
-0.000538626685738564
-0.000539208238478750
-0.000540620239917189
-0.000541763613000512
0.710123777389526367
1.036958575248718262
0.991581857204437256
0.987428963184356689
0.954476058483123779
0.934513807296752930
1.007061243057250977
1.018619060516357422
0.921168088912963867
0.922877192497253418
1.008534669876098633
1.006440877914428711
1.160200238227844238
0.588111042976379395
1.144280552864074707
1.153956294059753418
1.167193651199340820
1.194467306137084961
1.178463459014892578
1.206247568130493164
1.150387048721313477
1.140836834907531738
1.138868689537048340
1.176865339279174805
1.205576181411743164
1.318817615509033203
0.673791706562042236
1.082651019096374512
1.102612733840942383
1.078853845596313477
1.072843074798583984
1.089165925979614258
1.131196141242980957
1.052110910415649414
1.105372905731201172
1.106779456138610840
1.072055697441101074
1.095940828323364258
1.271227836608886719
0.706262290477752686
1.059506416320800781
1.083329916000366211
1.070667147636413574
1.100392580032348633
0.965563654899597168
1.016806006431579590
1.092735290527343750
1.091286897659301758
1.063985943794250488
1.099468946456909180
1.137986183166503906
1.467813849449157715
0.593952119350433350
1.049709320068359375
1.118351817131042480
1.085455417633056641
1.098917722702026367
1.050961017608642578
1.063315749168395996
1.092545270919799805
1.094058036804199219
1.078032493591308594
1.104814767837524414
1.140242934226989746
1.420163393020629883
0.458612233400344849
1.072655081748962402
1.092309713363647461
1.078793644905090332
1.122842550277709961
1.119521379470825195
1.116035223007202148
1.079181551933288574
1.010052323341369629
1.030783653259277344
1.079783558845520020
1.101128935813903809
1.354653120040893555
0.534601688385009766
1.155197501182556152
1.189066886901855469
1.133416771888732910
1.070474505424499512
1.190831065177917480
1.156298518180847168
1.164632797241210938
1.064821481704711914
1.156123876571655273
1.188691258430480957
1.168144464492797852
1.364113211631774902
0.801154732704162598
0.270351588726043701
0.245771855115890503
0.219932645559310913
0.199771344661712646
0.186791032552719116
0.227377444505691528
0.245283156633377075
0.295381605625152588
0.247315168380737305
0.218584746122360229
0.185985654592514038
0.518154025077819824
1.260108590126037598
0.690462291240692139
0.612122416496276855
0.633957505226135254
0.653634369373321533
0.689987123012542725
0.751039683818817139
0.771158337593078613
0.634991765022277832
0.651937663555145264
0.692294776439666748
0.643074452877044678
0.894624590873718262
1.058902740478515625
0.661840498447418213
0.634854912757873535
0.670062780380249023
0.574312210083007812
0.522499084472656250
0.569153964519500732
0.609590411186218262
0.669444262981414795
0.652991950511932373
0.621421813964843750
0.665866732597351074
0.974169135093688965
1.093966603279113770
0.719838440418243408
0.618885934352874756
0.668487966060638428
0.590684652328491211
0.767094016075134277
0.747860372066497803
0.671987652778625488
0.612545013427734375
0.621533870697021484
0.609745860099792480
0.633639693260192871
1.039040327072143555
1.139676332473754883
0.645715534687042236
0.705565869808197021
0.617935061454772949
0.627917885780334473
0.552683591842651367
0.574119806289672852
0.604130446910858154
0.637459933757781982
0.611383438110351562
0.629857242107391357
0.697952210903167725
0.974305868148803711
1.215328335762023926
0.649632394313812256
0.618949651718139648
0.633982181549072266
0.712617754936218262
0.652661561965942383
0.573235392570495605
0.511659264564514160
0.663684606552124023
0.687958419322967529
0.642661213874816895
0.607886493206024170
0.874381065368652344
1.166789293289184570
0.654176533222198486
0.585952401161193848
0.569825291633605957
0.665987551212310791
0.570228874683380127
0.565037310123443604
0.525850713253021240
0.559117019176483154
0.536861240863800049
0.635338366031646729
0.647306859493255615
0.778229236602783203
0.047566942870616913
0.051064997911453247
0.050935871899127960
0.050962850451469421
0.051000058650970459
0.051045797765254974
0.050934441387653351
0.051008634269237518
0.050992041826248169
0.050976969301700592
0.051042430102825165
0.050619430840015411
0.051062680780887604
0.049703732132911682
0.054429650306701660
0.054075516760349274
0.054102160036563873
0.054014153778553009
0.054091751575469971
0.054089330136775970
0.054055891931056976
0.054081156849861145
0.054055854678153992
0.054093100130558014
0.053486838936805725
0.054676815867424011
0.049515195190906525
0.054153285920619965
0.054148882627487183
0.054119542241096497
0.053975611925125122
0.053981393575668335
0.054014965891838074
0.054034091532230377
0.054050959646701813
0.054024368524551392
0.054100438952445984
0.053470991551876068
0.054924860596656799
0.049843840301036835
0.054449290037155151
0.054020933806896210
0.054139383137226105
0.054011031985282898
0.053967840969562531
0.054123558104038239
0.054052524268627167
0.053999304771423340
0.054026380181312561
0.054155372083187103
0.053474806249141693
0.054724380373954773
0.049862869083881378
0.054637379944324493
0.054060496389865875
0.054050922393798828
0.054021604359149933
0.054015912115573883
0.054075926542282104
0.054067313671112061
0.054030336439609528
0.054009191691875458
0.054113015532493591
0.053462825715541840
0.054954625666141510
0.050087668001651764
0.054744079709053040
0.054082930088043213
0.054100774228572845
0.054059341549873352
0.054100029170513153
0.053995855152606964
0.054130420088768005
0.054056771099567413
0.054066888988018036
0.054103747010231018
0.053421549499034882
0.054734706878662109
0.050183512270450592
0.055037803947925568
0.054083824157714844
0.054103329777717590
0.054232634603977203
0.054127015173435211
0.053965754806995392
0.054232947528362274
0.054078541696071625
0.054163858294487000
0.054215781390666962
0.053737610578536987
0.054483883082866669
-0.005088076926767826
-0.005135239101946354
-0.005135138053447008
-0.005135114304721355
-0.005135137122124434
-0.005135124083608389
-0.005135116633027792
-0.005135115701705217
-0.005135104060173035
-0.005135084968060255
-0.005135099403560162
-0.005135128274559975
-0.005135302431881428
-0.005112766288220882
-0.005178930237889290
-0.005175903905183077
-0.005175918806344271
-0.005175912752747536
-0.005175931379199028
-0.005176005885004997
-0.005176003556698561
-0.005175935570150614
-0.005175901576876640
-0.005175924859941006
-0.005175954662263393
-0.005176309961825609
-0.005110119469463825
-0.005177323240786791
-0.005175947211682796
-0.005176006350666285
-0.005175968166440725
-0.005175952799618244
-0.005175991915166378
-0.005176037549972534
-0.005176011938601732
-0.005175988655537367
-0.005175993777811527
-0.005176035221666098
-0.005176349543035030
-0.005114261992275715
-0.005180290434509516
-0.005175919272005558
-0.005175973288714886
-0.005176048260182142
-0.005176054779440165
-0.005176253616809845
-0.005176031496375799
-0.005176005885004997
-0.005175972357392311
-0.005175953265279531
-0.005175999831408262
-0.005176945589482784
-0.005114586092531681
-0.005182330962270498
-0.005176020786166191
-0.005175973288714886
-0.005175984464585781
-0.005176004488021135
-0.005176004022359848
-0.005176018923521042
-0.005176044069230556
-0.005176017060875893
-0.005175997968763113
-0.005176024977117777
-0.005178920459002256
-0.005116607528179884
-0.005183445755392313
-0.005175971891731024
-0.005176034290343523
-0.005176051054149866
-0.005175990983843803
-0.005175964906811714
-0.005175950936973095
-0.005175981204956770
-0.005176001228392124
-0.005175974685698748
-0.005175991915166378
-0.005178334191441536
-0.005117882974445820
-0.005186508409678936
-0.005176017992198467
-0.005176079925149679
-0.005176924169063568
-0.005176687613129616
-0.005175980739295483
-0.005176005885004997
-0.005176085047423840
-0.005176040809601545
-0.005176339764147997
-0.005177068524062634
-0.005177701823413372
0.699755728244781494
0.700583517551422119
0.700583636760711670
0.700590133666992188
0.700588345527648926
0.700589358806610107
0.700595796108245850
0.700592696666717529
0.700581789016723633
0.700582444667816162
0.700578570365905762
0.700591981410980225
0.700575888156890869
0.699442267417907715
0.700377881526947021
0.700361311435699463
0.700368463993072510
0.700378060340881348
0.700392663478851318
0.700392663478851318
0.700388967990875244
0.700374960899353027
0.700351238250732422
0.700363099575042725
0.700374007225036621
0.700358629226684570
0.699445009231567383
0.700388312339782715
0.700363337993621826
0.700349211692810059
0.700356900691986084
0.700385332107543945
0.700388550758361816
0.700387954711914062
0.700378894805908203
0.700369238853454590
0.700367331504821777
0.700361788272857666
0.700366854667663574
0.699446916580200195
0.700386106967926025
0.700378000736236572
0.700353801250457764
0.700370907783508301
0.700375854969024658
0.700384378433227539
0.700368702411651611
0.700368762016296387
0.700363695621490479
0.700361490249633789
0.700366973876953125
0.700370550155639648
0.699446260929107666
0.700388252735137939
0.700399458408355713
0.700373589992523193
0.700366139411926270
0.700358569622039795
0.700363993644714355
0.700359821319580078
0.700378656387329102
0.700371146202087402
0.700359582901000977
0.700364828109741211
0.700374066829681396
0.699447810649871826
0.700390398502349854
0.700386941432952881
0.700369119644165039
0.700374782085418701
0.700379252433776855
0.700357377529144287
0.700350165367126465
0.700370609760284424
0.700380921363830566
0.700360357761383057
0.700355589389801025
0.700377106666564941
0.699449300765991211
0.700390756130218506
0.700385093688964844
0.700363695621490479
0.700367271900177002
0.700376868247985840
0.700360476970672607
0.700358450412750244
0.700368762016296387
0.700382769107818604
0.700379669666290283
0.700378358364105225
0.700375497341156006
0.038025513291358948
0.038349837064743042
0.037007104605436325
0.036905594170093536
0.037053965032100677
0.037863463163375854
0.037219066172838211
0.037843637168407440
0.037421066313982010
0.037187121808528900
0.037972427904605865
0.034006871283054352
0.037303075194358826
0.041051685810089111
0.039989881217479706
0.038227006793022156
0.038092929869890213
0.037093430757522583
0.037778198719024658
0.037701353430747986
0.037593964487314224
0.037923835217952728
0.037623930722475052
0.038053516298532486
0.032154098153114319
0.042177237570285797
0.041249811649322510
0.038658615201711655
0.038865327835083008
0.038414582610130310
0.037197373807430267
0.037060815840959549
0.037123680114746094
0.037385217845439911
0.037576418370008469
0.037314016371965408
0.038149241358041763
0.031883850693702698
0.044531665742397308
0.041416384279727936
0.039489381015300751
0.037583395838737488
0.038058046251535416
0.037122845649719238
0.036811940371990204
0.038130998611450195
0.037625160068273544
0.037180207669734955
0.037384197115898132
0.038582656532526016
0.032036878168582916
0.042237929999828339
0.041326276957988739
0.039721943438053131
0.038034059107303619
0.037677280604839325
0.037254363298416138
0.037266761064529419
0.037893705070018768
0.037782482802867889
0.037441618740558624
0.037211932241916656
0.038143843412399292
0.031868167221546173
0.043117374181747437
0.042206764221191406
0.040030300617218018
0.038356196135282516
0.038059141486883163
0.037630412727594376
0.037971056997776031
0.036972969770431519
0.038528561592102051
0.037926062941551208
0.037874728441238403
0.038230679929256439
0.031606890261173248
0.041507489979267120
0.042060308158397675
0.040796212852001190
0.038474034518003464
0.038015902042388916
0.038837052881717682
0.038345396518707275
0.037094466388225555
0.038974080234766006
0.037615090608596802
0.039070576429367065
0.039263583719730377
0.034085638821125031
0.040103234350681305
0.380275487899780273
0.805848240852355957
0.691216647624969482
0.646516680717468262
0.626057803630828857
0.613518357276916504
0.689715921878814697
0.748004674911499023
0.538943946361541748
0.473217546939849854
0.645625412464141846
0.734186708927154541
0.723072707653045654
0.040478527545928955
0.632651865482330322
0.604262530803680420
0.583890259265899658
0.572861909866333008
0.558872818946838379
0.572865545749664307
0.565560936927795410
0.626550853252410889
0.576360821723937988
0.583840548992156982
0.605203866958618164
0.691988348960876465
0.359023571014404297
0.655988693237304688
0.639496862888336182
0.656238257884979248
0.645810186862945557
0.645568370819091797
0.617661237716674805
0.599464178085327148
0.662748277187347412
0.626493215560913086
0.656214714050292969
0.509078383445739746
0.542134761810302734
0.392408877611160278
0.684593021869659424
0.681422948837280273
0.673503756523132324
0.631478071212768555
0.459316432476043701
0.533209025859832764
0.667026996612548828
0.667403340339660645
0.663908243179321289
0.623601377010345459
0.619234263896942139
0.557187318801879883
0.155151188373565674
0.638427853584289551
0.642597258090972900
0.667909324169158936
0.664900898933410645
0.661340415477752686
0.660538196563720703
0.668724000453948975
0.625649571418762207
0.645033597946166992
0.621569573879241943
0.552401363849639893
0.575040578842163086
-0.000700543518178165
0.608615696430206299
0.667813241481781006
0.643794357776641846
0.633906245231628418
0.618236660957336426
0.639349699020385742
0.688319206237792969
0.520903706550598145
0.509058415889739990
0.657099485397338867
0.609441101551055908
0.593931257724761963
-0.000473076099297032
0.510178565979003906
0.637147426605224609
0.584964454174041748
0.579189002513885498
0.660205006599426270
0.691562831401824951
0.692682147026062012
0.434273600578308105
0.605743348598480225
0.587871551513671875
0.559916853904724121
0.596995234489440918
0.550165355205535889
0.416527569293975830
0.802153408527374268
0.969158291816711426
1.089848756790161133
1.171714663505554199
0.825069844722747803
0.621472179889678955
1.118911743164062500
1.395536899566650391
0.953967034816741943
0.837106406688690186
-0.002111982554197311
0.551845729351043701
-0.000940551166422665
0.150104761123657227
0.140637129545211792
0.100011855363845825
0.064301967620849609
-0.001324296579696238
-0.001160374260507524
0.053831100463867188
0.144270271062850952
-0.000033509135391796
-0.000198039400856942
-0.010477934032678604
0.183159887790679932
0.006836831569671631
0.087678611278533936
-0.000096169707830995
0.237000316381454468
0.341036140918731689
0.267571061849594116
0.289550334215164185
-0.000442124000983313
0.079871654510498047
0.103397369384765625
0.246963441371917725
-0.008797108195722103
-0.000073300601798110
-0.001770125003531575
0.040438830852508545
-0.000388071523047984
0.209495812654495239
0.356204032897949219
0.173953115940093994
-0.000512861588504165
0.082068890333175659
0.095830470323562622
0.188657432794570923
0.038793921470642090
-0.013528884388506413
0.568357646465301514
0.111752718687057495
-0.000897885533049703
0.073466330766677856
0.046899855136871338
0.268803298473358154
0.210752218961715698
0.098552256822586060
0.127002388238906860
0.151186168193817139
0.143922567367553711
0.051464438438415527
-0.011117131449282169
1.068609237670898438
0.156215846538543701
0.063556551933288574
0.102974444627761841
-0.000875166617333889
0.086788296699523926
0.217132359743118286
0.271198928356170654
0.396126240491867065
0.351891458034515381
0.047821521759033203
0.148027867078781128
-0.007778824307024479
0.958219766616821289
0.186528235673904419
0.000930547714233398
0.219021290540695190
0.064080476760864258
-0.000085972547822166
-0.000411187997087836
0.032664597034454346
0.672825217247009277
0.225327402353286743
0.018426299095153809
0.085604548454284668
-0.006707473658025265
0.575874090194702148
0.576102852821350098
0.575458645820617676
0.575047612190246582
0.574715375900268555
0.574732065200805664
0.575520157814025879
0.575752735137939453
0.574924945831298828
0.574507415294647217
0.575221598148345947
0.575410187244415283
0.576619207859039307
0.576506495475769043
0.577922344207763672
0.577315092086791992
0.577233076095581055
0.577300965785980225
0.577359020709991455
0.577729642391204834
0.577701091766357422
0.577304840087890625
0.577155411243438721
0.577509582042694092
0.577343761920928955
0.578358054161071777
0.576989114284515381
0.577820658683776855
0.577382802963256836
0.577430188655853271
0.577050447463989258
0.576832532882690430
0.576974034309387207
0.576895594596862793
0.577486991882324219
0.577293097972869873
0.577189803123474121
0.576760768890380859
0.578043043613433838
0.577302336692810059
0.578101992607116699
0.577357292175292969
0.577211558818817139
0.577021002769470215
0.576880037784576416
0.577176749706268311
0.577476084232330322
0.577245712280273438
0.577153205871582031
0.577076315879821777
0.577161312103271484
0.578827440738677979
0.576422870159149170
0.577584445476531982
0.577796697616577148
0.577253699302673340
0.577255845069885254
0.576820313930511475
0.576975166797637939
0.577199101448059082
0.577246010303497314
0.577115893363952637
0.577163875102996826
0.577207744121551514
0.578615427017211914
0.575726330280303955
0.577614247798919678
0.577457368373870850
0.577203810214996338
0.577625572681427002
0.577290117740631104
0.576976537704467773
0.576872289180755615
0.576860308647155762
0.576939046382904053
0.577310502529144287
0.576923608779907227
0.578211843967437744
0.575639367103576660
0.577490508556365967
0.577438592910766602
0.576765120029449463
0.577023327350616455
0.577419042587280273
0.577271699905395508
0.576860070228576660
0.576004683971405029
0.576985716819763184
0.577394068241119385
0.577234566211700439
0.577979564666748047
0.322474658489227295
0.321421742439270020
0.321734309196472168
0.322487860918045044
0.322955369949340820
0.322269707918167114
0.321325361728668213
0.321531027555465698
0.322014093399047852
0.322147816419601440
0.321820259094238281
0.321723341941833496
0.322980523109436035
0.321790665388107300
0.319772243499755859
0.320775747299194336
0.321465164422988892
0.321703881025314331
0.321827918291091919
0.321747303009033203
0.321441262960433960
0.321512937545776367
0.321580350399017334
0.321300864219665527
0.321507990360260010
0.323580354452133179
0.321834385395050049
0.319595813751220703
0.320973485708236694
0.321268320083618164
0.321069896221160889
0.321530193090438843
0.321823656558990479
0.321744471788406372
0.321603655815124512
0.321597039699554443
0.321530818939208984
0.321780622005462646
0.323589146137237549
0.321810394525527954
0.319436252117156982
0.321285218000411987
0.322460711002349854
0.321707516908645630
0.321514368057250977
0.321577876806259155
0.321536302566528320
0.321489483118057251
0.321694374084472656
0.321658313274383545
0.321609795093536377
0.323068648576736450
0.321878910064697266
0.319656699895858765
0.320825576782226562
0.321542173624038696
0.321759968996047974
0.321749448776245117
0.321608245372772217
0.321546852588653564
0.321438163518905640
0.321603894233703613
0.321623593568801880
0.321562081575393677
0.322999149560928345
0.321569442749023438
0.319408684968948364
0.320797234773635864
0.321612536907196045
0.321485668420791626
0.321710497140884399
0.321796655654907227
0.321464508771896362
0.321125239133834839
0.321339517831802368
0.321417331695556641
0.321552395820617676
0.322966039180755615
0.321866959333419800
0.318958610296249390
0.320385903120040894
0.321658134460449219
0.321406513452529907
0.320530235767364502
0.321060001850128174
0.322400808334350586
0.321983426809310913
0.320779591798782349
0.320772111415863037
0.320923894643783569
0.321996062994003296
-0.004447494633495808
-0.004447574727237225
-0.004447484854608774
-0.004447470884770155
-0.004447475075721741
-0.004447536543011665
-0.004447489511221647
-0.004447545856237411
-0.004447509534657001
-0.004447496496140957
-0.004447562154382467
-0.004447242710739374
-0.004447523504495621
-0.004447432234883308
-0.004447276704013348
-0.004447160754352808
-0.004447158426046371
-0.004447080660611391
-0.004447130952030420
-0.004447119776159525
-0.004447110928595066
-0.004447141196578741
-0.004447110928595066
-0.004447154235094786
-0.004446669947355986
-0.004447497893124819
-0.004447439685463905
-0.004447176586836576
-0.004447209648787975
-0.004447170533239841
-0.004447067156434059
-0.004447039216756821
-0.004447053186595440
-0.004447079729288816
-0.004447104409337044
-0.004447086714208126
-0.004447145387530327
-0.004446640145033598
-0.004447649698704481
-0.004447451326996088
-0.004447226412594318
-0.004447082057595253
-0.004447143990546465
-0.004447067156434059
-0.004447044804692268
-0.004447138402611017
-0.004447103012353182
-0.004447061568498611
-0.004447083454579115
-0.004447184503078461
-0.004446660168468952
-0.004447494633495808
-0.004447427112609148
-0.004447254352271557
-0.004447126761078835
-0.004447109531611204
-0.004447073210030794
-0.004447069484740496
-0.004447121638804674
-0.004447119310498238
-0.004447089508175850
-0.004447070416063070
-0.004447153769433498
-0.004446645267307758
-0.004447540733963251
-0.004447485785931349
-0.004447268322110176
-0.004447164945304394
-0.004447143990546465
-0.004447113256901503
-0.004447137471288443
-0.004447056446224451
-0.004447173327207565
-0.004447126761078835
-0.004447115585207939
-0.004447152372449636
-0.004446620121598244
-0.004447420127689838
-0.004447466693818569
-0.004447315819561481
-0.004447184503078461
-0.004447137005627155
-0.004447189625352621
-0.004447164013981819
-0.004447063896805048
-0.004447215702384710
-0.004447102546691895
-0.004447212908416986
-0.004447248298674822
-0.004446827806532383
-0.004447315819561481
-0.017402384430170059
-0.003322623902931809
-0.008954407647252083
-0.010979724116623402
-0.012269645929336548
-0.013241676613688469
-0.008827286772429943
-0.005869710352271795
-0.015053513459861279
-0.018484622240066528
-0.010757843032479286
-0.008285617455840111
0.199355721473693848
-0.029901303350925446
-0.007630739826709032
-0.009755222126841545
-0.010233919136226177
-0.010194859467446804
-0.010440162383019924
-0.008874819613993168
-0.009356958791613579
-0.008685912005603313
-0.010642456822097301
-0.009346448816359043
-0.007397371344268322
0.429858446121215820
-0.019441377371549606
-0.008731849491596222
-0.009427675046026707
-0.008652448654174805
-0.010242982767522335
-0.010717040859162807
-0.010882041417062283
-0.011923660524189472
-0.008221119642257690
-0.009842277504503727
-0.009214199148118496
-0.011744017712771893
0.041387200355529785
-0.017357761040329933
-0.007067653350532055
-0.008195023983716965
-0.008133279159665108
-0.010313211008906364
-0.016686620190739632
-0.013423169963061810
-0.008093464188277721
-0.008755226619541645
-0.009111357852816582
-0.010470897890627384
-0.007972374558448792
0.702023506164550781
-0.027495153248310089
-0.009900732897222042
-0.008415581658482552
-0.008721099235117435
-0.008603571914136410
-0.010147640481591225
-0.009779716841876507
-0.008837822824716568
-0.010152996517717838
-0.009806547313928604
-0.010275223292410374
-0.009781895205378532
0.379918813705444336
-0.037078756839036942
-0.010839547961950302
-0.008584909141063690
-0.009595085866749287
-0.008668128401041031
-0.009968565776944160
-0.010077352635562420
-0.009267121553421021
-0.014857858419418335
-0.014835059642791748
-0.008887838572263718
-0.008897236548364162
0.003759145736694336
-0.033265370875597000
-0.010376718826591969
-0.005690107122063637
-0.008695201948285103
-0.008243785239756107
-0.005294766277074814
-0.004508344922214746
-0.004714112263172865
-0.015595259144902229
-0.008078715763986111
-0.007324996870011091
-0.008750806562602520
0.175183534622192383
-0.009456025436520576
-0.009278139099478722
-0.009286730550229549
-0.009285933338105679
-0.009296159259974957
-0.009300172328948975
-0.009281608276069164
-0.009283659048378468
-0.009317220188677311
-0.009307364001870155
-0.009278828278183937
-0.009269284084439278
-0.009311724454164505
-0.009514895267784595
-0.009247569367289543
-0.009233019314706326
-0.009230251424014568
-0.009222498163580894
-0.009232941083610058
-0.009230571798980236
-0.009254136122763157
-0.009241278283298016
-0.009242007508873940
-0.009234883822500706
-0.009233789518475533
-0.009270325303077698
-0.009455988183617592
-0.009254659526050091
-0.009245452471077442
-0.009257586672902107
-0.009248205460608006
-0.009236096404492855
-0.009226242080330849
-0.009259033948183060
-0.009247233159840107
-0.009244417771697044
-0.009255105629563332
-0.009277992881834507
-0.009312964975833893
-0.009448838420212269
-0.009270703420042992
-0.009250208735466003
-0.009260011836886406
-0.009240701794624329
-0.009305348619818687
-0.009285977110266685
-0.009252646937966347
-0.009246435947716236
-0.009256722405552864
-0.009242655709385872
-0.009253131225705147
-0.009286114946007729
-0.009490776807069778
-0.009264545515179634
-0.009247133508324623
-0.009249303489923477
-0.009245540015399456
-0.009253187105059624
-0.009251601062715054
-0.009244520217180252
-0.009247404523193836
-0.009250672534108162
-0.009242951869964600
-0.009260103106498718
-0.009266204200685024
-0.009543940424919128
-0.009256119839847088
-0.009247488342225552
-0.009252995252609253
-0.009246058762073517
-0.009240673854947090
-0.009232827462255955
-0.009238585829734802
-0.009279342368245125
-0.009274796582758427
-0.009254488162696362
-0.009264530614018440
-0.009248668327927589
-0.009540749713778496
-0.009263976477086544
-0.009247036650776863
-0.009262711741030216
-0.009298417717218399
-0.009240882471203804
-0.009252374060451984
-0.009246527217328548
-0.009283467195928097
-0.009250202216207981
-0.009249976836144924
-0.009255459532141685
-0.009262097068130970
0.618631362915039062
0.618734180927276611
0.619095683097839355
0.619227528572082520
0.619026839733123779
0.618977069854736328
0.619097113609313965
0.618771195411682129
0.619367837905883789
0.619782269001007080
0.619362771511077881
0.619129896163940430
0.618487715721130371
0.621570765972137451
0.622821211814880371
0.623003840446472168
0.623254954814910889
0.623549103736877441
0.623518764972686768
0.623713672161102295
0.623297035694122314
0.622795045375823975
0.623115062713623047
0.623343408107757568
0.622826635837554932
0.621755063533782959
0.620633602142333984
0.622640490531921387
0.622802913188934326
0.622602939605712891
0.622510015964508057
0.622588396072387695
0.623106658458709717
0.622647285461425781
0.622804284095764160
0.622985124588012695
0.622468948364257812
0.622394204139709473
0.621576011180877686
0.620774865150451660
0.622375011444091797
0.622448742389678955
0.622478723526000977
0.622795462608337402
0.622952699661254883
0.622922658920288086
0.622667610645294189
0.622578978538513184
0.622420907020568848
0.622871100902557373
0.622380375862121582
0.621688842773437500
0.621249973773956299
0.622494637966156006
0.623020052909851074
0.622533261775970459
0.622667312622070312
0.622263908386230469
0.622372090816497803
0.622593045234680176
0.622864365577697754
0.622599661350250244
0.622948884963989258
0.622778952121734619
0.622311174869537354
0.621555507183074951
0.622847735881805420
0.622560501098632812
0.622639417648315430
0.623121678829193115
0.623089790344238281
0.622866392135620117
0.622290611267089844
0.622800350189208984
0.623041987419128418
0.622559189796447754
0.622070968151092529
0.622730195522308350
0.620842337608337402
0.622555196285247803
0.621943175792694092
0.621854662895202637
0.621441245079040527
0.621976017951965332
0.621566474437713623
0.621529102325439453
0.622143626213073730
0.621903419494628906
0.622352123260498047
0.622470021247863770
0.621588766574859619
0.483658134937286377
0.483326762914657593
0.483327567577362061
0.483327984809875488
0.483327984809875488
0.483327955007553101
0.483327746391296387
0.483327716588973999
0.483327925205230713
0.483328074216842651
0.483327925205230713
0.483327597379684448
0.483326852321624756
0.483483433723449707
0.483017742633819580
0.483039140701293945
0.483039230108261108
0.483039349317550659
0.483039319515228271
0.483038753271102905
0.483038723468780518
0.483039230108261108
0.483039438724517822
0.483039200305938721
0.483038961887359619
0.483037263154983521
0.483502060174942017
0.483029007911682129
0.483039021492004395
0.483038693666458130
0.483038812875747681
0.483039140701293945
0.483038932085037231
0.483038574457168579
0.483038723468780518
0.483038932085037231
0.483038872480392456
0.483038514852523804
0.483037084341049194
0.483473032712936401
0.483008176088333130
0.483039230108261108
0.483039259910583496
0.483038514852523804
0.483038365840911865
0.483037024736404419
0.483038544654846191
0.483038723468780518
0.483038991689682007
0.483039140701293945
0.483038693666458130
0.483032763004302979
0.483470767736434937
0.482993990182876587
0.483038425445556641
0.483038961887359619
0.483038991689682007
0.483038872480392456
0.483038812875747681
0.483038634061813354
0.483038485050201416
0.483038693666458130
0.483038812875747681
0.483038514852523804
0.483018785715103149
0.483456552028656006
0.482986062765121460
0.483038783073425293
0.483038574457168579
0.483038395643234253
0.483038812875747681
0.483039051294326782
0.483039140701293945
0.483038842678070068
0.483038753271102905
0.483038961887359619
0.483038723468780518
0.483022868633270264
0.483447700738906860
0.482964545488357544
0.483038365840911865
0.483038336038589478
0.483032405376434326
0.483033835887908936
0.483038812875747681
0.483038991689682007
0.483038395643234253
0.483038425445556641
0.483036279678344727
0.483031123876571655
0.483027070760726929
1.075896859169006348
0.026061117649078369
0.125819742679595947
0.137339949607849121
0.194540232419967651
0.223630949854850769
0.094810932874679565
0.072017699480056763
0.339070111513137817
0.324352651834487915
0.100632905960083008
0.035024732351303101
0.107898056507110596
1.598638653755187988
0.046729803085327148
-0.000106718835013453
-0.000155670044478029
-0.000493186991661787
0.006986856460571289
-0.000116040704597253
0.106517761945724487
0.019466042518615723
0.047460317611694336
0.004438191652297974
-0.000435692956671119
-0.000141516327857971
1.190283179283142090
0.101410776376724243
0.058181941509246826
0.113430052995681763
0.072176754474639893
0.012175023555755615
-0.000260045810136944
0.145837724208831787
0.060993760824203491
0.062154740095138550
0.099323987960815430
0.209963545203208923
0.218092158436775208
1.141006588935852051
0.168395191431045532
0.066595315933227539
0.119092941284179688
0.038758218288421631
0.439852029085159302
0.310624659061431885
0.085029065608978271
0.053634136915206909
0.107631623744964600
0.052612632513046265
0.056914746761322021
-0.000082026715972461
1.452731251716613770
0.158507227897644043
0.067763149738311768
0.067242473363876343
0.049785077571868896
0.091583102941513062
0.082958579063415527
0.044485479593276978
0.076993018388748169
0.084457129240036011
0.055293381214141846
0.117218285799026489
-0.000437399139627814
1.817311286926269531
0.129818409681320190
0.057129889726638794
0.096357345581054688
0.066186726093292236
0.044339299201965332
-0.000031654239137424
0.007063388824462891
0.280879825353622437
0.262478530406951904
0.096615731716156006
0.115205258131027222
-0.000677103409543633
1.721275687217712402
0.119556903839111328
-0.000243960617808625
0.079857289791107178
0.256059288978576660
-0.000552515382878482
-0.000093455906608142
-0.000442489981651306
0.249063387513160706
0.010601669549942017
0.016211271286010742
0.063989490270614624
-0.000679785618558526
0.010578334331512451
0.010626077651977539
0.010627537965774536
0.010626703500747681
0.010625720024108887
0.010625109076499939
0.010624915361404419
0.010626330971717834
0.010626822710037231
0.010627076029777527
0.010626897215843201
0.010627537965774536
0.010627090930938721
0.010533973574638367
0.010577619075775146
0.010578170418739319
0.010578706860542297
0.010578185319900513
0.010576456785202026
0.010575890541076660
0.010575965046882629
0.010577678680419922
0.010577693581581116
0.010578125715255737
0.010577246546745300
0.010577917098999023
0.010531663894653320
0.010576531291007996
0.010576501488685608
0.010577037930488586
0.010578125715255737
0.010575205087661743
0.010574862360954285
0.010575830936431885
0.010576546192169189
0.010576099157333374
0.010576292872428894
0.010577633976936340
0.010574296116828918
0.010533019900321960
0.010576635599136353
0.010575115680694580
0.010575562715530396
0.010575741529464722
0.010578215122222900
0.010576397180557251
0.010576799511909485
0.010576322674751282
0.010577216744422913
0.010576978325843811
0.010578244924545288
0.010575056076049805
0.010532230138778687
0.010578423738479614
0.010575383901596069
0.010576501488685608
0.010575950145721436
0.010576575994491577
0.010576561093330383
0.010577678680419922
0.010576143860816956
0.010576620697975159
0.010576933622360229
0.010577708482742310
0.010575577616691589
0.010532274842262268
0.010577544569969177
0.010576501488685608
0.010576650500297546
0.010576844215393066
0.010577067732810974
0.010577350854873657
0.010577142238616943
0.010576501488685608
0.010575577616691589
0.010576367378234863
0.010578513145446777
0.010576680302619934
0.010532736778259277
0.010577142238616943
0.010576948523521423
0.010576620697975159
0.010576486587524414
0.010575845837593079
0.010576903820037842
0.010577037930488586
0.010576710104942322
0.010575309395790100
0.010576248168945312
0.010576531291007996
0.010576963424682617
2.293756246566772461
2.293735742568969727
2.293735742568969727
2.293735742568969727
2.293735742568969727
2.293735742568969727
2.293735742568969727
2.293735742568969727
2.293735742568969727
2.293735742568969727
2.293735742568969727
2.293735742568969727
2.293735742568969727
2.293759107589721680
2.293735027313232422
2.293735504150390625
2.293735504150390625
2.293735504150390625
2.293735504150390625
2.293735504150390625
2.293735504150390625
2.293735504150390625
2.293735504150390625
2.293735504150390625
2.293735504150390625
2.293735504150390625
2.293759346008300781
2.293735265731811523
2.293735504150390625
2.293735504150390625
2.293735504150390625
2.293735504150390625
2.293735504150390625
2.293735504150390625
2.293735504150390625
2.293735504150390625
2.293735504150390625
2.293735504150390625
2.293735504150390625
2.293758630752563477
2.293734788894653320
2.293735504150390625
2.293735504150390625
2.293735504150390625
2.293735504150390625
2.293735504150390625
2.293735504150390625
2.293735504150390625
2.293735504150390625
2.293735504150390625
2.293735504150390625
2.293735265731811523
2.293758630752563477
2.293734312057495117
2.293735504150390625
2.293735504150390625
2.293735504150390625
2.293735504150390625
2.293735504150390625
2.293735504150390625
2.293735504150390625
2.293735504150390625
2.293735504150390625
2.293735504150390625
2.293735027313232422
2.293758392333984375
2.293734312057495117
2.293735504150390625
2.293735504150390625
2.293735504150390625
2.293735504150390625
2.293735504150390625
2.293735504150390625
2.293735504150390625
2.293735504150390625
2.293735504150390625
2.293735504150390625
2.293735027313232422
2.293758153915405273
2.293733596801757812
2.293735504150390625
2.293735504150390625
2.293735265731811523
2.293735265731811523
2.293735504150390625
2.293735504150390625
2.293735504150390625
2.293735504150390625
2.293735504150390625
2.293735265731811523
2.293735265731811523
0.898786783218383789
0.898702979087829590
0.898700535297393799
0.898680269718170166
0.898670196533203125
0.898691058158874512
0.898709237575531006
0.898701906204223633
0.898708283901214600
0.898704111576080322
0.898697972297668457
0.898691952228546143
0.898667395114898682
0.898839533329010010
0.898736298084259033
0.898706138134002686
0.898687601089477539
0.898679077625274658
0.898679435253143311
0.898681938648223877
0.898696839809417725
0.898686647415161133
0.898688614368438721
0.898694753646850586
0.898678898811340332
0.898631274700164795
0.898808598518371582
0.898743450641632080
0.898705124855041504
0.898700594902038574
0.898700594902038574
0.898682355880737305
0.898674130439758301
0.898686349391937256
0.898686945438385010
0.898687779903411865
0.898690402507781982
0.898686528205871582
0.898647367954254150
0.898804187774658203
0.898750603199005127
0.898694217205047607
0.898667216300964355
0.898681282997131348
0.898714721202850342
0.898704886436462402
0.898690342903137207
0.898688137531280518
0.898685932159423828
0.898685634136199951
0.898681044578552246
0.898646235466003418
0.898823857307434082
0.898741781711578369
0.898709475994110107
0.898687660694122314
0.898681104183197021
0.898681938648223877
0.898686170578002930
0.898686707019805908
0.898692071437835693
0.898686885833740234
0.898687064647674561
0.898688375949859619
0.898646354675292969
0.898856461048126221
0.898747324943542480
0.898707568645477295
0.898688554763793945
0.898692369461059570
0.898683905601501465
0.898676812648773193
0.898685216903686523
0.898714423179626465
0.898708045482635498
0.898694336414337158
0.898685097694396973
0.898644924163818359
0.898837924003601074
0.898756206035614014
0.898711025714874268
0.898682594299316406
0.898700535297393799
0.898704826831817627
0.898692071437835693
0.898653626441955566
0.898684561252593994
0.898702085018157959
0.898705601692199707
0.898700952529907227
0.898665726184844971
1.321920514106750488
1.321252942085266113
1.321182847023010254
1.321093678474426270
1.321038603782653809
1.321135520935058594
1.321240067481994629
1.321229100227355957
1.321151971817016602
1.321131467819213867
1.321192741394042969
1.321123600006103516
1.321041345596313477
1.322440862655639648
1.321845769882202148
1.321689009666442871
1.321608901023864746
1.321564555168151855
1.321568250656127930
1.321578860282897949
1.321605920791625977
1.321599364280700684
1.321577668190002441
1.321626305580139160
1.321474075317382812
1.321444272994995117
1.322455644607543945
1.321840882301330566
1.321679353713989258
1.321629166603088379
1.321626663208007812
1.321580648422241211
1.321552515029907227
1.321560144424438477
1.321583628654479980
1.321575284004211426
1.321597337722778320
1.321421504020690918
1.321488618850708008
1.322459936141967773
1.321871757507324219
1.321619153022766113
1.321482658386230469
1.321556448936462402
1.321563601493835449
1.321592688560485840
1.321588158607482910
1.321583390235900879
1.321560025215148926
1.321592330932617188
1.321452617645263672
1.321504712104797363
1.322439193725585938
1.321846842765808105
1.321692585945129395
1.321589112281799316
1.321552872657775879
1.321547746658325195
1.321580767631530762
1.321586847305297852
1.321598410606384277
1.321569919586181641
1.321586728096008301
1.321453809738159180
1.321536183357238770
1.322480678558349609
1.321884155273437500
1.321695804595947266
1.321587204933166504
1.321598649024963379
1.321580410003662109
1.321540594100952148
1.321608424186706543
1.321635484695434570
1.321614623069763184
1.321611046791076660
1.321442365646362305
1.321508646011352539
1.322438597679138184
1.321944355964660645
1.321741342544555664
1.321571350097656250
1.321613550186157227
1.321719646453857422
1.321623325347900391
1.321507453918457031
1.321519494056701660
1.321705579757690430
1.321712255477905273
1.321578383445739746
1.321582913398742676
0.410425335168838501
0.199666202068328857
-0.000716949114575982
-0.002037843456491828
-0.003044662997126579
-0.003668851219117641
-0.001037299050949514
0.037158221006393433
-0.002649683272466063
-0.004737196955829859
-0.001936432090587914
-0.001167173963040113
0.667841136455535889
0.768692135810852051
0.913341224193572998
0.706124067306518555
0.729396224021911621
0.773389697074890137
0.816928982734680176
0.990889906883239746
0.981968522071838379
0.782412588596343994
0.735849797725677490
0.861252605915069580
0.806914269924163818
1.552403330802917480
0.921266198158264160
0.850491166114807129
0.779246926307678223
0.865884542465209961
0.638841927051544189
0.538728415966033936
0.623327374458312988
0.624165117740631104
0.894607305526733398
0.800891995429992676
0.756159663200378418
0.619369268417358398
1.437327861785888672
1.074683666229248047
1.005360007286071777
0.800395607948303223
0.885343790054321289
0.670084595680236816
0.672518193721771240
0.788219571113586426
0.897885203361511230
0.769597291946411133
0.763931751251220703
0.697387397289276123
0.762899458408355713
1.729345202445983887
0.704862117767333984
0.763562321662902832
0.948153376579284668
0.777711391448974609
0.804001510143280029
0.602405369281768799
0.655726909637451172
0.754611194133758545
0.756893694400787354
0.721074819564819336
0.741273224353790283
0.793089807033538818
1.595752120018005371
0.402863830327987671
0.739576458930969238
0.784182310104370117
0.768033027648925781
0.952548384666442871
0.795255959033966064
0.656733691692352295
0.578113079071044922
0.581816971302032471
0.629370272159576416
0.808901309967041016
0.664838135242462158
1.375834703445434570
0.379514932632446289
0.633403420448303223
0.718205749988555908
0.559320807456970215
0.711057245731353760
0.724879026412963867
0.741011202335357666
0.663611471652984619
0.241072416305541992
0.538512349128723145
0.744233846664428711
0.711824417114257812
1.170971512794494629
0.826895236968994141
0.826709985733032227
0.826574385166168213
0.826566100120544434
0.826576709747314453
0.826657831668853760
0.826597869396209717
0.826658725738525391
0.826615571975708008
0.826597809791564941
0.826679289340972900
0.826267242431640625
0.826611042022705078
0.827032625675201416
0.826611042022705078
0.826454281806945801
0.826444387435913086
0.826347291469573975
0.826415359973907471
0.826410651206970215
0.826390027999877930
0.826418697834014893
0.826392054557800293
0.826441407203674316
0.825832307338714600
0.826857507228851318
0.827064692974090576
0.826476812362670898
0.826511979103088379
0.826460242271423340
0.826334536075592041
0.826323211193084717
0.826339125633239746
0.826353371143341064
0.826378464698791504
0.826354503631591797
0.826431393623352051
0.825790643692016602
0.827094912528991699
0.827058494091033936
0.826536953449249268
0.826374173164367676
0.826421737670898438
0.826331973075866699
0.826290309429168701
0.826427996158599854
0.826380491256713867
0.826334357261657715
0.826351463794708252
0.826483726501464844
0.825808703899383545
0.826874196529388428
0.827045202255249023
0.826549351215362549
0.826428413391113281
0.826384782791137695
0.826343595981597900
0.826336920261383057
0.826403439044952393
0.826396524906158447
0.826364636421203613
0.826336920261383057
0.826439619064331055
0.825796127319335938
0.826953828334808350
0.827116250991821289
0.826580286026000977
0.826455533504486084
0.826424598693847656
0.826388776302337646
0.826424419879913330
0.826319813728332520
0.826469898223876953
0.826408028602600098
0.826406955718994141
0.826441287994384766
0.825758159160614014
0.826790213584899902
0.827092826366424561
0.826645851135253906
0.826471269130706787
0.826418697834014893
0.826486229896545410
0.826453626155853271
0.826321899890899658
0.826516151428222656
0.826376736164093018
0.826529562473297119
0.826554894447326660
0.826017558574676514
0.826640367507934570
1.058504223823547363
0.716181278228759766
0.863259136676788330
0.915258288383483887
0.960051059722900391
0.991914331912994385
0.859515488147735596
0.786026716232299805
1.018818378448486328
1.103709936141967773
0.903948605060577393
0.850703895092010498
0.523701190948486328
1.292783975601196289
0.687663674354553223
0.744718968868255615
0.746151268482208252
0.731471240520477295
0.736524105072021484
0.680131435394287109
0.708296597003936768
0.720449507236480713
0.762049794197082520
0.712644219398498535
0.671033859252929688
0.336670815944671631
1.056685566902160645
0.735339879989624023
0.748106002807617188
0.732041835784912109
0.787454962730407715
0.801142752170562744
0.781223654747009277
0.826163113117218018
0.712001800537109375
0.751342236995697021
0.755983114242553711
0.806251943111419678
0.435257703065872192
0.991384804248809814
0.695922970771789551
0.728978335857391357
0.722048282623291016
0.775851607322692871
0.936991035938262939
0.848072350025177002
0.713454365730285645
0.739744663238525391
0.755693256855010986
0.776495099067687988
0.708455145359039307
0.216305315494537354
1.253946065902709961
0.776925742626190186
0.706321358680725098
0.740188598632812500
0.730583190917968750
0.796193957328796387
0.779919683933258057
0.742558419704437256
0.766033113002777100
0.768502771854400635
0.766420781612396240
0.737736105918884277
0.307365775108337402
1.507085561752319336
0.789559364318847656
0.735467910766601562
0.759506464004516602
0.708439469337463379
0.750086128711700439
0.767772555351257324
0.773883461952209473
0.899005293846130371
0.886553049087524414
0.741964817047119141
0.747835040092468262
0.422933876514434814
1.412573933601379395
0.763653039932250977
0.655758202075958252
0.745113372802734375
0.741319358348846436
0.647290050983428955
0.641719400882720947
0.650199770927429199
0.928094208240509033
0.729565978050231934
0.683158099651336670
0.718603551387786865
0.409019291400909424
-0.000214487474295311
-0.000219741545151919
-0.000219872570596635
-0.000219983252463862
-0.000220003028516658
-0.000220027388422750
-0.000219957175431773
-0.000219856592593715
-0.000219863373786211
-0.000220034067751840
-0.000219970737816766
-0.000219989960896783
-0.000219364184886217
-0.000211813166970387
-0.000217516470002010
-0.000217673426959664
-0.000217689928831533
-0.000217721433728002
-0.000217696360778064
-0.000217592401895672
-0.000217492488445714
-0.000217634413274936
-0.000217582972254604
-0.000217570079257712
-0.000217672568396665
-0.000217081251321360
-0.000211978869629093
-0.000217548440559767
-0.000217565422644839
-0.000217413922655396
-0.000217624547076412
-0.000217828128370456
-0.000217821318074130
-0.000217683555092663
-0.000217528548091650
-0.000217569890082814
-0.000217554552364163
-0.000217578315641731
-0.000217035689274780
-0.000211891019716859
-0.000217359862290323
-0.000217578795854934
-0.000217406617593952
-0.000217678330955096
-0.000217413922655396
-0.000217447479371913
-0.000217473600059748
-0.000217584311030805
-0.000217529246583581
-0.000217622640775517
-0.000217593551496975
-0.000217030770727433
-0.000211944439797662
-0.000217535955016501
-0.000217557302676141
-0.000217582666664384
-0.000217557229916565
-0.000217633452848531
-0.000217622538912110
-0.000217573178815655
-0.000217615975998342
-0.000217604756471701
-0.000217585838981904
-0.000217536857235245
-0.000217143271584064
-0.000211903534363955
-0.000217583903577179
-0.000217628301470540
-0.000217557972064242
-0.000217481341678649
-0.000217621491174214
-0.000217677661566995
-0.000217684821109287
-0.000217569860978983
-0.000217589113162830
-0.000217499851714820
-0.000217578082811087
-0.000217315682675689
-0.000211987513466738
-0.000217673383303918
-0.000217740220250562
-0.000217707987758331
-0.000217471999349073
-0.000217725231777877
-0.000217621156480163
-0.000217694061575457
-0.000217838183743879
-0.000217831708141603
-0.000217685112147592
-0.000217667417018674
-0.000217448076000437
-0.001344214077107608
-0.001342262257821858
-0.001342268544249237
-0.001342154457233846
-0.001342201954685152
-0.001342162606306374
-0.001342008938081563
-0.001342077041044831
-0.001342313364148140
-0.001342303003184497
-0.001342372619546950
-0.001342097762972116
-0.001342458999715745
-0.001343117677606642
-0.001339545240625739
-0.001339905662462115
-0.001339775277301669
-0.001339586684480309
-0.001339290873147547
-0.001339288195595145
-0.001339357346296310
-0.001339645008556545
-0.001340129063464701
-0.001339880167506635
-0.001339665614068508
-0.001340036513283849
-0.001343057723715901
-0.001339329406619072
-0.001339869340881705
-0.001340160612016916
-0.001340002869255841
-0.001339434995315969
-0.001339375041425228
-0.001339386333711445
-0.001339565962553024
-0.001339762238785625
-0.001339799840934575
-0.001339922077022493
-0.001339872484095395
-0.001343020936474204
-0.001339371898211539
-0.001339577953331172
-0.001340098096989095
-0.001339733600616455
-0.001339628128334880
-0.001339455833658576
-0.001339772134087980
-0.001339769456535578
-0.001339879119768739
-0.001339922542683780
-0.001339811016805470
-0.001339783892035484
-0.001343036070466042
-0.001339335110969841
-0.001339128473773599
-0.001339672133326530
-0.001339830458164215
-0.001339984708465636
-0.001339869806542993
-0.001339952345006168
-0.001339566078968346
-0.001339724054560065
-0.001339960377663374
-0.001339852460660040
-0.001339710899628699
-0.001343000214546919
-0.001339285052381456
-0.001339384471066296
-0.001339765032753348
-0.001339647104032338
-0.001339561888016760
-0.001340009388513863
-0.001340146758593619
-0.001339722075499594
-0.001339519163593650
-0.001339939655736089
-0.001340041751973331
-0.001339645823463798
-0.001342982519418001
-0.001339275506325066
-0.001339419744908810
-0.001339882845059037
-0.001339806243777275
-0.001339586917310953
-0.001339936046861112
-0.001340009854175150
-0.001339787850156426
-0.001339473994448781
-0.001339534530416131
-0.001339568174444139
-0.001339656999334693
