0.849097251892089844
-0.029493927955627441
-0.366079509258270264
-0.190829753875732422
-0.200945496559143066
0.077237248420715332
-0.090261101722717285
-0.376716136932373047
-0.076063156127929688
0.093708992004394531
0.283602595329284668
-0.102307915687561035
-1.140472769737243652
0.857402801513671875
-0.062498211860656738
-0.500082254409790039
-0.232622265815734863
-0.356287956237792969
0.155607819557189941
-0.076752662658691406
-0.450413525104522705
0.019701600074768066
0.361102461814880371
0.467023849487304688
-0.080919742584228516
-1.059172868728637695
0.955960273742675781
0.015126228332519531
-0.468124508857727051
-0.199734330177307129
-0.337931036949157715
0.204595804214477539
-0.010014057159423828
-0.409317612648010254
-0.020957350730895996
0.234855890274047852
0.454463839530944824
-0.119586110115051270
-1.034387469291687012
0.980990886688232422
0.080951333045959473
-0.515051960945129395
-0.272587418556213379
-0.274094760417938232
0.519498944282531738
0.056393027305603027
-0.568163812160491943
-0.182141482830047607
0.199099659919738770
0.469182610511779785
-0.145381212234497070
-1.074347376823425293
0.923551082611083984
0.111564159393310547
-0.566868543624877930
-0.348627865314483643
-0.103130221366882324
0.692142009735107422
-0.023592233657836914
-0.679968655109405518
-0.269878685474395752
0.253777861595153809
0.470392942428588867
-0.116489648818969727
-1.082193732261657715
0.989089965820312500
0.266330718994140625
-0.378931224346160889
-0.333106994628906250
0.048874855041503906
0.637651681900024414
0.110294103622436523
-0.486075818538665771
-0.110988140106201172
0.487300157546997070
0.587965488433837891
-0.019868850708007812
-1.122340798377990723
1.011976718902587891
0.254978418350219727
-0.214852392673492432
-0.259089827537536621
-0.044581413269042969
0.305744409561157227
0.064639925956726074
-0.219519913196563721
-0.031109333038330078
0.356515288352966309
0.439341545104980469
-0.011491656303405762
-1.118161082267761230
0.949793815612792969
1.007719993591308594
1.011891365051269531
0.991549968719482422
0.937006473541259766
1.062811374664306641
1.294529914855957031
1.108082294464111328
1.053889989852905273
1.025505304336547852
1.011645078659057617
0.922692775726318359
0.762264728546142578
0.359947800636291504
0.354452133178710938
0.120931386947631836
0.030842185020446777
0.116696357727050781
0.362035036087036133
0.819431543350219727
0.425539016723632812
0.290845394134521484
0.130080938339233398
0.069480895996093750
-0.106582522392272949
-0.003783702850341797
0.652477025985717773
0.801300048828125000
0.374314308166503906
0.096121668815612793
-0.044834613800048828
0.362415790557861328
0.637974262237548828
0.583370447158813477
0.256725192070007324
0.072737097740173340
0.214359521865844727
0.253333926200866699
0.361937522888183594
-0.160920858383178711
0.046163678169250488
0.061800479888916016
0.165198564529418945
0.235093832015991211
0.016200780868530273
0.024969339370727539
-0.011379837989807129
0.183793306350708008
0.145958065986633301
-0.035657167434692383
0.033931374549865723
0.156661629676818848
0.157425165176391602
0.333667278289794922
0.339136600494384766
0.439043641090393066
0.395142078399658203
0.295330047607421875
0.162281632423400879
0.299832224845886230
0.407265663146972656
0.432937860488891602
0.341468930244445801
0.332826972007751465
0.119115114212036133
-0.017463207244873047
0.199821233749389648
0.267922759056091309
0.284553766250610352
0.255718111991882324
0.118696570396423340
0.004742026329040527
0.079615473747253418
0.195608615875244141
0.299404978752136230
0.435941934585571289
0.585944414138793945
0.366105318069458008
-1.049458026885986328
-0.991216182708740234
-0.964250147342681885
-0.912054181098937988
-0.872255742549896240
-0.904573559761047363
-0.965467453002929688
-0.993789076805114746
-0.948666393756866455
-0.860033273696899414
-0.771144330501556396
-0.709300875663757324
-0.648813426494598389
-0.692325174808502197
-0.363885432481765747
-0.053312838077545166
0.262749493122100830
0.742049217224121094
1.268658995628356934
1.428321123123168945
1.350128412246704102
0.899504899978637695
0.247998535633087158
-0.105111375451087952
-0.369931697845458984
-0.688695847988128662
-0.724432766437530518
-0.375831723213195801
-0.067156806588172913
0.129851281642913818
0.482060432434082031
1.323748350143432617
1.543280363082885742
1.339579224586486816
0.588160395622253418
0.136799633502960205
-0.074242353439331055
-0.374325901269912720
-0.708458781242370605
-0.712501883506774902
-0.364789277315139771
-0.081713691353797913
0.111762493848800659
0.466105580329895020
1.312215685844421387
1.526847124099731445
1.346871376037597656
0.736853241920471191
0.214779436588287354
-0.060460522770881653
-0.356744527816772461
-0.719139873981475830
-0.697355747222900391
-0.340163767337799072
-0.089358940720558167
0.200756967067718506
0.663911700248718262
1.385223031044006348
1.513495445251464844
1.404743075370788574
1.007450342178344727
0.295891880989074707
-0.060915037989616394
-0.349516928195953369
-0.702781081199645996
-0.729310274124145508
-0.346992641687393188
-0.094706371426582336
0.259725093841552734
0.833775281906127930
1.402555584907531738
1.501902341842651367
1.394922733306884766
1.033559083938598633
0.298074185848236084
-0.081818118691444397
-0.371770024299621582
-0.709401011466979980
-0.713852882385253906
-0.301216185092926025
-0.024059742689132690
0.300067186355590820
0.867383480072021484
1.415073752403259277
1.555015206336975098
1.415531873703002930
1.018335223197937012
0.335312843322753906
-0.048944652080535889
-0.376879900693893433
-0.693531453609466553
-0.704342901706695557
-0.293407797813415527
-0.038907974958419800
0.319038569927215576
0.867681026458740234
1.293517231941223145
1.396298170089721680
1.271303772926330566
0.933028459548950195
0.387782096862792969
-0.066872984170913696
-0.407662242650985718
-0.703413724899291992
-0.600866675376892090
-0.596952021121978760
-0.621314942836761475
-0.630659162998199463
-0.631920754909515381
-0.574334561824798584
-0.498862445354461670
-0.567379832267761230
-0.600315511226654053
-0.613882184028625488
-0.624281406402587891
-0.639441430568695068
-0.698451042175292969
0.040273919701576233
0.028615236282348633
-0.053159967064857483
-0.148551911115646362
-0.112803369760513306
0.033238708972930908
0.187119945883750916
0.048970237374305725
-0.066569954156875610
-0.153510749340057373
-0.202713191509246826
-0.252686351537704468
-0.269416928291320801
0.450290679931640625
0.419845283031463623
0.325653135776519775
0.152787759900093079
0.115986101329326630
0.341664135456085205
0.465366989374160767
0.403454780578613281
0.234926193952560425
0.142982304096221924
0.150178134441375732
0.063634298741817474
0.038678139448165894
0.595084547996520996
0.545776605606079102
0.513855576515197754
0.415119171142578125
0.349080920219421387
0.441367924213409424
0.480595082044601440
0.467883855104446411
0.376684784889221191
0.353804200887680054
0.371069192886352539
0.261352956295013428
0.148107141256332397
0.150372937321662903
0.132492035627365112
0.131543099880218506
0.099063932895660400
0.100934065878391266
0.115210011601448059
0.137346178293228149
0.108747705817222595
0.089352779090404510
0.084763616323471069
0.001792937517166138
-0.109822019934654236
-0.176051676273345947
-0.281618416309356689
-0.324308127164840698
-0.352710664272308350
-0.363846540451049805
-0.363261789083480835
-0.328598737716674805
-0.300515532493591309
-0.320016324520111084
-0.349908411502838135
-0.373017013072967529
-0.410747677087783813
-0.454431891441345215
-0.400348544120788574
-0.655120968818664551
-0.656738996505737305
-0.664292454719543457
-0.688224196434020996
-0.707492828369140625
-0.706732273101806641
-0.692396938800811768
-0.678306400775909424
-0.692295908927917480
-0.715743064880371094
-0.737010657787322998
-0.737014472484588623
-0.743435442447662354
-8.991336822509765625
-9.086197853088378906
-9.698541641235351562
-9.338727951049804688
-8.974485397338867188
-8.097982406616210938
-7.409957408905029297
-8.116456985473632812
-8.755540847778320312
-9.080552101135253906
-8.828136444091796875
-8.167794227600097656
-7.974957466125488281
-9.418018341064453125
-9.132980346679687500
-9.615787506103515625
-9.441940307617187500
-8.906733512878417969
-7.733602523803710938
-6.660075187683105469
-7.697110176086425781
-8.455334663391113281
-8.901336669921875000
-8.663588523864746094
-8.301287651062011719
-8.458683013916015625
-9.395129203796386719
-8.901071548461914062
-9.475958824157714844
-9.431967735290527344
-8.921339035034179688
-7.540369987487792969
-6.194531440734863281
-7.230680942535400391
-8.160215377807617188
-8.772028923034667969
-8.562655448913574219
-8.403121948242187500
-8.725587844848632812
-8.719615936279296875
-8.012416839599609375
-8.358943939208984375
-8.334949493408203125
-7.757247447967529297
-6.183289527893066406
-4.460118293762207031
-5.743887424468994141
-7.122674942016601562
-7.759974479675292969
-7.735960483551025391
-7.729939937591552734
-8.288513183593750000
-8.716977119445800781
-7.795471191406250000
-7.859918594360351562
-7.832050323486328125
-7.294969558715820312
-5.571323394775390625
-3.969594478607177734
-5.260548114776611328
-6.607323646545410156
-7.330068588256835938
-7.504392147064208984
-7.520675182342529297
-8.220058441162109375
-8.196571350097656250
-7.384152412414550781
-7.582303524017333984
-7.551807403564453125
-7.044904708862304688
-5.689801216125488281
-4.673998832702636719
-5.413022041320800781
-6.560970783233642578
-7.152045726776123047
-7.177374839782714844
-7.149795055389404297
-7.923471450805664062
-7.798381805419921875
-7.467422485351562500
-7.860871791839599609
-7.616995334625244141
-7.281036376953125000
-6.446378707885742188
-5.734601020812988281
-6.183718681335449219
-6.882300853729248047
-7.152954578399658203
-7.146409511566162109
-6.971559047698974609
-7.467141151428222656
-0.382127642631530762
-0.454734206199645996
-0.527138948440551758
-0.576610803604125977
-0.601279020309448242
-0.746455192565917969
-0.753798484802246094
-0.730739116668701172
-0.621046304702758789
-0.583345174789428711
-0.603469014167785645
-0.625618934631347656
-0.548073053359985352
-0.268101930618286133
-0.409036278724670410
-0.524304389953613281
-0.536003589630126953
-0.574732065200805664
-0.796044111251831055
-0.852115988731384277
-0.785745859146118164
-0.639365434646606445
-0.599987864494323730
-0.631441950798034668
-0.597568869590759277
-0.454579949378967285
-0.453370094299316406
-0.661048889160156250
-0.769896984100341797
-0.744701147079467773
-0.781573414802551270
-1.081157088279724121
-1.159447431564331055
-1.037721514701843262
-0.874035596847534180
-0.857295513153076172
-0.871930122375488281
-0.783197045326232910
-0.532289147377014160
-0.617408990859985352
-0.859889864921569824
-1.013917326927185059
-0.989898204803466797
-1.110903978347778320
-1.451515555381774902
-1.659788846969604492
-1.448428392410278320
-1.195177197456359863
-1.127799391746520996
-1.126668334007263184
-0.979546308517456055
-0.666619896888732910
-0.867670178413391113
-1.219452619552612305
-1.430287122726440430
-1.373701333999633789
-1.517713785171508789
-1.934420347213745117
-2.052231311798095703
-1.988163709640502930
-1.614433765411376953
-1.458240628242492676
-1.457369327545166016
-1.240428447723388672
-0.845043420791625977
-1.117427706718444824
-1.520517587661743164
-1.806212544441223145
-1.769308567047119141
-1.917996048927307129
-2.174411773681640625
-2.240847587585449219
-2.210129737854003906
-1.993181228637695312
-1.865113973617553711
-1.791656732559204102
-1.436211824417114258
-1.016535758972167969
-1.275655150413513184
-1.609818935394287109
-1.808115243911743164
-1.817764282226562500
-1.862071394920349121
-1.923463821411132812
-1.955009102821350098
-1.910874724388122559
-1.841939449310302734
-1.835469722747802734
-1.812707662582397461
-1.523996114730834961
-1.128063678741455078
-2.430886268615722656
-2.373356103897094727
-2.312520980834960938
-2.297282457351684570
-2.284327507019042969
-2.212271928787231445
-2.213174343109130859
-2.299612045288085938
-2.390411615371704102
-2.396515130996704102
-2.336424112319946289
-2.264916896820068359
-2.260503053665161133
-2.569338083267211914
-2.498825788497924805
-2.421139240264892578
-2.462632656097412109
-2.441767454147338867
-2.328305482864379883
-2.319021701812744141
-2.355422019958496094
-2.477894067764282227
-2.507549524307250977
-2.467163562774658203
-2.482611656188964844
-2.472719192504882812
-2.530854940414428711
-2.452214241027832031
-2.338494062423706055
-2.396561622619628906
-2.416610240936279297
-2.380278587341308594
-2.308330297470092773
-2.305438995361328125
-2.410962820053100586
-2.408233404159545898
-2.362798929214477539
-2.411608457565307617
-2.500400781631469727
-2.401653528213500977
-2.256986141204833984
-2.086747646331787109
-2.106750011444091797
-2.177421092987060547
-2.021405696868896484
-1.705342650413513184
-1.786418318748474121
-2.044632911682128906
-2.088134765625000000
-2.103213310241699219
-2.218590259552001953
-2.403888940811157227
-2.140701293945312500
-1.870996832847595215
-1.704271912574768066
-1.767943024635314941
-1.834102153778076172
-1.464009404182434082
-1.161957025527954102
-1.171866655349731445
-1.562856316566467285
-1.763776659965515137
-1.828016042709350586
-1.951056599617004395
-2.227326869964599609
-1.813398957252502441
-1.436058521270751953
-1.228666424751281738
-1.259986639022827148
-1.094620704650878906
-0.774423658847808838
-0.602738738059997559
-0.663234472274780273
-0.904516637325286865
-1.123699426651000977
-1.264124035835266113
-1.471467971801757812
-1.828579664230346680
-1.577421426773071289
-1.190347194671630859
-0.887422442436218262
-0.801315784454345703
-0.652053058147430420
-0.537358760833740234
-0.527595341205596924
-0.573049664497375488
-0.643435657024383545
-0.704808175563812256
-0.797116160392761230
-1.098419427871704102
-1.615995526313781738
-0.929061532020568848
-0.953618764877319336
-0.985185027122497559
-0.928271293640136719
-0.902922391891479492
-0.748312592506408691
-0.732671678066253662
-0.729656875133514404
-0.824421226978302002
-0.864573121070861816
-0.860767483711242676
-0.808553397655487061
-0.815172016620635986
-1.149208307266235352
-1.130606889724731445
-1.129225730895996094
-1.095345139503479004
-1.056137561798095703
-0.827518761157989502
-0.761913955211639404
-0.823914885520935059
-0.947567343711853027
-0.974781632423400879
-0.939501047134399414
-0.881955862045288086
-0.935664296150207520
-1.010387778282165527
-0.927667260169982910
-0.933855414390563965
-0.941979885101318359
-0.896633625030517578
-0.557905077934265137
-0.483712077140808105
-0.614910304546356201
-0.757049620151519775
-0.766840636730194092
-0.751606047153472900
-0.730764389038085938
-0.854277312755584717
-0.867861866950988770
-0.772740483283996582
-0.749852955341339111
-0.777766168117523193
-0.626037538051605225
-0.381781697273254395
-0.483546435832977295
-0.511502325534820557
-0.534513354301452637
-0.582158386707305908
-0.556795120239257812
-0.577279090881347656
-0.736786663532257080
-0.669476807117462158
-0.494169950485229492
-0.399734675884246826
-0.446215987205505371
-0.267286568880081177
-0.264190882444381714
-0.564681053161621094
-0.455453097820281982
-0.404458820819854736
-0.306424379348754883
-0.263036489486694336
-0.370044946670532227
-0.594533920288085938
-0.466400504112243652
-0.261609762907028198
-0.085338696837425232
-0.170813679695129395
-0.251446992158889771
-0.383004188537597656
-0.622645795345306396
-0.529937565326690674
-0.418477714061737061
-0.266987293958663940
-0.142468869686126709
-0.285257250070571899
-0.521480143070220947
-0.264583021402359009
-0.187960863113403320
-0.160181462764739990
-0.258177250623703003
-0.430806398391723633
-0.535348474979400635
-0.562663257122039795
-0.555099546909332275
-0.521999359130859375
-0.418761968612670898
-0.343482226133346558
-0.345746248960494995
-0.360227823257446289
