0.848839759826660156
0.012487411499023438
-0.453519225120544434
-0.257155239582061768
-0.248749315738677979
0.070280432701110840
-0.008285880088806152
-0.385553419589996338
-0.103044152259826660
0.081447720527648926
0.277460694313049316
-0.127445459365844727
-1.105666875839233398
0.859153270721435547
0.046532869338989258
-0.483618557453155518
-0.313248515129089355
-0.380578815937042236
0.153620719909667969
0.013005375862121582
-0.474449753761291504
0.048134088516235352
0.357724308967590332
0.491614818572998047
-0.065984368324279785
-1.054533123970031738
0.948078632354736328
0.066130518913269043
-0.460132002830505371
-0.199657559394836426
-0.322505652904510498
0.268767595291137695
0.171630144119262695
-0.506463468074798584
-0.059952259063720703
0.195174336433410645
0.525294661521911621
-0.085164666175842285
-1.046964406967163086
0.979382514953613281
0.051422953605651855
-0.483142435550689697
-0.214195251464843750
-0.234586775302886963
0.539352178573608398
0.350247621536254883
-0.624037981033325195
-0.284611165523529053
0.088346362113952637
0.519209742546081543
-0.106439232826232910
-1.041140437126159668
0.917363882064819336
0.031568884849548340
-0.540074229240417480
-0.237185716629028320
-0.094767332077026367
0.694560289382934570
0.280962347984313965
-0.737807035446166992
-0.358718156814575195
0.152676582336425781
0.484430670738220215
-0.103797435760498047
-1.041691660881042480
0.974460601806640625
0.207817196846008301
-0.414880573749542236
-0.234914839267730713
0.043760418891906738
0.644935250282287598
0.283333420753479004
-0.473216176033020020
-0.201623022556304932
0.436965346336364746
0.581993699073791504
-0.010283827781677246
-1.041932702064514160
0.989614725112915039
0.238793849945068359
-0.242501556873321533
-0.259156286716461182
-0.066322326660156250
0.302779197692871094
0.124025225639343262
-0.244584023952484131
-0.077844738960266113
0.265058159828186035
0.466513395309448242
0.063007235527038574
-1.036139726638793945
0.966821670532226562
1.070378303527832031
1.135477542877197266
1.118301868438720703
1.047225952148437500
1.058517456054687500
1.252587556838989258
1.088404655456542969
1.052637338638305664
1.080437660217285156
1.075628995895385742
1.009696245193481445
0.822216510772705078
0.191180944442749023
0.173921465873718262
0.011201858520507812
-0.046507835388183594
-0.008213162422180176
0.170346856117248535
0.745046615600585938
0.514878630638122559
0.135643124580383301
0.027697205543518066
0.033608436584472656
0.093554377555847168
0.093272805213928223
0.454420924186706543
0.497592210769653320
0.090674519538879395
-0.005290150642395020
-0.127715110778808594
0.275871634483337402
0.664485931396484375
0.690469026565551758
0.338571667671203613
0.039877533912658691
0.054531335830688477
0.029831171035766602
0.251754999160766602
-0.092807531356811523
0.018566012382507324
-0.029398560523986816
0.064911365509033203
0.101818442344665527
-0.024288654327392578
0.044696569442749023
0.039790868759155273
0.093354701995849609
0.182906270027160645
0.127371072769165039
0.324209213256835938
0.378360867500305176
0.323343396186828613
0.456050992012023926
0.395962834358215332
0.453413963317871094
0.395440697669982910
0.250098705291748047
0.053963065147399902
0.128299474716186523
0.357998490333557129
0.454838514328002930
0.494459152221679688
0.578370213508605957
0.343462347984313965
-0.036577820777893066
0.212251901626586914
0.276414632797241211
0.226240277290344238
0.127881050109863281
-0.018276214599609375
-0.135614991188049316
-0.107513904571533203
0.080659389495849609
0.175149202346801758
0.218840718269348145
0.285589218139648438
0.273098826408386230
-1.055574297904968262
-0.990260243415832520
-0.962025880813598633
-0.979940533638000488
-1.001910448074340820
-1.067680358886718750
-1.122843503952026367
-1.125427722930908203
-1.052098751068115234
-1.016443371772766113
-0.930854976177215576
-0.824379444122314453
-0.747115492820739746
-0.721117138862609863
-0.354282736778259277
-0.024976760149002075
0.298743963241577148
0.752533078193664551
1.269014477729797363
1.433131456375122070
1.406159996986389160
0.931488752365112305
0.248119771480560303
-0.107184812426567078
-0.356534242630004883
-0.699757695198059082
-0.724885880947113037
-0.344655185937881470
-0.052686512470245361
0.185768276453018188
0.525700211524963379
1.324441552162170410
1.560518980026245117
1.471248626708984375
0.678408861160278320
0.169037401676177979
-0.077777206897735596
-0.371229916810989380
-0.709807753562927246
-0.713821411132812500
-0.345658898353576660
-0.080079764127731323
0.172975867986679077
0.539224863052368164
1.317935109138488770
1.532960772514343262
1.420474767684936523
0.853527307510375977
0.266359210014343262
-0.068077966570854187
-0.366154193878173828
-0.716926932334899902
-0.703093409538269043
-0.348879992961883545
-0.086710467934608459
0.243816733360290527
0.746446251869201660
1.402193069458007812
1.557866454124450684
1.395594120025634766
1.070179820060729980
0.366148710250854492
-0.063013523817062378
-0.357481241226196289
-0.712309122085571289
-0.736973762512207031
-0.368911325931549072
-0.096990957856178284
0.262262523174285889
0.823928117752075195
1.375899195671081543
1.527369499206542969
1.386803627014160156
1.092293739318847656
0.363300085067749023
-0.076762020587921143
-0.367669492959976196
-0.718466281890869141
-0.721542119979858398
-0.317209810018539429
-0.042199999094009399
0.279008507728576660
0.862728834152221680
1.424914240837097168
1.593988180160522461
1.482570171356201172
1.067959308624267578
0.353671908378601074
-0.039707988500595093
-0.358455300331115723
-0.716951012611389160
-0.707833170890808105
-0.291925817728042603
-0.050799429416656494
0.326798260211944580
0.884232521057128906
1.272489070892333984
1.396053791046142578
1.312796235084533691
0.977481961250305176
0.408526003360748291
-0.068626299500465393
-0.396028637886047363
-0.727812409400939941
-0.602316558361053467
-0.582750380039215088
-0.591331481933593750
-0.597971796989440918
-0.603148221969604492
-0.584787487983703613
-0.517279624938964844
-0.574321091175079346
-0.604091048240661621
-0.605274319648742676
-0.613070011138916016
-0.621799647808074951
-0.683119714260101318
-0.021094255149364471
-0.033267214894294739
-0.114072114229202271
-0.169090986251831055
-0.141587600111961365
-0.025020673871040344
0.173146978020668030
0.094828791916370392
-0.091207548975944519
-0.205962568521499634
-0.239400118589401245
-0.233009636402130127
-0.271730095148086548
0.414320349693298340
0.363415241241455078
0.278354287147521973
0.181026726961135864
0.156061887741088867
0.341853618621826172
0.496534198522567749
0.475781887769699097
0.310374438762664795
0.143479764461517334
0.089476972818374634
-0.023550413548946381
-0.013391479849815369
0.555367231369018555
0.502076804637908936
0.495847761631011963
0.422920882701873779
0.395022094249725342
0.471198827028274536
0.510035157203674316
0.508837699890136719
0.458119511604309082
0.408708125352859497
0.406220734119415283
0.294677019119262695
0.186067298054695129
0.109058536589145660
0.104929566383361816
0.119525566697120667
0.096799530088901520
0.101423859596252441
0.126740664243698120
0.163801640272140503
0.151102438569068909
0.105227738618850708
0.089451447129249573
0.087446741759777069
0.014415189623832703
-0.066517129540443420
-0.278131365776062012
-0.327395558357238770
-0.352660208940505981
-0.341682821512222290
-0.319240182638168335
-0.281519621610641479
-0.254698425531387329
-0.261550366878509521
-0.312855690717697144
-0.331764817237854004
-0.339421033859252930
-0.359249413013458252
-0.356527030467987061
-0.652958333492279053
-0.655744194984436035
-0.661618947982788086
-0.663733124732971191
-0.665835261344909668
-0.651184320449829102
-0.637994229793548584
-0.636474251747131348
-0.656622409820556641
-0.662783265113830566
-0.682377219200134277
-0.700611531734466553
-0.712416827678680420
-8.844894409179687500
-8.991477966308593750
-9.502165794372558594
-9.217574119567871094
-8.807844161987304688
-8.079953193664550781
-7.240423202514648438
-7.748997211456298828
-8.513827323913574219
-8.791933059692382812
-8.714100837707519531
-7.960978507995605469
-7.760149478912353516
-9.204907417297363281
-9.005118370056152344
-9.219766616821289062
-9.103751182556152344
-8.627569198608398438
-7.533720493316650391
-6.313960075378417969
-7.143249988555908203
-8.154600143432617188
-8.536008834838867188
-8.463409423828125000
-7.928996086120605469
-8.095900535583496094
-9.353365898132324219
-9.109654426574707031
-9.443273544311523438
-9.362210273742675781
-8.753290176391601562
-7.523796081542968750
-5.890377521514892578
-6.588052272796630859
-7.904413223266601562
-8.547201156616210938
-8.521217346191406250
-8.065783500671386719
-8.504945755004882812
-8.790596961975097656
-8.396184921264648438
-8.593094825744628906
-8.439910888671875000
-7.693435668945312500
-6.238167285919189453
-4.253257751464843750
-4.810996532440185547
-6.793869018554687500
-7.498490810394287109
-7.692935466766357422
-7.469551086425781250
-8.088769912719726562
-8.779920578002929688
-8.146808624267578125
-8.173768997192382812
-8.048887252807617188
-7.238544940948486328
-5.663005352020263672
-3.674947977066040039
-4.492688179016113281
-6.311127185821533203
-6.977061271667480469
-7.437811851501464844
-7.334707736968994141
-8.038808822631835938
-8.152279853820800781
-7.608463764190673828
-7.817149162292480469
-7.819295883178710938
-7.202120304107666016
-5.945274829864501953
-4.771157264709472656
-5.082538604736328125
-6.414663314819335938
-7.008536815643310547
-7.318188190460205078
-7.081308841705322266
-7.806550979614257812
-7.913619041442871094
-7.714155673980712891
-8.140518188476562500
-8.076529502868652344
-7.670454025268554688
-6.939172744750976562
-6.110347747802734375
-6.346940994262695312
-7.069293975830078125
-7.431774616241455078
-7.576267719268798828
-7.152434825897216797
-7.508828639984130859
-0.508271813392639160
-0.605861544609069824
-0.730883479118347168
-0.759119153022766113
-0.779693365097045898
-0.927877902984619141
-1.010034322738647461
-0.949573874473571777
-0.826896309852600098
-0.790219306945800781
-0.776673078536987305
-0.787183761596679688
-0.655646324157714844
-0.423714399337768555
-0.587536692619323730
-0.773885488510131836
-0.782011628150939941
-0.782219767570495605
-0.958160758018493652
-1.118098378181457520
-1.008364439010620117
-0.852645874023437500
-0.829730272293090820
-0.848848104476928711
-0.811344742774963379
-0.612024188041687012
-0.543399691581726074
-0.743734717369079590
-0.868950605392456055
-0.863939166069030762
-0.924059033393859863
-1.159706115722656250
-1.304142951965332031
-1.205692291259765625
-0.993509888648986816
-0.983291983604431152
-1.009950637817382812
-0.964423537254333496
-0.692837953567504883
-0.609235405921936035
-0.818426966667175293
-0.969126224517822266
-0.982059359550476074
-1.104655742645263672
-1.371248006820678711
-1.577973723411560059
-1.478745698928833008
-1.242448210716247559
-1.178500175476074219
-1.188058853149414062
-1.061619043350219727
-0.778287768363952637
-0.768039226531982422
-1.071799635887145996
-1.270458340644836426
-1.274084806442260742
-1.409929037094116211
-1.726777911186218262
-1.859670639038085938
-1.837004184722900391
-1.562502622604370117
-1.476535797119140625
-1.455791711807250977
-1.255730271339416504
-0.912261605262756348
-1.007905960083007812
-1.358417272567749023
-1.610657691955566406
-1.581633567810058594
-1.657830595970153809
-1.913747310638427734
-1.999186515808105469
-1.983677625656127930
-1.846547961235046387
-1.752972722053527832
-1.705387353897094727
-1.425158977508544922
-1.068270087242126465
-1.211699366569519043
-1.493219852447509766
-1.660035848617553711
-1.627679705619812012
-1.603985548019409180
-1.685622930526733398
-1.764679312705993652
-1.712048292160034180
-1.626268386840820312
-1.624397039413452148
-1.641922235488891602
-1.439481377601623535
-1.148713111877441406
-2.214259862899780273
-2.106755733489990234
-2.022877931594848633
-2.021117687225341797
-1.941105365753173828
-1.753577589988708496
-1.647223114967346191
-1.873381495475769043
-2.074327468872070312
-2.178800106048583984
-2.228026866912841797
-2.182806015014648438
-2.201973915100097656
-2.382441282272338867
-2.301772594451904297
-2.175923824310302734
-2.221084356307983398
-2.188912630081176758
-2.094893455505371094
-2.004610061645507812
-2.071162223815917969
-2.249460220336914062
-2.327273845672607422
-2.333394289016723633
-2.315662145614624023
-2.323952913284301758
-2.388849973678588867
-2.308348178863525391
-2.170752525329589844
-2.214519500732421875
-2.281474828720092773
-2.256603479385375977
-2.177295923233032227
-2.101247549057006836
-2.274790287017822266
-2.327154159545898438
-2.289967536926269531
-2.286702156066894531
-2.364572048187255859
-2.384188652038574219
-2.291468143463134766
-2.159222602844238281
-2.201086044311523438
-2.285182952880859375
-2.205620765686035156
-2.029335498809814453
-1.949968457221984863
-2.151187419891357422
-2.214816093444824219
-2.218513011932373047
-2.244240760803222656
-2.373005867004394531
-2.206559658050537109
-2.024415493011474609
-1.906836748123168945
-1.993310213088989258
-2.020152807235717773
-1.870273947715759277
-1.703495264053344727
-1.630734324455261230
-1.891488194465637207
-1.984624028205871582
-2.048628330230712891
-2.108762264251708984
-2.292111873626708984
-1.980888485908508301
-1.719581127166748047
-1.576845169067382812
-1.678614974021911621
-1.601650834083557129
-1.476413011550903320
-1.410010337829589844
-1.415678262710571289
-1.537844777107238770
-1.668293595314025879
-1.729870438575744629
-1.836803078651428223
-2.034668922424316406
-1.794188141822814941
-1.573083639144897461
-1.368194937705993652
-1.392470836639404297
-1.385145187377929688
-1.352505326271057129
-1.394606351852416992
-1.390357732772827148
-1.434664368629455566
-1.472837448120117188
-1.504259228706359863
-1.643796086311340332
-1.867823362350463867
-0.872248649597167969
-0.888844847679138184
-0.865234375000000000
-0.829495489597320557
-0.840593814849853516
-0.804412543773651123
-0.839970529079437256
-0.655129313468933105
-0.710540473461151123
-0.702395260334014893
-0.692246019840240479
-0.642510831356048584
-0.704386055469512939
-1.040717959403991699
-0.997159957885742188
-0.927708148956298828
-0.897328972816467285
-0.913639664649963379
-0.755456089973449707
-0.710811018943786621
-0.675501167774200439
-0.783775448799133301
-0.768737375736236572
-0.728922724723815918
-0.688603222370147705
-0.803969025611877441
-0.962650775909423828
-0.889521002769470215
-0.884898066520690918
-0.874111533164978027
-0.792333364486694336
-0.522344410419464111
-0.376614630222320557
-0.497053086757659912
-0.671230435371398926
-0.650237977504730225
-0.616717994213104248
-0.561745285987854004
-0.715988874435424805
-0.887195587158203125
-0.810563147068023682
-0.773943424224853516
-0.743591845035552979
-0.585702478885650635
-0.289259642362594604
-0.187909424304962158
-0.238915503025054932
-0.427869200706481934
-0.468212425708770752
-0.447053432464599609
-0.473188459873199463
-0.619850993156433105
-0.764820754528045654
-0.613181471824645996
-0.510228455066680908
-0.466217100620269775
-0.305448025465011597
-0.021966382861137390
-0.189290046691894531
-0.150462538003921509
-0.133223474025726318
-0.188811510801315308
-0.186137616634368896
-0.296189516782760620
-0.493414402008056641
-0.535062909126281738
-0.346571832895278931
-0.180339992046356201
-0.163744837045669556
-0.097169727087020874
0.017875112593173981
-0.112908065319061279
-0.067477092146873474
0.066415943205356598
0.066717579960823059
0.034789584577083588
-0.154001742601394653
-0.376765966415405273
-0.257161617279052734
-0.106421664357185364
-0.030354827642440796
-0.044362634420394897
-0.080874621868133545
-0.099097549915313721
-0.085150063037872314
-0.107929900288581848
-0.078974202275276184
-0.006581023335456848
0.026927806437015533
-0.072466179728507996
-0.227991282939910889
