0.403628289699554443
-0.164105206727981567
-0.230906516313552856
-0.177661240100860596
-0.108395591378211975
0.078587591648101807
-0.069204077124595642
-0.048935905098915100
-0.247606009244918823
-0.147928297519683838
0.112735420465469360
0.098514020442962646
-0.185731917619705200
-0.300306707620620728
-0.024112612009048462
0.199466764926910400
-0.296505123376846313
-0.091697558760643005
0.239138454198837280
0.046022444963455200
-0.038624078035354614
-0.014456987380981445
-0.046590685844421387
0.017951898276805878
0.322138935327529907
-0.468911826610565186
0.324352413415908813
-0.349308162927627563
-0.525278925895690918
-0.436583787202835083
-0.183156400918960571
-0.128022283315658569
-0.197341948747634888
-0.129003047943115234
-0.404204010963439941
-0.215524807572364807
-0.014316052198410034
-0.089359670877456665
-0.392836749553680420
-0.489770859479904175
-0.177463918924331665
0.064708381891250610
-0.391185790300369263
-0.284635275602340698
-0.082465559244155884
-0.110814839601516724
-0.024697989225387573
-0.195223540067672729
-0.144704520702362061
-0.168933510780334473
0.346926450729370117
-0.473123013973236084
0.421691894531250000
-0.305623590946197510
-0.338607072830200195
-0.417682051658630371
-0.259933978319168091
-0.272612571716308594
-0.139783814549446106
-0.149199470877647400
-0.294757992029190063
-0.200163856148719788
0.006943076848983765
-0.178695023059844971
-0.175299197435379028
-0.257313936948776245
-0.034978896379470825
0.014743864536285400
-0.221156477928161621
-0.173109397292137146
-0.081473559141159058
0.014706417918205261
-0.132057905197143555
0.087590396404266357
-0.251248359680175781
0.092860341072082520
0.167395800352096558
-0.367718517780303955
0.265109926462173462
-0.227670997381210327
-0.359849333763122559
-0.253725260496139526
-0.313431560993194580
-0.325271993875503540
-0.204658970236778259
-0.177156239748001099
-0.252023518085479736
-0.201826274394989014
-0.064334452152252197
-0.192701131105422974
-0.162350893020629883
-0.338740557432174683
-0.049262940883636475
0.367182374000549316
-0.196326136589050293
-0.531691193580627441
-0.099875777959823608
-0.143449917435646057
-0.155676662921905518
-0.028019666671752930
-0.298810869455337524
0.130539953708648682
0.278415560722351074
-0.310011684894561768
0.258384197950363159
-0.137427538633346558
-0.431138932704925537
-0.327899724245071411
-0.217680424451828003
-0.194861024618148804
-0.158059284090995789
-0.055887699127197266
-0.189725235104560852
-0.086607724428176880
-0.009352684020996094
-0.322375595569610596
-0.005430869758129120
-0.217890888452529907
-0.285747706890106201
-0.117681428790092468
-0.152157783508300781
-0.027631819248199463
-0.094495147466659546
-0.256300866603851318
-0.162079840898513794
-0.019609510898590088
-0.208758547902107239
0.139832973480224609
0.267852306365966797
-0.398556411266326904
0.367164075374603271
-0.120136484503746033
-0.507194638252258301
-0.276230096817016602
-0.223714783787727356
-0.098908036947250366
-0.142150908708572388
-0.029593899846076965
-0.178837403655052185
0.136496156454086304
0.060436964035034180
-0.434279024600982666
-0.261255770921707153
-0.197529792785644531
-0.283257603645324707
-0.130262583494186401
-0.264879614114761353
-0.003346800804138184
-0.175567030906677246
-0.277087837457656860
-0.101900190114974976
-0.087492287158966064
-0.202063962817192078
0.027288779616355896
0.217184454202651978
-0.334907531738281250
0.408256351947784424
-0.175536170601844788
-0.578918278217315674
-0.277867794036865234
-0.149161756038665771
-0.131312251091003418
-0.188892796635627747
0.021989837288856506
-0.191102921962738037
0.106470704078674316
0.138761103153228760
-0.350363343954086304
-0.258054405450820923
-0.213983744382858276
-0.329542368650436401
-0.286970198154449463
-0.236809015274047852
0.034788504242897034
-0.249643638730049133
-0.242350399494171143
-0.075769126415252686
-0.209035024046897888
-0.244976833462715149
0.095319807529449463
0.142199367284774780
-0.371771812438964844
0.294070959091186523
-0.254810035228729248
-0.483916819095611572
-0.311655879020690918
-0.131308704614639282
-0.071992293000221252
-0.125982969999313354
0.051897048950195312
-0.183429598808288574
-0.091238841414451599
-0.186144322156906128
-0.214690625667572021
-0.064407296478748322
-0.269171357154846191
-0.174636185169219971
-0.235742062330245972
-0.303838610649108887
-0.013899803161621094
-0.177607059478759766
-0.306642353534698486
-0.171711608767509460
-0.103144377470016479
-0.164067149162292480
-0.078144416213035583
-0.094967752695083618
-0.391877174377441406
0.345799207687377930
-0.242098346352577209
-0.372562825679779053
-0.286233603954315186
-0.058466702699661255
-0.164306640625000000
-0.288113862276077271
-0.059969484806060791
-0.187633365392684937
-0.147390305995941162
-0.199391633272171021
-0.163037508726119995
0.089243650436401367
-0.202889382839202881
-0.002620622515678406
-0.239648014307022095
-0.508077621459960938
-0.121021717786788940
-0.172805726528167725
-0.240824162960052490
-0.223162800073623657
-0.021427869796752930
-0.165022820234298706
-0.138465881347656250
0.030316978693008423
-0.403758823871612549
0.455621957778930664
-0.260849058628082275
-0.435456365346908569
-0.399748206138610840
0.028855949640274048
-0.104193001985549927
-0.326396882534027100
0.046381294727325439
-0.303297191858291626
-0.157153099775314331
-0.077746212482452393
0.008155554533004761
0.001853704452514648
-0.344273120164871216
-0.202913314104080200
-0.161171734333038330
-0.314970374107360840
-0.072903126478195190
-0.159717768430709839
-0.453949093818664551
-0.184878870844841003
0.041555583477020264
-0.114628523588180542
-0.186706736683845520
0.027902185916900635
-0.415689110755920410
0.510292172431945801
-0.231561601161956787
-0.435270756483078003
-0.402882754802703857
0.081142336130142212
-0.173185288906097412
-0.261820435523986816
-0.000843942165374756
-0.431954503059387207
-0.254000395536422729
-0.089107513427734375
0.041448518633842468
-0.046158805489540100
-0.235826343297958374
-0.251980274915695190
-0.134823709726333618
-0.169380873441696167
-0.056852161884307861
-0.140604078769683838
-0.508228778839111328
-0.264937520027160645
0.026146128773689270
-0.041760563850402832
0.021176531910896301
0.048746585845947266
-0.527573347091674805
0.625384628772735596
-0.039961844682693481
-0.462172150611877441
-0.281615436077117920
0.119666785001754761
-0.124793842434883118
0.183725267648696899
0.129457876086235046
-0.419893443584442139
-0.264356136322021484
-0.110002741217613220
-0.171289324760437012
0.023245751857757568
-0.085609495639801025
-0.150231733918190002
-0.069741874933242798
-0.105041444301605225
-0.093709737062454224
0.058908194303512573
-0.212306499481201172
-0.076844066381454468
-0.016957461833953857
0.079575181007385254
0.138441368937492371
0.000881552696228027
-0.692739427089691162
0.500234901905059814
-0.150045931339263916
-0.456598848104476929
-0.162381038069725037
0.051179826259613037
-0.022046029567718506
0.392684757709503174
0.290451854467391968
0.069583505392074585
-0.190400719642639160
0.049607038497924805
-0.240401655435562134
-0.036209680140018463
-0.281738042831420898
0.033329933881759644
0.181779533624649048
0.110594332218170166
0.237093448638916016
0.295131832361221313
-0.145565152168273926
0.054194793105125427
-0.020925372838973999
0.157989174127578735
0.024363219738006592
0.181112676858901978
-0.556318759918212891
0.532818377017974854
-0.179747283458709717
-0.281578987836837769
-0.039858419448137283
-0.058148726820945740
-0.042508084326982498
0.331594347953796387
0.226498067378997803
-0.150073856115341187
-0.205435335636138916
0.198239713907241821
-0.620520770549774170
-0.333366572856903076
-0.194711059331893921
0.398017227649688721
0.220679968595504761
-0.050738632678985596
0.224723458290100098
0.211468636989593506
-0.389672517776489258
0.073691546916961670
-0.012613683938980103
0.035926178097724915
0.332599312067031860
0.224392086267471313
-0.682900011539459229
0.704262793064117432
0.763700246810913086
0.870897710323333740
0.801763236522674561
0.756365299224853516
0.702889502048492432
0.604478120803833008
0.561344623565673828
0.587219178676605225
0.672577619552612305
0.685118496417999268
0.558851480484008789
0.511564016342163086
0.567862868309020996
0.489059865474700928
0.486886382102966309
0.608842015266418457
0.745260119438171387
0.543172538280487061
0.452752351760864258
0.546793162822723389
0.560721635818481445
0.644272804260253906
0.583303332328796387
0.553144872188568115
0.441210329532623291
-0.361178576946258545
-0.086109459400177002
-0.209010958671569824
-0.188555955886840820
-0.197331607341766357
-0.287250876426696777
-0.415050148963928223
-0.366750538349151611
-0.300333678722381592
-0.176984190940856934
-0.235990464687347412
-0.568689942359924316
-0.547800540924072266
-0.211425900459289551
-0.357881367206573486
-0.605521440505981445
-0.469919085502624512
-0.157698988914489746
-0.289259850978851318
-0.701044440269470215
-0.682470679283142090
-0.291161179542541504
-0.246636092662811279
-0.125786483287811279
-0.702015161514282227
-0.469046533107757568
-0.204051077365875244
-0.146225571632385254
0.009637176990509033
0.182511448860168457
0.127069890499114990
-0.060996353626251221
-0.082180261611938477
-0.119118034839630127
-0.082228302955627441
0.038919568061828613
0.056985318660736084
0.066763699054718018
0.019619941711425781
0.039158642292022705
0.108887314796447754
0.377800703048706055
0.997799754142761230
0.490796864032745361
0.275833368301391602
0.015414476394653320
-0.081753671169281006
-0.035013735294342041
-0.066543459892272949
-0.059539020061492920
-0.457196116447448730
-0.410400867462158203
-0.213614106178283691
-0.298143982887268066
-0.159753203392028809
-0.131820678710937500
0.023054569959640503
-0.127675175666809082
-0.120805919170379639
-0.200316607952117920
-0.058713912963867188
-0.027971208095550537
-0.031722784042358398
0.041990250349044800
0.047425568103790283
0.179863184690475464
0.150044739246368408
0.091007232666015625
0.035168230533599854
-0.033700227737426758
0.088778078556060791
0.064663559198379517
0.042325854301452637
-0.089775919914245605
-0.215796113014221191
-0.192963719367980957
-0.195574939250946045
-0.223182082176208496
-0.229344189167022705
-0.164844691753387451
-0.151739060878753662
-0.178351521492004395
-0.063355565071105957
-0.048003971576690674
-0.051231563091278076
-0.063454210758209229
-0.118301689624786377
0.176316827535629272
0.306306302547454834
0.167811989784240723
0.029932409524917603
0.088251531124114990
0.139533340930938721
0.002008736133575439
-0.287756919860839844
0.141143769025802612
0.041854292154312134
0.207555651664733887
0.088416874408721924
-0.008234500885009766
-0.175647318363189697
-0.064198791980743408
-0.088862597942352295
-0.192188501358032227
-0.310814559459686279
0.051178187131881714
-0.070076644420623779
-0.024223864078521729
0.025418579578399658
-0.008025825023651123
0.014689207077026367
0.143752723932266235
0.043578952550888062
0.167400449514389038
0.536986589431762695
0.800848841667175293
0.272569388151168823
0.324646592140197754
0.276780605316162109
0.218697190284729004
0.063732624053955078
0.192529737949371338
0.001052737236022949
0.132985532283782959
0.065398156642913818
-0.050962805747985840
-0.050829589366912842
-0.029265403747558594
-0.263404905796051025
-0.343048453330993652
-0.129076600074768066
-0.237360715866088867
-0.014647245407104492
-0.093671381473541260
-0.126726210117340088
-0.025856614112854004
-0.037299990653991699
0.048199176788330078
0.267164438962936401
0.108168303966522217
0.066067695617675781
-0.003109693527221680
0.066757977008819580
-0.080618858337402344
-0.108138978481292725
-0.010908424854278564
0.074267029762268066
0.216693907976150513
0.267328023910522461
0.195692151784896851
0.129130244255065918
0.063139796257019043
0.208766281604766846
0.171501278877258301
-0.209194123744964600
-0.300837516784667969
-0.053852379322052002
-0.194419264793395996
-0.014571547508239746
0.022500813007354736
0.151925295591354370
0.087338984012603760
-0.038102388381958008
-0.082434833049774170
-0.015340328216552734
-0.066015303134918213
-0.327508091926574707
-0.393195152282714844
-0.184679329395294189
0.114391595125198364
0.351200103759765625
0.422984421253204346
0.304126441478729248
0.047270148992538452
0.094251662492752075
0.236443549394607544
0.064035892486572266
0.072635203599929810
0.149084717035293579
0.041579335927963257
-0.239868283271789551
-0.328118443489074707
-0.183916032314300537
-0.145648002624511719
-0.071273028850555420
-0.093223035335540771
0.052294909954071045
0.056916415691375732
0.149058461189270020
0.211293816566467285
0.221253573894500732
0.185182392597198486
0.225219070911407471
0.284968167543411255
0.201717138290405273
0.166103482246398926
0.186866819858551025
0.288290113210678101
0.163384884595870972
0.100285321474075317
-0.017248928546905518
0.069968670606613159
0.084656804800033569
0.199061930179595947
0.299244523048400879
0.052944093942642212
0.095232725143432617
-0.223460495471954346
-0.009970068931579590
0.217734307050704956
0.228252261877059937
0.148668944835662842
0.072033911943435669
0.156649887561798096
0.085297644138336182
-0.023953258991241455
0.061749279499053955
0.069408088922500610
0.192422151565551758
0.231089234352111816
0.523050725460052490
0.286199122667312622
0.034324347972869873
0.061876624822616577
0.237756699323654175
0.422020167112350464
0.421197831630706787
0.287373036146163940
0.307764559984207153
0.190149784088134766
0.207505643367767334
0.104743510484695435
0.085721671581268311
-0.023974597454071045
-0.038159847259521484
0.337444007396697998
0.278037488460540771
0.200439184904098511
0.094330549240112305
-0.099449694156646729
0.007363259792327881
0.129294037818908691
0.071710318326950073
0.144626349210739136
0.132840126752853394
-0.000271439552307129
-0.022509694099426270
0.107161164283752441
0.276081919670104980
-0.096437215805053711
-0.124965012073516846
-0.233926296234130859
-0.272049307823181152
-0.318207383155822754
-0.253865718841552734
-0.431019127368927002
-0.312411904335021973
0.162932336330413818
0.066577672958374023
-0.209056913852691650
-0.028082191944122314
0.051388293504714966
0.357703447341918945
0.121604114770889282
0.198326736688613892
0.035601764917373657
0.134144186973571777
0.074530959129333496
0.142414391040802002
0.209910005331039429
0.167430788278579712
-0.046401619911193848
-0.108451128005981445
-0.121812999248504639
0.061978816986083984
-0.039901018142700195
-0.114167153835296631
-0.039192140102386475
-0.197392642498016357
-0.010764062404632568
0.064953386783599854
0.080339223146438599
0.228916794061660767
0.429907202720642090
0.210873335599899292
0.085552811622619629
0.644691526889801025
0.605616986751556396
0.912920475006103516
1.014690518379211426
1.359159469604492188
1.230955243110656738
1.290986418724060059
1.248927235603332520
1.446427822113037109
1.374386906623840332
1.507583141326904297
1.636790752410888672
1.146844267845153809
1.090481996536254883
1.118019104003906250
1.796914339065551758
1.732815623283386230
1.970842242240905762
1.920210838317871094
1.599454998970031738
1.375079870223999023
1.343120574951171875
1.216756224632263184
1.334779143333435059
1.487938046455383301
0.923804759979248047
-0.621358156204223633
-0.511812567710876465
-0.467314124107360840
-0.394684076309204102
-0.296467423439025879
-0.330012500286102295
-0.410117328166961670
-0.370196700096130371
-0.455204486846923828
-0.441017091274261475
-0.363954007625579834
-0.369663000106811523
-0.410498380661010742
-0.526834249496459961
-0.441806733608245850
-0.330584764480590820
-0.279056787490844727
-0.223037779331207275
-0.234447538852691650
-0.293377161026000977
-0.398115873336791992
-0.436435639858245850
-0.379466235637664795
-0.320951640605926514
-0.317695677280426025
-0.279016375541687012
-0.156326770782470703
0.353519618511199951
0.473150849342346191
0.292742073535919189
0.317515015602111816
0.423498213291168213
0.392157435417175293
0.336908519268035889
0.337128520011901855
0.400375366210937500
0.454869985580444336
0.212123095989227295
0.322463154792785645
0.346913814544677734
0.258105754852294922
0.438905119895935059
0.269469857215881348
0.564207255840301514
0.300348639488220215
0.283835589885711670
0.176542282104492188
0.372645080089569092
0.191409647464752197
0.571767330169677734
0.293790698051452637
-0.194718241691589355
-0.225202083587646484
0.334703445434570312
0.502374589443206787
0.256080031394958496
0.304182887077331543
0.327233791351318359
0.276355564594268799
0.261483907699584961
0.233358323574066162
0.430779039859771729
0.333840548992156982
0.178773760795593262
0.287872016429901123
0.252559304237365723
0.139045238494873047
0.381502866744995117
0.182549715042114258
0.420222222805023193
0.256124854087829590
0.200795054435729980
0.078942298889160156
0.311694920063018799
0.082815885543823242
0.434015691280364990
0.194161057472229004
-0.284892916679382324
-0.185626149177551270
0.363973975181579590
0.713939666748046875
0.338090240955352783
0.460354566574096680
0.422122478485107422
0.440850615501403809
0.450809538364410400
0.458473920822143555
0.539341151714324951
0.462457418441772461
0.246749162673950195
0.478204190731048584
0.449592232704162598
0.409011662006378174
0.455629885196685791
0.111679315567016602
0.476437389850616455
0.334414839744567871
0.402691900730133057
0.283836364746093750
0.518258333206176758
0.219310164451599121
0.576428771018981934
0.262580633163452148
-0.344635009765625000
-0.280085325241088867
0.408277273178100586
0.693333506584167480
0.284225761890411377
0.460865974426269531
0.460299670696258545
0.463011741638183594
0.507778644561767578
0.525388538837432861
0.483682811260223389
0.474785029888153076
0.276162087917327881
0.500301182270050049
0.313919723033905029
0.398014605045318604
0.438408255577087402
0.118574678897857666
0.384313166141510010
0.283844470977783203
0.438120186328887939
0.361303091049194336
0.416547477245330811
0.286295294761657715
0.598835289478302002
0.313231348991394043
-0.395114183425903320
-0.276629924774169922
0.452332437038421631
0.655479073524475098
0.326792120933532715
0.421639859676361084
0.454160153865814209
0.460750818252563477
0.510516345500946045
0.474187552928924561
0.373125135898590088
0.435065507888793945
0.275456488132476807
0.583433330059051514
0.255003869533538818
0.281434297561645508
0.559949874877929688
0.234084308147430420
0.420715928077697754
0.309904575347900391
0.359651029109954834
0.353997528553009033
0.437077164649963379
0.399053931236267090
0.633454382419586182
0.245573282241821289
-0.333175420761108398
-0.201811671257019043
0.453886210918426514
0.644278645515441895
0.413116931915283203
0.416665196418762207
0.498714923858642578
0.472350716590881348
0.496116399765014648
0.482019364833831787
0.447204172611236572
0.308520972728729248
0.071799278259277344
0.618823647499084473
0.305651724338531494
0.315317332744598389
0.568476438522338867
0.346448600292205811
0.406408190727233887
0.412851989269256592
0.304478406906127930
0.386216819286346436
0.452779650688171387
0.417962074279785156
0.569117903709411621
0.179046511650085449
-0.367838740348815918
-0.181146144866943359
0.423732161521911621
0.578244686126708984
0.437652289867401123
0.429295599460601807
0.502687692642211914
0.455312192440032959
0.470547676086425781
0.343144059181213379
0.568055510520935059
0.220208585262298584
0.114124238491058350
0.608940601348876953
0.399471342563629150
0.295994937419891357
0.451920151710510254
0.362233638763427734
0.442922890186309814
0.411190032958984375
0.314230620861053467
0.384693205356597900
0.427875041961669922
0.387091219425201416
0.556276142597198486
0.175658702850341797
-0.345379590988159180
-0.245541095733642578
0.393638551235198975
0.610569477081298828
0.416682124137878418
0.471971094608306885
0.478386104106903076
0.412605822086334229
0.454364836215972900
0.266301035881042480
0.448844730854034424
0.323948681354522705
0.265413284301757812
0.557845473289489746
0.385668635368347168
0.302676677703857422
0.388076722621917725
0.299687802791595459
0.488481938838958740
0.333910584449768066
0.281533777713775635
0.427235841751098633
0.492054164409637451
0.438000082969665527
0.509809911251068115
0.269088387489318848
-0.309148550033569336
-0.213070511817932129
0.409598946571350098
0.638675630092620850
0.396894216537475586
0.509465813636779785
0.415398240089416504
0.413197576999664307
0.410375177860260010
0.277827978134155273
0.330718994140625000
0.316171288490295410
0.383725702762603760
0.653384923934936523
0.386426925659179688
0.437127649784088135
0.325342178344726562
0.158592283725738525
0.365193367004394531
0.322538197040557861
0.325715363025665283
0.500993907451629639
0.461552262306213379
0.352842390537261963
0.480356752872467041
0.272193670272827148
-0.299789905548095703
-0.166519284248352051
0.407303512096405029
0.565322816371917725
0.397143840789794922
0.523274302482604980
0.319609642028808594
0.421342730522155762
0.427999436855316162
0.337670147418975830
0.428864121437072754
0.413442969322204590
0.423722326755523682
0.524851500988006592
0.330742061138153076
0.426803648471832275
0.278575420379638672
0.235955357551574707
0.302790760993957520
0.275164127349853516
0.352188348770141602
0.494789719581604004
0.456815481185913086
0.336137413978576660
0.526583671569824219
0.287138283252716064
-0.313891053199768066
-0.131801724433898926
0.430057048797607422
0.647503256797790527
0.449402749538421631
0.616745114326477051
0.391327619552612305
0.428567349910736084
0.424107491970062256
0.497039675712585449
0.497904598712921143
0.516091942787170410
0.399272561073303223
0.472606062889099121
0.282220304012298584
0.350167572498321533
0.383046627044677734
0.257079541683197021
0.354209542274475098
0.288900971412658691
0.288386404514312744
0.453373372554779053
0.421178877353668213
0.436031579971313477
0.480300843715667725
0.269147217273712158
-0.260078787803649902
-0.079719662666320801
0.544933497905731201
0.838878512382507324
0.587128758430480957
0.697922348976135254
0.597259163856506348
0.315381169319152832
0.527190804481506348
0.495232224464416504
0.561037063598632812
0.636564910411834717
0.468433856964111328
0.652589917182922363
0.294417917728424072
0.436539292335510254
0.506573796272277832
0.400914788246154785
0.544574618339538574
0.400785744190216064
0.388556897640228271
0.545767068862915039
0.383589506149291992
0.713588893413543701
0.626435458660125732
0.298544287681579590
-0.191052913665771484
-0.158227443695068359
0.453941881656646729
0.767300724983215332
0.515080809593200684
0.503792941570281982
0.545226335525512695
-0.012320041656494141
0.518292903900146484
0.059730529785156250
0.399145543575286865
0.509701669216156006
0.111704587936401367
0.642937064170837402
0.312705814838409424
0.463432312011718750
0.121663331985473633
0.427149057388305664
0.297524750232696533
0.196615815162658691
0.216300725936889648
0.370287060737609863
0.191065847873687744
0.666685342788696289
0.579389035701751709
0.183634281158447266
-0.290359735488891602
-0.113911867141723633
0.377728879451751709
0.652278900146484375
0.478732585906982422
0.476379573345184326
0.562743544578552246
0.119406640529632568
0.521275877952575684
0.142109990119934082
0.426980376243591309
0.465234875679016113
0.141511976718902588
0.609128773212432861
0.404123365879058838
0.511541366577148438
0.173639059066772461
0.659479200839996338
0.461777031421661377
0.301543891429901123
0.368267416954040527
0.461011528968811035
0.311981618404388428
0.714637398719787598
0.615306138992309570
0.118834376335144043
-0.155922412872314453
-0.546261191368103027
-0.566245913505554199
-0.556106090545654297
-0.555542528629302979
-0.563325643539428711
-0.604959964752197266
-0.640373587608337402
-0.626213788986206055
-0.606507182121276855
-0.558200478553771973
-0.570047378540039062
-0.622221708297729492
-0.629388749599456787
-0.593216836452484131
-0.617797732353210449
-0.618757128715515137
-0.579090118408203125
-0.530378580093383789
-0.619439423084259033
-0.658072948455810547
-0.643313646316528320
-0.621821761131286621
-0.614430785179138184
-0.602336406707763672
-0.604190349578857422
-0.584834098815917969
-0.179985523223876953
-0.150095134973526001
-0.255258798599243164
-0.218001335859298706
-0.234347492456436157
-0.255192875862121582
-0.321435213088989258
-0.319566220045089722
-0.259179353713989258
-0.226092651486396790
-0.256193429231643677
-0.332953333854675293
-0.300572335720062256
-0.230742305517196655
-0.254251092672348022
-0.324276000261306763
-0.300884246826171875
-0.249913245439529419
-0.230404213070869446
-0.335713326930999756
-0.389206647872924805
-0.317089051008224487
-0.274455159902572632
-0.231528237462043762
-0.266718149185180664
-0.200517475605010986
0.122568190097808838
0.221262097358703613
0.079692319035530090
0.031515240669250488
-0.006132617592811584
0.035366103053092957
0.018963605165481567
0.013170495629310608
-0.024779796600341797
-0.023074761033058167
-0.041924923658370972
-0.020785212516784668
-0.000824958086013794
-0.005666464567184448
-0.012935787439346313
-0.061595186591148376
-0.222757846117019653
-0.153080046176910400
-0.111993685364723206
-0.013886243104934692
0.005476146936416626
-0.011699765920639038
0.044029459357261658
0.093833595514297485
0.195711046457290649
0.112642556428909302
0.289578050374984741
0.472276091575622559
0.190752655267715454
0.049804121255874634
0.063205271959304810
0.116872996091842651
0.131396710872650146
0.168481796979904175
0.114484935998916626
0.114981234073638916
0.087600409984588623
0.048530384898185730
0.114068895578384399
0.052053064107894897
-0.003538101911544800
-0.150555953383445740
-0.189614236354827881
-0.064190559089183807
0.018813222646713257
0.065849035978317261
0.070098832249641418
0.063482001423835754
0.122596651315689087
0.243960857391357422
0.240740507841110229
0.073915213346481323
0.170026868581771851
0.424000024795532227
0.214384257793426514
0.135112822055816650
0.105254769325256348
0.095162808895111084
0.104323625564575195
0.111441075801849365
0.124287188053131104
0.054087817668914795
0.044885605573654175
0.067665159702301025
0.127822071313858032
0.020940572023391724
0.034627735614776611
0.088493645191192627
0.081618115305900574
-0.057495310902595520
-0.003547489643096924
-0.027935519814491272
0.044541299343109131
0.107747167348861694
0.214244157075881958
0.266911149024963379
0.231774687767028809
0.099542140960693359
0.250778883695602417
0.454865038394927979
0.207325637340545654
0.102253943681716919
0.078922063112258911
0.044345051050186157
0.056942760944366455
0.051779076457023621
0.067551761865615845
-0.086789920926094055
-0.237918809056282043
-0.297279059886932373
-0.014365747570991516
0.006507456302642822
0.071771427989006042
0.034644246101379395
-0.013341948390007019
-0.059476360678672791
0.000252753496170044
-0.053327441215515137
0.030975088477134705
0.100391447544097900
0.130108028650283813
0.161198139190673828
0.149236500263214111
0.071471393108367920
0.198380947113037109
0.288409590721130371
0.168655574321746826
0.133648097515106201
0.133379936218261719
0.083405315876007080
0.021768510341644287
-0.001973271369934082
-0.031069740653038025
-0.051440700888633728
-0.196168124675750732
-0.223176926374435425
-0.077689811587333679
-0.021432220935821533
-0.039092004299163818
-0.040785342454910278
-0.031987980008125305
-0.011583596467971802
-0.018150240182876587
-0.027890920639038086
-0.032631248235702515
0.003251284360885620
-0.013006448745727539
0.082264482975006104
0.135595202445983887
0.038362726569175720
0.099659949541091919
0.236061334609985352
0.173429340124130249
0.132676571607589722
0.069196343421936035
0.066758856177330017
0.003385901451110840
-0.027364104986190796
-0.080560728907585144
-0.034347116947174072
0.011882603168487549
0.013887137174606323
-0.086471915245056152
-0.131327599287033081
-0.171743959188461304
-0.095043599605560303
0.011610478162765503
0.037266686558723450
-0.079574093222618103
-0.107767805457115173
-0.005496382713317871
0.020622879266738892
0.062502846121788025
0.197923451662063599
0.291401952505111694
0.210829913616180420
0.195866078138351440
0.344233512878417969
0.213331907987594604
0.167641341686248779
0.042547285556793213
0.064390867948532104
0.052770346403121948
-0.019173458218574524
-0.076491653919219971
-0.069089844822883606
-0.077537134289741516
-0.067691937088966370
-0.033356323838233948
0.003215610980987549
-0.082570180296897888
-0.123977646231651306
-0.068044751882553101
0.038414523005485535
0.032403111457824707
0.025923997163772583
0.023969963192939758
0.039187371730804443
0.077700302004814148
0.217402637004852295
0.180298298597335815
0.201752185821533203
0.173378676176071167
0.382150053977966309
0.109164118766784668
0.124008774757385254
0.055962458252906799
0.070703312754631042
0.105154156684875488
0.132009923458099365
0.118127226829528809
0.044973924756050110
-0.055845037102699280
-0.105290710926055908
-0.187308952212333679
-0.053148895502090454
-0.039096668362617493
0.028853029012680054
-0.019920423626899719
-0.010543301701545715
-0.029325336217880249
0.011426120996475220
-0.054724946618080139
-0.084068655967712402
-0.072262719273567200
0.061281561851501465
0.061970055103302002
0.010987773537635803
0.422288417816162109
0.588510632514953613
0.171566128730773926
0.100242197513580322
0.076771646738052368
0.108876138925552368
0.072723060846328735
0.113324910402297974
0.211505055427551270
0.126404047012329102
0.089639306068420410
-0.150431096553802490
-0.310956418514251709
-0.262406498193740845
-0.270351529121398926
-0.147031351923942566
-0.200554192066192627
-0.180896937847137451
-0.181252568960189819
-0.150123953819274902
-0.100095301866531372
-0.105364561080932617
-0.172140240669250488
-0.076060250401496887
-0.057113558053970337
0.065168529748916626
0.367262899875640869
0.468427598476409912
0.229606747627258301
0.134173989295959473
0.095400154590606689
0.105201095342636108
0.032460719347000122
0.059744819998741150
0.067612290382385254
0.067076742649078369
0.053882509469985962
0.032526299357414246
0.060414075851440430
-0.064561881124973297
-0.079871952533721924
-0.078027434647083282
0.001288115978240967
0.063325718045234680
0.044770821928977966
0.002229273319244385
0.009770244359970093
-0.014656797051429749
0.081133246421813965
0.143230617046356201
-0.075274422764778137
-0.057090051472187042
-0.169905066490173340
-0.144383519887924194
-0.227531313896179199
-0.258043587207794189
-0.374082565307617188
-0.334901839494705200
-0.356814861297607422
-0.354035317897796631
-0.423311501741409302
-0.388235926628112793
-0.435822039842605591
-0.484893113374710083
-0.309514999389648438
-0.289265722036361694
-0.313518941402435303
-0.515886306762695312
-0.492945253849029541
-0.569092631340026855
-0.560832023620605469
-0.459602534770965576
-0.394591361284255981
-0.385631591081619263
-0.327448129653930664
-0.362623512744903564
-0.435995966196060181
-0.389855384826660156
-0.468122124671936035
-0.503415703773498535
-0.522932648658752441
-0.562363028526306152
-0.606787085533142090
-0.588238000869750977
-0.557444691658020020
-0.586345791816711426
-0.542367100715637207
-0.544588923454284668
-0.583889961242675781
-0.574503242969512939
-0.544443488121032715
-0.497447133064270020
-0.545763134956359863
-0.598177552223205566
-0.627349317073822021
-0.654135048389434814
-0.646989226341247559
-0.613733768463134766
-0.565405368804931641
-0.547915220260620117
-0.562779545783996582
-0.592868089675903320
-0.580393671989440918
-0.609566211700439453
-7.887790203094482422
-7.875852584838867188
-7.785768032073974609
-7.848149776458740234
-7.949141025543212891
-7.917919635772705078
-7.817286491394042969
-7.770900249481201172
-7.758700847625732422
-7.918770313262939453
-7.927890777587890625
-7.388010025024414062
-7.343421936035156250
-7.589799404144287109
-7.761661529541015625
-7.702056407928466797
-7.804576396942138672
-8.149921417236328125
-7.906589031219482422
-7.526393413543701172
-7.356586456298828125
-7.451387405395507812
-7.256451606750488281
-7.247989177703857422
-7.101051807403564453
-6.810893058776855469
-8.337249755859375000
-8.393292427062988281
-8.407621383666992188
-8.768189430236816406
-8.919807434082031250
-9.249029159545898438
-9.172077178955078125
-8.827547073364257812
-8.858223915100097656
-9.077875137329101562
-9.014036178588867188
-8.428670883178710938
-8.489481925964355469
-8.801811218261718750
-9.061269760131835938
-8.999887466430664062
-8.961757659912109375
-9.277084350585937500
-9.373888015747070312
-8.972384452819824219
-8.347620964050292969
-8.243448257446289062
-7.588432788848876953
-7.594294548034667969
-7.130964756011962891
-6.575227737426757812
-8.564830780029296875
-8.724351882934570312
-8.775115966796875000
-8.772289276123046875
-9.199661254882812500
-9.712434768676757812
-9.793563842773437500
-9.539810180664062500
-9.343536376953125000
-9.572383880615234375
-9.511451721191406250
-9.121801376342773438
-9.321097373962402344
-9.418758392333984375
-9.568361282348632812
-9.332997322082519531
-8.623657226562500000
-9.359998703002929688
-9.649292945861816406
-9.647811889648437500
-9.208305358886718750
-8.929462432861328125
-8.355175018310546875
-8.445137023925781250
-8.267663955688476562
-7.797143459320068359
-8.021899223327636719
-8.641961097717285156
-8.790237426757812500
-8.651262283325195312
-9.230581283569335938
-9.798093795776367188
-9.874210357666015625
-9.931128501892089844
-9.684545516967773438
-9.732473373413085938
-9.668765068054199219
-9.250626564025878906
-9.560817718505859375
-9.342247962951660156
-9.532350540161132812
-9.230225563049316406
-8.717958450317382812
-9.170189857482910156
-9.560951232910156250
-9.587322235107421875
-9.400575637817382812
-9.223744392395019531
-8.841571807861328125
-8.754922866821289062
-8.462995529174804688
-7.136202812194824219
-8.333633422851562500
-8.908616065979003906
-9.251575469970703125
-9.275823593139648438
-9.649967193603515625
-10.147764205932617188
-10.168291091918945312
-10.103629112243652344
-9.881925582885742188
-9.525009155273437500
-9.406511306762695312
-9.146675109863281250
-9.443040847778320312
-9.220689773559570312
-9.283942222595214844
-9.608169555664062500
-9.483523368835449219
-9.447381973266601562
-9.438718795776367188
-9.374242782592773438
-9.503369331359863281
-9.508781433105468750
-9.360115051269531250
-9.427022933959960938
-8.869813919067382812
-7.636003494262695312
-9.022786140441894531
-9.176568984985351562
-9.576349258422851562
-9.578042984008789062
-9.672752380371093750
-10.027015686035156250
-10.136150360107421875
-9.924125671386718750
-9.781816482543945312
-9.009654045104980469
-8.376040458679199219
-7.783824920654296875
-8.736942291259765625
-9.045848846435546875
-9.162820816040039062
-9.411142349243164062
-9.381443023681640625
-9.304176330566406250
-9.280691146850585938
-9.272891998291015625
-9.488264083862304688
-9.505897521972656250
-9.507753372192382812
-9.482824325561523438
-9.140173912048339844
-7.885320663452148438
-9.092821121215820312
-9.204687118530273438
-9.675598144531250000
-9.794559478759765625
-9.910974502563476562
-10.238615036010742188
-10.390693664550781250
-10.194812774658203125
-9.683889389038085938
-9.428393363952636719
-8.415935516357421875
-8.030071258544921875
-8.698192596435546875
-9.048762321472167969
-8.876362800598144531
-9.385667800903320312
-9.708792686462402344
-9.582424163818359375
-9.369844436645507812
-9.249658584594726562
-9.366481781005859375
-9.245790481567382812
-9.219528198242187500
-9.400130271911621094
-9.245117187500000000
-8.249258041381835938
-8.838783264160156250
-9.208677291870117188
-9.747440338134765625
-9.934263229370117188
-9.930856704711914062
-10.315043449401855469
-10.381700515747070312
-10.207326889038085938
-9.571886062622070312
-9.629848480224609375
-9.254531860351562500
-9.445809364318847656
-9.357404708862304688
-8.996939659118652344
-8.481948852539062500
-9.167491912841796875
-9.566560745239257812
-9.584150314331054688
-9.147129058837890625
-8.860286712646484375
-9.179141998291015625
-9.161801338195800781
-9.086937904357910156
-9.347307205200195312
-9.553703308105468750
-8.831813812255859375
-8.876689910888671875
-9.075728416442871094
-9.784935951232910156
-9.852537155151367188
-9.883787155151367188
-10.031744003295898438
-10.323434829711914062
-10.240581512451171875
-9.869096755981445312
-9.866118431091308594
-9.749940872192382812
-9.805271148681640625
-9.846322059631347656
-9.355524063110351562
-8.869094848632812500
-8.987745285034179688
-9.151262283325195312
-9.186875343322753906
-9.356304168701171875
-9.143056869506835938
-9.412302970886230469
-9.261678695678710938
-9.131490707397460938
-9.577766418457031250
-9.552274703979492188
-8.882719039916992188
-8.556842803955078125
-9.075838088989257812
-9.301156997680664062
-9.789257049560546875
-9.856351852416992188
-9.890717506408691406
-10.159914016723632812
-10.318603515625000000
-10.011497497558593750
-10.195485115051269531
-10.087192535400390625
-9.800108909606933594
-9.267469406127929688
-9.229835510253906250
-9.183384895324707031
-9.201654434204101562
-8.937837600708007812
-8.805234909057617188
-8.807558059692382812
-8.840524673461914062
-8.973134994506835938
-8.955144882202148438
-8.522117614746093750
-9.068916320800781250
-9.189289093017578125
-8.230504989624023438
-8.616773605346679688
-8.961357116699218750
-9.096222877502441406
-9.234406471252441406
-9.557470321655273438
-9.441377639770507812
-9.566520690917968750
-9.588788032531738281
-9.699525833129882812
-10.015931129455566406
-10.044132232666015625
-9.379116058349609375
-8.695442199707031250
-8.374101638793945312
-8.628183364868164062
-8.838979721069335938
-8.717288970947265625
-8.700785636901855469
-8.852838516235351562
-8.698932647705078125
-9.181157112121582031
-9.077115058898925781
-8.442913055419921875
-8.415910720825195312
-8.583959579467773438
-8.037809371948242188
-8.007884979248046875
-8.485275268554687500
-8.685758590698242188
-8.806007385253906250
-9.266897201538085938
-9.311053276062011719
-8.780242919921875000
-8.840469360351562500
-8.614713668823242188
-9.218940734863281250
-9.291881561279296875
-9.053234100341796875
-8.720499992370605469
-8.155311584472656250
-8.361394882202148438
-8.293097496032714844
-8.570760726928710938
-8.615049362182617188
-8.647324562072753906
-8.448667526245117188
-8.783508300781250000
-8.536693572998046875
-7.911808967590332031
-7.725276947021484375
-7.570254802703857422
-7.587534427642822266
-6.876660346984863281
-7.569180488586425781
-7.501668453216552734
-7.514280319213867188
-7.779466629028320312
-7.946078300476074219
-7.121700286865234375
-7.262584686279296875
-6.601924896240234375
-6.830768585205078125
-6.812347412109375000
-6.512709617614746094
-6.990713596343994141
-6.909872055053710938
-7.159765243530273438
-6.540643215179443359
-6.853978157043457031
-6.484555244445800781
-6.221728801727294922
-6.398959159851074219
-6.691315174102783203
-6.552690505981445312
-6.382094383239746094
-6.225016593933105469
-5.615159988403320312
-6.182531356811523438
-6.528478622436523438
-7.130774497985839844
-7.314486980438232422
-7.244873046875000000
-7.220299243927001953
-7.302600860595703125
-6.872799873352050781
-7.045101642608642578
-6.600122451782226562
-6.512744903564453125
-6.580576896667480469
-6.364011764526367188
-6.844928741455078125
-6.951757907867431641
-7.080483913421630859
-6.653556823730468750
-6.468577384948730469
-6.267919540405273438
-6.141689300537109375
-6.223656654357910156
-6.600370407104492188
-6.667238235473632812
-6.427284240722656250
-6.203288078308105469
-5.589539051055908203
-5.621831893920898438
-0.605985522270202637
-0.951119661331176758
-1.023197531700134277
-0.994664251804351807
-0.907088935375213623
-1.074410676956176758
-1.353402137756347656
-1.444539070129394531
-1.205751895904541016
-0.872859954833984375
-0.888167321681976318
-1.181678056716918945
-1.307729244232177734
-1.142399907112121582
-0.987818539142608643
-1.115440249443054199
-1.086615324020385742
-0.924427032470703125
-0.990758001804351807
-1.235505819320678711
-1.316374540328979492
-1.283235788345336914
-1.239221096038818359
-1.167957544326782227
-1.069250106811523438
-0.748423516750335693
-0.502215862274169922
-0.955481469631195068
-1.361070632934570312
-1.448337912559509277
-1.264735102653503418
-1.275290966033935547
-1.480318307876586914
-1.581562638282775879
-1.487809419631958008
-1.229586601257324219
-1.139431118965148926
-1.326657891273498535
-1.446945905685424805
-1.276874065399169922
-1.122389316558837891
-1.207608103752136230
-1.294287204742431641
-1.065383553504943848
-1.072113990783691406
-1.306205511093139648
-1.556598901748657227
-1.692329168319702148
-1.522216796875000000
-1.272310256958007812
-1.050560235977172852
-0.630087733268737793
-0.107751429080963135
-0.403610676527023315
-0.905358016490936279
-1.026447296142578125
-0.886965572834014893
-0.780963301658630371
-0.846919536590576172
-1.039415001869201660
-1.064184427261352539
-0.829151332378387451
-0.606405138969421387
-0.699588716030120850
-0.920086622238159180
-0.848606646060943604
-0.676004946231842041
-0.880145728588104248
-0.992859661579132080
-0.697184622287750244
-0.519148230552673340
-0.673572361469268799
-0.924264490604400635
-1.056150436401367188
-0.917058825492858887
-0.632642984390258789
-0.557966351509094238
-0.587320446968078613
-0.020896971225738525
-0.291505068540573120
-0.653551220893859863
-0.558199465274810791
-0.507337331771850586
-0.493633627891540527
-0.443893402814865112
-0.538246631622314453
-0.594540119171142578
-0.478336304426193237
-0.437404453754425049
-0.460819125175476074
-0.584729075431823730
-0.549964547157287598
-0.614365458488464355
-0.748161911964416504
-0.828889369964599609
-0.713879644870758057
-0.436344653367996216
-0.294035643339157104
-0.199546635150909424
-0.307233542203903198
-0.354275166988372803
-0.421145677566528320
-0.501699209213256836
-0.447095543146133423
-0.056664049625396729
-0.454601168632507324
-0.710442125797271729
-0.480787754058837891
-0.484076559543609619
-0.551301240921020508
-0.474737077951431274
-0.550395190715789795
-0.510635435581207275
-0.540372371673583984
-0.838140130043029785
-0.835347414016723633
-0.648197531700134277
-0.567003786563873291
-0.728479385375976562
-0.810242295265197754
-0.831279397010803223
-0.818735480308532715
-0.734221756458282471
-0.358486533164978027
-0.061626136302947998
-0.138326704502105713
-0.400331169366836548
-0.644943773746490479
-0.607462704181671143
-0.349027425050735474
-0.124178886413574219
-0.562650501728057861
-0.748619496822357178
-0.520947694778442383
-0.661892533302307129
-0.660663962364196777
-0.575113594532012939
-0.686621785163879395
-0.698684632778167725
-0.797710061073303223
-1.367538332939147949
-1.311167359352111816
-0.920232713222503662
-0.615107655525207520
-0.790073573589324951
-0.712812364101409912
-0.654391825199127197
-0.867934525012969971
-0.982683062553405762
-0.650630712509155273
-0.367848813533782959
-0.595122992992401123
-0.769789040088653564
-0.836175978183746338
-0.649632573127746582
-0.350632131099700928
-0.091072738170623779
-0.551675021648406982
-0.769159436225891113
-0.603086113929748535
-0.703350722789764404
-0.736328303813934326
-0.682563126087188721
-0.855735182762145996
-1.027164578437805176
-1.184161186218261719
-1.520906686782836914
-1.485991239547729492
-1.044815301895141602
-0.882665693759918213
-0.915076553821563721
-0.800091564655303955
-0.669376850128173828
-0.894920110702514648
-1.094247102737426758
-0.832580864429473877
-0.756850302219390869
-0.908059597015380859
-0.974580347537994385
-0.916972577571868896
-0.664899408817291260
-0.394535481929779053
-0.160180211067199707
-0.599421739578247070
-0.802773952484130859
-0.660121023654937744
-0.687685489654541016
-0.677983403205871582
-0.635690152645111084
-0.830170392990112305
-1.086508274078369141
-1.250632047653198242
-1.275949001312255859
-1.159758687019348145
-1.141497611999511719
-1.098142266273498535
-1.159169912338256836
-1.119255781173706055
-0.914228796958923340
-0.856572091579437256
-0.911230266094207764
-0.791347444057464600
-0.724008858203887939
-0.799174547195434570
-0.832500457763671875
-0.850222945213317871
-0.574492514133453369
-0.493690252304077148
-0.378964841365814209
-0.789002120494842529
-0.844421505928039551
-0.676038682460784912
-0.616754531860351562
-0.676896154880523682
-0.646944880485534668
-0.644020497798919678
-0.829788446426391602
-0.915639400482177734
-0.754156708717346191
-0.796921849250793457
-1.059815168380737305
-1.137579441070556641
-1.082487821578979492
-1.208156466484069824
-1.049544095993041992
-0.905458092689514160
-0.890675842761993408
-0.867757737636566162
-0.812868714332580566
-0.827790975570678711
-0.791530668735504150
-0.728390038013458252
-0.534725069999694824
-0.585075259208679199
-0.394482374191284180
-0.788535177707672119
-0.778960108757019043
-0.607295036315917969
-0.607722282409667969
-0.796382725238800049
-0.733721852302551270
-0.574473023414611816
-0.646473526954650879
-0.657524406909942627
-0.521069169044494629
-0.702231049537658691
-1.254201531410217285
-1.272988796234130859
-1.177806377410888672
-1.250450372695922852
-1.262338876724243164
-1.220035910606384277
-1.226683378219604492
-1.130460143089294434
-0.922119021415710449
-0.923985540866851807
-0.953208923339843750
-0.831130743026733398
-0.636105537414550781
-0.498047858476638794
-0.253818333148956299
-0.489522814750671387
-0.496863752603530884
-0.319305986166000366
-0.506753921508789062
-0.661341428756713867
-0.646144449710845947
-0.578814387321472168
-0.680668175220489502
-0.572902679443359375
-0.538061022758483887
-0.810173749923706055
-1.233645439147949219
-1.394381761550903320
-1.410184741020202637
-1.449664711952209473
-1.419626235961914062
-1.322616815567016602
-1.298911094665527344
-1.044513106346130371
-0.681223630905151367
-0.650444746017456055
-0.805055201053619385
-0.885561108589172363
-0.684136986732482910
-0.397445648908615112
-0.206006288528442383
-0.479002416133880615
-0.458728134632110596
-0.397167623043060303
-0.591792523860931396
-0.666197597980499268
-0.711054563522338867
-0.897300481796264648
-1.046782016754150391
-0.834232091903686523
-0.935261905193328857
-1.035266160964965820
-1.179793953895568848
-1.211283922195434570
-1.375003218650817871
-1.323571681976318359
-1.204084515571594238
-1.134084939956665039
-1.152400732040405273
-1.088871717453002930
-0.826062738895416260
-0.673800170421600342
-0.907059073448181152
-1.172746896743774414
-0.981058120727539062
-0.618262290954589844
-0.734905600547790527
-1.003886222839355469
-1.122881770133972168
-1.203902721405029297
-1.332498788833618164
-1.416060924530029297
-1.611036658287048340
-1.922797560691833496
-1.989040732383728027
-1.880169630050659180
-1.892310500144958496
-1.825530052185058594
-1.577367305755615234
-1.591518402099609375
-1.707575321197509766
-1.738639593124389648
-1.788442850112915039
-1.827750444412231445
-1.920260667800903320
-1.938043832778930664
-1.896335482597351074
-1.800703525543212891
-1.821889042854309082
-1.939107418060302734
-1.809720516204833984
-1.307560801506042480
-0.816229403018951416
-1.007024407386779785
-1.078462600708007812
-1.165729045867919922
-1.311998605728149414
-1.337257742881774902
-1.532885313034057617
-1.860392093658447266
-1.944812893867492676
-1.872657299041748047
-1.864488244056701660
-1.669494867324829102
-1.459194421768188477
-1.319865942001342773
-1.520742177963256836
-1.606263756752014160
-1.694109916687011719
-1.804859042167663574
-1.856767296791076660
-1.877646684646606445
-1.883110523223876953
-1.833824157714843750
-1.802868604660034180
-1.854570388793945312
-1.663759350776672363
-1.478625416755676270
-0.496810019016265869
-0.167139768600463867
-0.227800905704498291
-0.214514076709747314
-0.233334302902221680
-0.063310801982879639
0.190674781799316406
0.260134220123291016
0.004090070724487305
-0.302217364311218262
-0.266245186328887939
0.031160116195678711
0.174357295036315918
0.058296799659729004
-0.122861742973327637
-0.097150683403015137
-0.182711362838745117
-0.335456371307373047
-0.253016471862792969
0.039434432983398438
0.252773880958557129
0.246535658836364746
0.157619595527648926
-0.030681133270263672
-0.060491383075714111
-0.357605099678039551
-0.641332328319549561
-0.210264027118682861
0.049989581108093262
0.136804699897766113
0.053055763244628906
0.099237203598022461
0.346429467201232910
0.433372497558593750
0.295620918273925781
-0.005178809165954590
-0.056177496910095215
0.153306245803833008
0.243079900741577148
0.088562130928039551
-0.058173596858978271
-0.083100974559783936
-0.017957448959350586
-0.231872737407684326
-0.187393128871917725
0.130422472953796387
0.494826912879943848
0.642408967018127441
0.384079575538635254
0.059546232223510742
-0.200642704963684082
-0.648295760154724121
-1.249451637268066406
-0.904787659645080566
-0.524782419204711914
-0.487760543823242188
-0.561593055725097656
-0.634013772010803223
-0.454359114170074463
-0.280991196632385254
-0.352077126502990723
-0.634400129318237305
-0.776932835578918457
-0.673238873481750488
-0.546065211296081543
-0.620061039924621582
-0.708217978477478027
-0.535849988460540771
-0.384221196174621582
-0.679735243320465088
-0.874075770378112793
-0.723383665084838867
-0.353500187397003174
-0.263598620891571045
-0.448451876640319824
-0.775477290153503418
-0.935356736183166504
-1.528875470161437988
-1.399967312812805176
-1.496104478836059570
-1.234539985656738281
-1.219436764717102051
-1.269575119018554688
-1.320959806442260742
-1.332940816879272461
-1.234119653701782227
-1.133518695831298828
-1.158055901527404785
-1.067950487136840820
-1.068666219711303711
-0.990228831768035889
-0.946267426013946533
-0.813297152519226074
-0.743083357810974121
-0.599074602127075195
-0.656317651271820068
-1.021593213081359863
-1.291137933731079102
-1.419143080711364746
-1.449553012847900391
-1.499362230300903320
-1.551981687545776367
-1.377581357955932617
-1.645447373390197754
-1.477855086326599121
-1.700648903846740723
-1.576493740081787109
-1.664115428924560547
-1.710924386978149414
-1.607810497283935547
-1.662975549697875977
-1.582318782806396484
-1.498517751693725586
-1.208230614662170410
-0.660580456256866455
-0.663533031940460205
-0.910180807113647461
-0.904819250106811523
-0.741473078727722168
-0.711731076240539551
-0.602306365966796875
-0.589690566062927246
-0.773075580596923828
-1.316341996192932129
-1.793555498123168945
-1.905267715454101562
-1.819916963577270508
-1.648181915283203125
-1.354842782020568848
-1.458523392677307129
-1.473697423934936523
-1.641795754432678223
-1.465090870857238770
-1.597516059875488281
-1.541371703147888184
-1.446040391921997070
-1.480947852134704590
-1.344476222991943359
-1.058684825897216797
-0.632571578025817871
-0.021998167037963867
-0.081792175769805908
-0.494399070739746094
-0.837937057018280029
-0.680689692497253418
-0.813615560531616211
-0.831510543823242188
-0.596692323684692383
-0.522874534130096436
-0.873690366744995117
-1.293078422546386719
-1.245098114013671875
-1.365074634552001953
-1.370394110679626465
-1.132574915885925293
-1.431274175643920898
-1.478481769561767578
-1.675658226013183594
-1.393287539482116699
-1.434497594833374023
-1.387608170509338379
-1.253685712814331055
-1.252675771713256836
-0.922731101512908936
-0.516577601432800293
-0.178425669670104980
0.227699279785156250
0.238580942153930664
-0.293349921703338623
-0.496432900428771973
-0.520174264907836914
-0.692404508590698242
-0.859636485576629639
-0.619446635246276855
-0.375633239746093750
-0.615638852119445801
-0.714781701564788818
-0.634493887424468994
-0.930472135543823242
-1.209339380264282227
-1.164777874946594238
-1.521641969680786133
-1.368113398551940918
-1.668385267257690430
-1.464067220687866211
-1.469254970550537109
-1.341084241867065430
-1.237713336944580078
-1.224656820297241211
-0.768799901008605957
-0.388976991176605225
-0.143290996551513672
-0.077479720115661621
-0.141799271106719971
-0.163432836532592773
-0.274886786937713623
-0.199815094470977783
-0.239920854568481445
-0.518038332462310791
-0.645223081111907959
-0.541602253913879395
-0.617758750915527344
-0.726702868938446045
-0.688516020774841309
-1.016933083534240723
-1.422690272331237793
-1.420951128005981445
-1.777919650077819824
-1.108395695686340332
-1.397610187530517578
-1.389707326889038086
-1.435224056243896484
-1.277362465858459473
-1.104830026626586914
-1.083310127258300781
-0.896030426025390625
-0.632491827011108398
-0.526390194892883301
-0.752755701541900635
-0.682841837406158447
-0.357137739658355713
-0.232116341590881348
-0.252051413059234619
-0.096086680889129639
-0.274610400199890137
-0.493515253067016602
-0.469175994396209717
-0.504615783691406250
-0.635977268218994141
-0.683504462242126465
-0.913361489772796631
-1.510232925415039062
-1.534985065460205078
-1.862334609031677246
-1.073340654373168945
-1.293915629386901855
-1.351483464241027832
-1.449126720428466797
-1.279858112335205078
-0.914661169052124023
-0.887556910514831543
-1.044336080551147461
-0.912691712379455566
-0.880448162555694580
-1.027212858200073242
-0.827776610851287842
-0.190680742263793945
-0.069109976291656494
-0.077733755111694336
0.015999674797058105
0.057454586029052734
-0.045049905776977539
-0.078608214855194092
-0.175727903842926025
-0.473861932754516602
-0.558151483535766602
-0.626399159431457520
-1.020894885063171387
-1.208267450332641602
-1.708839893341064453
-1.170640826225280762
-1.629469990730285645
-1.637583613395690918
-1.663518667221069336
-1.480113029479980469
-1.157363295555114746
-0.893038630485534668
-0.975470900535583496
-1.018236279487609863
-1.165525078773498535
-0.989871859550476074
-0.588072896003723145
-0.093925595283508301
0.210856199264526367
0.235845446586608887
0.244736909866333008
0.245271801948547363
0.120554447174072266
0.030164837837219238
-0.280858933925628662
-0.686404407024383545
-0.770652174949645996
-0.719405174255371094
-0.733589410781860352
-0.916338086128234863
-1.527415871620178223
-1.237326025962829590
-1.515583515167236328
-1.554684638977050781
-1.293783664703369141
-1.210745453834533691
-1.079618811607360840
-0.725774645805358887
-0.567364692687988281
-0.497477233409881592
-0.674481272697448730
-0.476224660873413086
-0.341564238071441650
-0.107538580894470215
-0.012473106384277344
0.135208129882812500
0.004068851470947266
-0.104040741920471191
-0.145063579082489014
-0.178293526172637939
-0.274330258369445801
-0.554783940315246582
-0.739581465721130371
-0.580931663513183594
-0.360018551349639893
-0.508755385875701904
-1.218807101249694824
-0.716938376426696777
-0.553487658500671387
-0.416440665721893311
-0.310039877891540527
-0.170743227005004883
-0.031211495399475098
0.306586623191833496
0.762094736099243164
0.860474824905395508
0.722412943840026855
0.728884816169738770
0.618954181671142578
0.198772549629211426
0.220339059829711914
0.395528793334960938
0.459237575531005859
0.532005906105041504
0.608980655670166016
0.759640693664550781
0.780153751373291016
0.714403748512268066
0.558708667755126953
0.567798018455505371
0.746537208557128906
0.688297033309936523
0.020462989807128906
-0.574920177459716797
-0.402207672595977783
-0.309381425380706787
-0.184030354022979736
0.016189575195312500
0.058737516403198242
0.387267708778381348
0.866345524787902832
1.021176576614379883
0.921899080276489258
0.894578218460083008
0.600869417190551758
0.229537248611450195
0.004679679870605469
0.332571029663085938
0.496827363967895508
0.621071696281433105
0.800278902053833008
0.893564581871032715
0.913462996482849121
0.903910636901855469
0.810003042221069336
0.744154572486877441
0.837487459182739258
0.637819766998291016
0.288011550903320312
-2.989994764328002930
-2.842646360397338867
-2.378343582153320312
-2.488737583160400391
-2.657675504684448242
-2.647525310516357422
-2.572093009948730469
-2.496143817901611328
-2.444945335388183594
-2.525130510330200195
-2.625369310379028320
-2.692800045013427734
-2.739331960678100586
-2.840585947036743164
-2.746301412582397461
-2.462326288223266602
-2.294944524765014648
-2.260112285614013672
-2.332747936248779297
-2.516747713088989258
-2.919136047363281250
-2.994327545166015625
-2.885092020034790039
-2.591399908065795898
-2.935857295989990234
-3.105844497680664062
-2.640418767929077148
-2.425234794616699219
-2.037462234497070312
-2.059426784515380859
-2.271303653717041016
-2.366001129150390625
-2.527783393859863281
-2.516211748123168945
-2.377724409103393555
-2.201674461364746094
-2.314323186874389648
-2.420420646667480469
-2.337883234024047852
-2.335959672927856445
-2.316694736480712891
-2.051007747650146484
-2.016747474670410156
-1.999006748199462891
-2.097735881805419922
-2.375631570816040039
-2.735977888107299805
-2.803032875061035156
-2.528450489044189453
-2.342395305633544922
-2.315258502960205078
-2.440378665924072266
-2.005309104919433594
-2.005537509918212891
-1.695192575454711914
-1.488205432891845703
-1.608384370803833008
-1.645121932029724121
-1.967721819877624512
-1.948483943939208984
-1.715355515480041504
-1.578613042831420898
-1.808579802513122559
-1.847347378730773926
-1.555401325225830078
-1.537108659744262695
-1.763367176055908203
-1.669326543807983398
-1.835028171539306641
-1.788621544837951660
-1.740088701248168945
-1.707429409027099609
-2.084671735763549805
-2.004305601119995117
-1.894976973533630371
-1.809170722961425781
-1.587367773056030273
-1.342488884925842285
-1.848078131675720215
-1.604421257972717285
-1.201076626777648926
-1.296974062919616699
-1.350564360618591309
-1.206470251083374023
-1.369578599929809570
-1.307623386383056641
-1.231858968734741211
-1.306172132492065430
-1.457762956619262695
-1.372988462448120117
-1.223156452178955078
-1.494301557540893555
-1.700556874275207520
-1.521800398826599121
-1.748279213905334473
-1.884397387504577637
-1.616824746131896973
-1.442099928855895996
-1.758689522743225098
-1.744618058204650879
-1.496648550033569336
-1.369086503982543945
-1.130382895469665527
-1.109822869300842285
-1.695538640022277832
-1.255627393722534180
-0.893668591976165771
-1.101717472076416016
-1.105256557464599609
-1.029404044151306152
-1.016782045364379883
-0.886629641056060791
-1.024095535278320312
-1.394338250160217285
-1.516872882843017578
-1.533107042312622070
-1.412715435028076172
-1.652610063552856445
-1.669803857803344727
-1.467461228370666504
-1.731285095214843750
-1.819764137268066406
-1.570995807647705078
-1.443495988845825195
-1.678595185279846191
-1.451600074768066406
-1.155322909355163574
-1.053376436233520508
-1.052151441574096680
-1.315738201141357422
-1.490880489349365234
-1.063607692718505859
-0.850889027118682861
-0.956532239913940430
-0.917618155479431152
-0.951512217521667480
-1.003509521484375000
-0.881568789482116699
-1.202429771423339844
-1.766583561897277832
-1.951987266540527344
-1.966063380241394043
-1.811627149581909180
-1.732081413269042969
-1.693328976631164551
-1.468949913978576660
-1.577222347259521484
-1.669205546379089355
-1.595090031623840332
-1.563263654708862305
-1.611677169799804688
-1.319947242736816406
-0.948064267635345459
-0.909654855728149414
-1.142386436462402344
-1.339330434799194336
-1.513333916664123535
-1.003018140792846680
-0.848114013671875000
-0.935623824596405029
-0.864177703857421875
-0.922375202178955078
-1.050196886062622070
-1.094581723213195801
-1.402623176574707031
-1.964108467102050781
-2.220489978790283203
-2.393705844879150391
-2.045349121093750000
-1.954051613807678223
-1.814601063728332520
-1.617179870605468750
-1.495774507522583008
-1.539573907852172852
-1.695469141006469727
-1.752498269081115723
-1.623915672302246094
-1.407997608184814453
-1.005241274833679199
-0.886398315429687500
-1.056856155395507812
-1.237617015838623047
-1.557575464248657227
-0.953617572784423828
-0.827989697456359863
-0.884443640708923340
-0.922667622566223145
-1.019990682601928711
-1.201419472694396973
-1.309439182281494141
-1.602092623710632324
-1.839216232299804688
-1.946268677711486816
-2.082566261291503906
-2.059725761413574219
-1.952011942863464355
-2.036192417144775391
-2.016706705093383789
-1.775387167930603027
-1.569140672683715820
-1.767455339431762695
-1.901283860206604004
-1.705410480499267578
-1.579450249671936035
-1.160094261169433594
-0.857279956340789795
-1.021244525909423828
-0.981771051883697510
-1.660796642303466797
-0.903323531150817871
-0.833656430244445801
-0.932105422019958496
-1.087564706802368164
-1.063941597938537598
-1.207330346107482910
-1.358807682991027832
-1.621751070022583008
-1.702373862266540527
-1.494784593582153320
-1.558618903160095215
-1.747306346893310547
-1.949129939079284668
-2.079762935638427734
-2.149979114532470703
-2.103722095489501953
-1.852954626083374023
-2.031329154968261719
-1.994053244590759277
-1.736177563667297363
-1.532056570053100586
-1.321766853332519531
-0.975622117519378662
-0.993641734123229980
-0.799671292304992676
-1.709276437759399414
-1.055170655250549316
-0.900787711143493652
-1.066172361373901367
-1.177850246429443359
-1.068873524665832520
-1.167041301727294922
-1.284792900085449219
-1.335357069969177246
-1.410388827323913574
-1.392581939697265625
-1.461078047752380371
-1.758069396018981934
-2.076916694641113281
-2.275747537612915039
-2.311393737792968750
-2.450778484344482422
-2.287095069885253906
-2.197232723236083984
-2.168991088867187500
-1.869952917098999023
-1.649922013282775879
-1.413842201232910156
-1.217194080352783203
-1.132499933242797852
-1.003270030021667480
-1.821855664253234863
-1.223599791526794434
-1.141779065132141113
-1.267890334129333496
-1.215081691741943359
-1.153263926506042480
-1.374095439910888672
-1.335590243339538574
-1.083828210830688477
-1.200727343559265137
-1.491771459579467773
-1.821269869804382324
-2.089956283569335938
-2.545535564422607422
-2.513327121734619141
-2.399315357208251953
-2.529108047485351562
-2.461473464965820312
-2.292317867279052734
-2.093002796173095703
-1.925853013992309570
-1.744651436805725098
-1.521680593490600586
-1.291850090026855469
-1.402748227119445801
-1.344013690948486328
-1.799786210060119629
-1.289493560791015625
-1.270332694053649902
-1.340154409408569336
-1.195408821105957031
-1.327062845230102539
-1.681303262710571289
-1.626384854316711426
-1.409116506576538086
-1.493016600608825684
-1.757104277610778809
-1.873768925666809082
-2.113243103027343750
-2.320968151092529297
-2.266602516174316406
-2.045911788940429688
-2.075290679931640625
-2.156708478927612305
-2.039209842681884766
-1.954675197601318359
-1.873553633689880371
-1.736153364181518555
-1.573786377906799316
-1.491773366928100586
-1.699947357177734375
-1.731146097183227539
-1.974331021308898926
-1.480103611946105957
-1.501736283302307129
-1.551612615585327148
-1.544332027435302734
-1.728964447975158691
-2.185574531555175781
-2.605224609375000000
-2.710206270217895508
-2.645974874496459961
-2.613307714462280273
-2.472138166427612305
-1.921062588691711426
-1.944812297821044922
-2.122878551483154297
-2.240522861480712891
-2.310194492340087891
-2.433395147323608398
-2.615065574645996094
-2.616445064544677734
-2.542670726776123047
-2.352212905883789062
-2.307345867156982422
-2.503158092498779297
-2.823766708374023438
-2.435533046722412109
-2.174901723861694336
-2.035275459289550781
-2.092776298522949219
-2.194124698638916016
-2.344488143920898438
-2.406371593475341797
-2.826701879501342773
-3.273141622543334961
-3.512351036071777344
-3.438967943191528320
-3.367715835571289062
-3.068225622177124023
-2.543966293334960938
-2.282248735427856445
-2.677153110504150391
-2.940128564834594727
-3.042991638183593750
-3.259846925735473633
-3.397310733795166016
-3.385066270828247070
-3.325791597366333008
-3.177972078323364258
-3.059430599212646484
-3.218277215957641602
-3.272309064865112305
-2.809621572494506836
