0.389966756105422974
-0.178692162036895752
-0.483096659183502197
-0.026762701570987701
0.065082311630249023
0.080392032861709595
-0.276070982217788696
-0.245357841253280640
-0.086445093154907227
0.053380638360977173
0.039672926068305969
-0.056117512285709381
-0.088508173823356628
-0.280331224203109741
-0.197134584188461304
0.218814611434936523
-0.210383385419845581
-0.092179581522941589
0.005241416394710541
0.092127025127410889
-0.003194846212863922
-0.119185924530029297
-0.264150261878967285
-0.017301201820373535
0.215659171342849731
-0.364160388708114624
0.242418020963668823
-0.392954200506210327
-0.803875386714935303
-0.296535074710845947
-0.188754305243492126
0.003781765699386597
-0.462322801351547241
-0.214669749140739441
-0.348841279745101929
0.019809879362583160
0.123616561293601990
-0.324557304382324219
-0.323089361190795898
-0.406716078519821167
-0.435912817716598511
-0.061724878847599030
-0.303588390350341797
-0.054422259330749512
-0.098697304725646973
-0.222369313240051270
-0.070689149200916290
-0.276327073574066162
-0.437474310398101807
-0.059136148542165756
0.271394133567810059
-0.299103975296020508
0.433775663375854492
-0.323209881782531738
-0.568525910377502441
-0.280708312988281250
-0.023682825267314911
-0.150359541177749634
-0.195010274648666382
-0.108435347676277161
-0.287654012441635132
-0.009615406394004822
0.075480312108993530
-0.224412158131599426
-0.231809571385383606
-0.417143791913986206
-0.448460340499877930
-0.018646307289600372
-0.226110994815826416
0.074498623609542847
-0.137016534805297852
-0.119376480579376221
0.056005999445915222
-0.027568854391574860
-0.129187062382698059
0.073877483606338501
0.182151257991790771
-0.326116621494293213
0.295013934373855591
-0.322945475578308105
-0.423541396856307983
-0.308915227651596069
-0.020857647061347961
-0.249432638287544250
-0.240757435560226440
-0.171065673232078552
-0.191246718168258667
-0.042296372354030609
-0.136496365070343018
-0.207532241940498352
-0.174856990575790405
-0.377159655094146729
-0.353480547666549683
-0.085865773260593414
-0.316126108169555664
0.020071923732757568
-0.246887788176536560
-0.258090436458587646
-0.045488908886909485
-0.109888486564159393
-0.012699760496616364
-0.012732677161693573
0.082855969667434692
-0.341259658336639404
0.306626468896865845
-0.345669448375701904
-0.412711620330810547
-0.270234704017639160
0.007262289524078369
-0.202252790331840515
-0.067525655031204224
-0.200992166996002197
-0.280161112546920776
-0.016102574765682220
-0.101984478533267975
-0.175890028476715088
-0.082320950925350189
-0.380237340927124023
-0.212582379579544067
-0.186092048883438110
-0.227881789207458496
0.022777460515499115
-0.145623773336410522
-0.174490362405776978
-0.060414951294660568
-0.103539936244487762
0.120871245861053467
0.073407515883445740
0.018163509666919708
-0.444693773984909058
0.469594299793243408
-0.318953961133956909
-0.436428278684616089
-0.269166558980941772
-0.114833071827888489
-0.137855142354965210
0.072602346539497375
-0.144803911447525024
-0.317570149898529053
-0.056692358106374741
-0.127020061016082764
-0.201469272375106812
-0.222408950328826904
-0.367496550083160400
-0.058533985167741776
-0.204755365848541260
-0.159315794706344604
-0.084523782134056091
-0.180832117795944214
-0.157155618071556091
-0.087396971881389618
-0.211602255702018738
0.087536811828613281
0.002172067761421204
0.011511027812957764
-0.487808108329772949
0.527796626091003418
-0.328304171562194824
-0.362743943929672241
-0.176431342959403992
-0.231444314122200012
-0.083214223384857178
0.087884441018104553
-0.237696275115013123
-0.387889325618743896
-0.078811809420585632
-0.090776063501834869
-0.182561680674552917
-0.256907820701599121
-0.303557306528091431
-0.053976222872734070
-0.238447830080986023
-0.143167853355407715
-0.078994601964950562
-0.166716456413269043
-0.210631579160690308
-0.077122442424297333
-0.103686340153217316
-0.019765645265579224
-0.072418339550495148
0.067760825157165527
-0.411352455615997314
0.455597043037414551
-0.343529045581817627
-0.218733668327331543
-0.225507825613021851
-0.295986890792846680
-0.009924948215484619
0.022365868091583252
-0.309431523084640503
-0.370322227478027344
-0.101037949323654175
-0.232674315571784973
-0.156756311655044556
-0.158397018909454346
-0.168958246707916260
-0.110007092356681824
-0.279749572277069092
-0.147611111402511597
0.102904900908470154
-0.172135055065155029
-0.340736091136932373
-0.241771265864372253
-0.063352376222610474
-0.082766383886337280
-0.116822406649589539
-0.002164766192436218
-0.423633366823196411
0.508157193660736084
-0.336290925741195679
-0.262724936008453369
-0.306825697422027588
-0.239300131797790527
-0.131013870239257812
-0.177480608224868774
-0.237803354859352112
-0.154074817895889282
-0.021281138062477112
-0.135310709476470947
-0.276736468076705933
-0.084677949547767639
-0.123258985579013824
-0.069069825112819672
-0.197903737425804138
-0.224322140216827393
-0.054541863501071930
-0.233922407031059265
-0.275143057107925415
-0.057762026786804199
-0.016945324838161469
-0.203696250915527344
0.014431580901145935
0.137564003467559814
-0.437167108058929443
0.479857087135314941
-0.270539224147796631
-0.246631458401679993
-0.463197618722915649
-0.206456393003463745
-0.015338771045207977
-0.184007495641708374
-0.226623713970184326
-0.131026744842529297
-0.151212587952613831
-0.063670411705970764
-0.251879870891571045
-0.174508213996887207
-0.195412814617156982
-0.066899709403514862
-0.160290211439132690
-0.301265090703964233
-0.015149064362049103
-0.219977512955665588
-0.424422860145568848
-0.012776151299476624
0.100903064012527466
-0.193969324231147766
0.044192746281623840
0.161455720663070679
-0.452713936567306519
0.558336257934570312
-0.243478566408157349
-0.336114585399627686
-0.479167461395263672
-0.247156888246536255
-0.006877623498439789
-0.151367440819740295
-0.242119818925857544
-0.241315647959709167
-0.308569401502609253
-0.092204712331295013
-0.209138929843902588
-0.132351398468017578
-0.131359577178955078
-0.144214585423469543
-0.129806756973266602
-0.136368453502655029
-0.012732528150081635
-0.277038574218750000
-0.417513787746429443
-0.030341461300849915
-0.084127753973007202
0.043412700295448303
0.187584996223449707
0.039255052804946899
-0.419393956661224365
0.624454438686370850
-0.127515628933906555
-0.349953711032867432
-0.325321853160858154
-0.016999095678329468
0.159875899553298950
-0.046238273382186890
-0.324896484613418579
-0.286678850650787354
-0.125200867652893066
-0.118437752127647400
-0.313625514507293701
0.001448743045330048
0.036118403077125549
-0.194400861859321594
-0.034637883305549622
-0.054289557039737701
-0.085994750261306763
-0.194051280617713928
-0.025237500667572021
-0.113698318600654602
-0.206498771905899048
0.176188230514526367
0.275884121656417847
-0.084974020719528198
-0.547737061977386475
0.568752765655517578
-0.137499749660491943
-0.488009423017501831
-0.083100631833076477
0.022781796753406525
0.056388914585113525
0.050177752971649170
-0.326332241296768188
0.014370672404766083
0.097283408045768738
-0.006285339593887329
-0.179565638303756714
-0.037792325019836426
0.134720265865325928
-0.140095964074134827
-0.092365838587284088
0.188654601573944092
0.011055953800678253
-0.041291549801826477
0.120538339018821716
-0.056574270129203796
-0.131759241223335266
0.275522023439407349
0.290073364973068237
0.016867004334926605
-0.513986945152282715
0.501173138618469238
-0.187708541750907898
-0.349290758371353149
0.405849635601043701
0.079312443733215332
-0.109707333147525787
-0.044473271816968918
-0.242286562919616699
0.298332512378692627
-0.119766168296337128
-0.017189092934131622
-0.071454107761383057
-0.454420864582061768
0.014016456902027130
0.163333833217620850
-0.219412058591842651
0.156452953815460205
-0.107821397483348846
-0.064383536577224731
0.062859192490577698
-0.049842089414596558
-0.051852200180292130
0.367872953414916992
0.217538714408874512
-0.050562810152769089
-0.644768714904785156
0.599534749984741211
0.643093407154083252
0.796231746673583984
0.695954203605651855
0.572779059410095215
0.559753417968750000
0.523184001445770264
0.525443911552429199
0.517718851566314697
0.474018543958663940
0.550968050956726074
0.553705751895904541
0.648279309272766113
0.569141447544097900
0.482826024293899536
0.445018589496612549
0.462547481060028076
0.494217753410339355
0.619399428367614746
0.465547174215316772
0.520169615745544434
0.566027462482452393
0.540091216564178467
0.637743771076202393
0.534148156642913818
0.517256259918212891
-0.660820245742797852
-0.395136356353759766
-0.317588329315185547
-0.189947426319122314
-0.439326405525207520
-0.825715184211730957
-0.763301610946655273
-0.477002084255218506
-0.303925633430480957
-0.394370198249816895
-0.388886272907257080
-0.570682048797607422
-0.690681338310241699
-0.364710986614227295
-0.366541922092437744
-0.700529932975769043
-0.937415003776550293
-0.427469730377197266
-0.469772279262542725
-0.731755256652832031
-0.856118917465209961
-0.768136143684387207
-0.376732289791107178
-0.194049596786499023
-0.446510910987854004
-0.422052621841430664
-0.403519868850708008
-0.288879334926605225
-0.092933475971221924
0.003799140453338623
-0.009573638439178467
-0.007422685623168945
0.112238943576812744
0.029761523008346558
-0.060351371765136719
-0.068592369556427002
-0.214657247066497803
-0.042051136493682861
0.031714618206024170
0.038034945726394653
0.022985458374023438
-0.081430017948150635
-0.114376664161682129
-0.071079373359680176
-0.098720133304595947
-0.026525914669036865
-0.106428921222686768
0.007526993751525879
0.059947013854980469
0.182551681995391846
-0.154883623123168945
-0.404880344867706299
-0.258973777294158936
-0.340991139411926270
-0.181021034717559814
-0.110589265823364258
0.010907709598541260
-0.065054059028625488
-0.115639925003051758
-0.159807085990905762
-0.192607045173645020
-0.053608834743499756
-0.140600562095642090
-0.152712583541870117
-0.204893350601196289
-0.117612659931182861
0.002521276473999023
0.239557087421417236
0.138118296861648560
0.017320096492767334
0.036828607320785522
-0.002600550651550293
-0.042866170406341553
-0.035556972026824951
-0.041437685489654541
0.099236190319061279
-0.056465327739715576
-0.281501948833465576
-0.186465561389923096
-0.127596199512481689
-0.097159266471862793
-0.098714232444763184
0.001922369003295898
-0.140011489391326904
0.050021976232528687
0.081376045942306519
0.093779981136322021
-0.001825571060180664
-0.047211825847625732
-0.160415887832641602
-0.100306332111358643
-0.092725276947021484
-0.140050590038299561
-0.171717941761016846
-0.153480768203735352
0.043544977903366089
0.040294468402862549
0.101764053106307983
0.187059164047241211
0.233001530170440674
0.295628547668457031
0.022900909185409546
0.033403486013412476
-0.389949858188629150
-0.152964591979980469
-0.126337349414825439
-0.010775327682495117
-0.030822634696960449
-0.038372814655303955
0.101089179515838623
0.280692636966705322
0.417714297771453857
0.325680971145629883
0.209314793348312378
0.376959502696990967
0.416953980922698975
0.236043006181716919
0.163544505834579468
0.247618913650512695
0.027000278234481812
0.076825261116027832
0.015731394290924072
-0.129731476306915283
0.045338749885559082
0.064672827720642090
0.129974007606506348
0.111440390348434448
-0.072040438652038574
-0.058778405189514160
-0.271984994411468506
-0.074524700641632080
-0.219277501106262207
0.050795733928680420
0.040764212608337402
-0.001689732074737549
0.125283300876617432
0.108071118593215942
0.145960420370101929
0.074266612529754639
0.065223753452301025
0.007930219173431396
0.023625373840332031
0.059686839580535889
0.095554053783416748
0.149263858795166016
0.095925658941268921
0.058567762374877930
0.168889611959457397
0.627038538455963135
0.368545442819595337
0.140036404132843018
0.007266461849212646
-0.046821475028991699
-0.078631162643432617
-0.157991707324981689
-0.096485614776611328
-0.022206902503967285
-0.131290197372436523
0.009539246559143066
0.046239167451858521
0.201289623975753784
0.019483298063278198
-0.066118121147155762
-0.105286598205566406
-0.035392582416534424
0.032552629709243774
0.045879542827606201
-0.147831916809082031
-0.133619844913482666
-0.032952666282653809
0.011446058750152588
0.156564652919769287
0.215448558330535889
0.324956476688385010
0.282913029193878174
0.368739962577819824
0.338072836399078369
0.257181406021118164
0.096204251050949097
0.012211680412292480
-0.199263453483581543
-0.287133455276489258
-0.152334630489349365
-0.092579185962677002
0.077586233615875244
-0.017406046390533447
0.167453676462173462
0.053640156984329224
0.006401419639587402
-0.016194045543670654
0.308578908443450928
0.315672814846038818
0.506377935409545898
0.311513334512710571
0.255526870489120483
0.098330140113830566
0.218367159366607666
0.284496486186981201
0.175430953502655029
0.018404841423034668
-0.071430921554565430
-0.032430350780487061
-0.015846133232116699
0.028847068548202515
0.366711616516113281
0.028580427169799805
0.037061482667922974
-0.260748863220214844
-0.064812481403350830
0.024937212467193604
0.184560805559158325
0.033180326223373413
0.015760004520416260
0.046101987361907959
0.121639847755432129
0.074472218751907349
0.117831438779830933
0.046224325895309448
0.116597682237625122
0.106200218200683594
0.239030212163925171
0.119536817073822021
-0.003418147563934326
-0.116172611713409424
-0.029268443584442139
0.223275750875473022
0.220432400703430176
0.031798303127288818
0.027916908264160156
0.043617248535156250
0.175364792346954346
0.024257063865661621
0.087757050991058350
-0.026633977890014648
0.065500468015670776
0.290677249431610107
0.273100733757019043
0.157889813184738159
0.125219196081161499
0.120164185762405396
-0.079342603683471680
-0.078770101070404053
-0.070660173892974854
0.023775249719619751
-0.055380582809448242
-0.186355412006378174
-0.046891391277313232
0.081096440553665161
0.103847831487655640
-0.084509551525115967
-0.045174479484558105
-0.161853849887847900
-0.141639828681945801
-0.028548359870910645
0.062237441539764404
0.006404638290405273
-0.105333209037780762
0.630036294460296631
0.068535357713699341
-0.417296886444091797
-0.003354549407958984
0.250882178544998169
0.058973878622055054
-0.003347098827362061
-0.005346059799194336
0.065762341022491455
0.054211169481277466
-0.053194224834442139
-0.163590848445892334
-0.058777511119842529
0.030315726995468140
0.010346710681915283
0.008111596107482910
0.193116962909698486
0.111139446496963501
-0.078162431716918945
0.011393129825592041
0.002530097961425781
-0.049010813236236572
0.120991647243499756
0.106463402509689331
0.110855370759963989
-0.016510009765625000
0.354547023773193359
0.261928290128707886
-0.026106059551239014
0.411780357360839844
0.283951967954635620
0.517523527145385742
0.717855095863342285
1.366144657135009766
1.159209489822387695
1.138823509216308594
0.943589687347412109
1.130317449569702148
1.192680597305297852
1.071129322052001953
1.296282291412353516
1.094740033149719238
1.034690618515014648
1.162924051284790039
1.297841310501098633
1.224787354469299316
1.469966173171997070
1.082720279693603516
1.033105254173278809
0.975686073303222656
0.844743728637695312
1.057980418205261230
1.112327814102172852
1.152527332305908203
0.560856580734252930
-0.615321278572082520
-0.513318777084350586
-0.499648809432983398
-0.436474144458770752
-0.319995045661926270
-0.364444673061370850
-0.439979732036590576
-0.475786149501800537
-0.399605631828308105
-0.432985484600067139
-0.471149146556854248
-0.468744874000549316
-0.371456861495971680
-0.476743519306182861
-0.467402577400207520
-0.401123702526092529
-0.330576300621032715
-0.312991559505462646
-0.369666695594787598
-0.457847833633422852
-0.458763599395751953
-0.472368001937866211
-0.499387264251708984
-0.438630998134613037
-0.346331179141998291
-0.400596022605895996
-0.175459861755371094
0.365917026996612549
0.418557167053222656
0.264693617820739746
0.298955678939819336
0.178886234760284424
0.316353738307952881
0.372252047061920166
0.316832005977630615
0.377632498741149902
0.226848840713500977
0.249460339546203613
0.268507719039916992
0.265763521194458008
0.279527485370635986
0.362930715084075928
0.158643484115600586
0.570540308952331543
0.196377396583557129
0.333943307399749756
0.187451183795928955
0.133743643760681152
0.362757325172424316
0.496736168861389160
0.432691693305969238
-0.239906311035156250
-0.296433448791503906
0.328230798244476318
0.474095582962036133
0.243235528469085693
0.224509537220001221
0.126051604747772217
0.178625166416168213
0.287195265293121338
0.165125489234924316
0.507731616497039795
0.085882306098937988
0.160577178001403809
0.165636897087097168
0.211714029312133789
0.172421932220458984
0.301611661911010742
0.051768422126770020
0.497223019599914551
0.070446252822875977
0.237703084945678711
0.110122144222259521
0.020929813385009766
0.323202133178710938
0.457182526588439941
0.396637558937072754
-0.366422533988952637
-0.180475115776062012
0.360966205596923828
0.702818393707275391
0.387964725494384766
0.468802332878112793
0.441880285739898682
0.413398861885070801
0.459766447544097900
0.366758048534393311
0.633327603340148926
0.239175617694854736
0.231679320335388184
0.361468076705932617
0.375339686870574951
0.297578990459442139
0.533547401428222656
0.222558200359344482
0.558402478694915771
0.191704869270324707
0.470968246459960938
0.313448131084442139
0.312832415103912354
0.506553530693054199
0.554428637027740479
0.385198056697845459
-0.375805139541625977
-0.267445564270019531
0.360568881034851074
0.682241201400756836
0.414321005344390869
0.505491554737091064
0.467557966709136963
0.414083659648895264
0.434040307998657227
0.449578166007995605
0.562481820583343506
0.310748219490051270
0.195764660835266113
0.477957665920257568
0.348352074623107910
0.327679157257080078
0.508383452892303467
0.274026930332183838
0.534938216209411621
0.254554867744445801
0.438451707363128662
0.385306596755981445
0.386187374591827393
0.466522037982940674
0.400840759277343750
0.422832489013671875
-0.370284676551818848
-0.251961946487426758
0.353724420070648193
0.654502034187316895
0.396124482154846191
0.457686960697174072
0.427259266376495361
0.416704356670379639
0.363586246967315674
0.472428143024444580
0.534773707389831543
0.365655720233917236
0.257486760616302490
0.532135248184204102
0.329091429710388184
0.448908567428588867
0.402044057846069336
0.339374125003814697
0.498059511184692383
0.263072192668914795
0.382316589355468750
0.383835434913635254
0.342008471488952637
0.442620933055877686
0.372709929943084717
0.353159725666046143
-0.296970486640930176
-0.146970391273498535
0.364848315715789795
0.641266167163848877
0.427648425102233887
0.468651413917541504
0.445929288864135742
0.405599594116210938
0.299157440662384033
0.499465763568878174
0.629805564880371094
0.322778642177581787
0.199177324771881104
0.468779683113098145
0.353128433227539062
0.500355362892150879
0.416169047355651855
0.442769885063171387
0.487177968025207520
0.281903386116027832
0.356558859348297119
0.437407314777374268
0.349020957946777344
0.432523667812347412
0.480690002441406250
0.329376339912414551
-0.263826727867126465
-0.105435967445373535
0.351976275444030762
0.605532526969909668
0.429687976837158203
0.467958748340606689
0.466158986091613770
0.358362138271331787
0.226757526397705078
0.464771449565887451
0.637269318103790283
0.309271991252899170
0.177245914936065674
0.452881276607513428
0.422144055366516113
0.549344599246978760
0.406623542308807373
0.429111719131469727
0.431195080280303955
0.270230472087860107
0.296268939971923828
0.475454092025756836
0.275512039661407471
0.469002544879913330
0.448713541030883789
0.362969696521759033
-0.299745202064514160
-0.151736140251159668
0.350638151168823242
0.658029973506927490
0.438461184501647949
0.391855895519256592
0.527520358562469482
0.302013993263244629
0.198288977146148682
0.438021659851074219
0.501027047634124756
0.348047018051147461
0.217559874057769775
0.405778706073760986
0.389455616474151611
0.543742954730987549
0.346976697444915771
0.430950224399566650
0.347132623195648193
0.277691364288330078
0.332991302013397217
0.478802144527435303
0.268637657165527344
0.519970774650573730
0.456326484680175781
0.402176499366760254
-0.283920049667358398
-0.115132808685302734
0.356765449047088623
0.653567910194396973
0.473434150218963623
0.374532997608184814
0.465788066387176514
0.404909551143646240
0.267320513725280762
0.464018166065216064
0.416865766048431396
0.318770051002502441
0.256748437881469727
0.465481877326965332
0.363048374652862549
0.532630622386932373
0.319479405879974365
0.337866067886352539
0.278954327106475830
0.309251308441162109
0.364471912384033203
0.469594597816467285
0.328310251235961914
0.329366028308868408
0.569785892963409424
0.340968906879425049
-0.279154181480407715
-0.133740425109863281
0.393264532089233398
0.570806443691253662
0.411935389041900635
0.386611640453338623
0.465063929557800293
0.479866385459899902
0.353586196899414062
0.461916565895080566
0.408939719200134277
0.368938326835632324
0.321663737297058105
0.464070439338684082
0.336852133274078369
0.499155998229980469
0.287025272846221924
0.245607554912567139
0.375645637512207031
0.279356896877288818
0.327502310276031494
0.461765646934509277
0.380318522453308105
0.254432857036590576
0.628220319747924805
0.310539841651916504
-0.290439724922180176
-0.096915364265441895
0.410262823104858398
0.550820887088775635
0.415416419506072998
0.475700438022613525
0.459646999835968018
0.516120016574859619
0.290299117565155029
0.503202617168426514
0.368391811847686768
0.524706006050109863
0.341237902641296387
0.440042316913604736
0.354825198650360107
0.469470202922821045
0.343700170516967773
0.265064239501953125
0.519715487957000732
0.314285218715667725
0.357918381690979004
0.483112215995788574
0.455416798591613770
0.453260421752929688
0.409218251705169678
0.350455880165100098
-0.309563398361206055
-0.065385699272155762
0.500014185905456543
0.734119653701782227
0.526242733001708984
0.678591132164001465
0.603857815265655518
0.635592341423034668
0.311169683933258057
0.597309470176696777
0.487998545169830322
0.611377775669097900
0.494777321815490723
0.588265836238861084
0.443045496940612793
0.559038937091827393
0.601006209850311279
0.326306283473968506
0.665585696697235107
0.488720178604125977
0.567167282104492188
0.590716361999511719
0.561734497547149658
0.656458020210266113
0.516170024871826172
0.478470981121063232
-0.254276275634765625
-0.103617906570434570
0.476417362689971924
0.828842163085937500
0.477780938148498535
0.420823872089385986
0.483906686305999756
0.436342537403106689
0.269681930541992188
0.371426820755004883
0.382387280464172363
0.511834919452667236
0.200691938400268555
0.497039496898651123
0.367172241210937500
0.345046341419219971
0.417733013629913330
0.261722147464752197
0.437247872352600098
0.497148931026458740
0.492016196250915527
0.455796003341674805
0.523089766502380371
0.488648235797882080
0.587285757064819336
0.442362189292907715
-0.282832980155944824
-0.115247964859008789
0.408426403999328613
0.773309707641601562
0.429307997226715088
0.342389047145843506
0.488207876682281494
0.375382006168365479
0.367793262004852295
0.271130919456481934
0.385765254497528076
0.559779405593872070
0.192190110683441162
0.466125786304473877
0.407447576522827148
0.285948157310485840
0.366383314132690430
0.234557747840881348
0.371198952198028564
0.498682618141174316
0.432563185691833496
0.355123400688171387
0.548049032688140869
0.394594609737396240
0.624121606349945068
0.424926817417144775
-0.155635237693786621
-0.613072633743286133
-0.635543823242187500
-0.604337096214294434
-0.597110629081726074
-0.629727721214294434
-0.641854166984558105
-0.652667760848999023
-0.628735184669494629
-0.636086940765380859
-0.643763482570648193
-0.620294094085693359
-0.624319672584533691
-0.637350678443908691
-0.618574619293212891
-0.642235040664672852
-0.659597992897033691
-0.656483769416809082
-0.643810272216796875
-0.648584365844726562
-0.653941154479980469
-0.647462606430053711
-0.632332503795623779
-0.602517008781433105
-0.569392442703247070
-0.594608724117279053
-0.550763368606567383
-0.257778048515319824
-0.188311353325843811
-0.238825023174285889
-0.228264227509498596
-0.311108916997909546
-0.428655356168746948
-0.439896285533905029
-0.338668465614318848
-0.254371851682662964
-0.246871769428253174
-0.308254539966583252
-0.404849052429199219
-0.404658377170562744
-0.326186299324035645
-0.298590838909149170
-0.351061493158340454
-0.388146638870239258
-0.332817763090133667
-0.351793766021728516
-0.429476827383041382
-0.430429786443710327
-0.438814938068389893
-0.312670111656188965
-0.243210941553115845
-0.208546519279479980
-0.148765727877616882
0.234114289283752441
0.291956365108489990
0.091282159090042114
-0.001791268587112427
-0.021851703524589539
-0.006219953298568726
-0.050786711275577545
-0.019789591431617737
0.022805839776992798
0.044204190373420715
-0.004348129034042358
-0.092082150280475616
-0.082031860947608948
-0.086133807897567749
-0.075782217085361481
-0.033288374543190002
0.011157244443893433
-0.015529990196228027
0.001769065856933594
-0.028197139501571655
0.026094004511833191
-0.027420029044151306
0.003332316875457764
0.043074235320091248
0.086061835289001465
0.080433264374732971
0.305202275514602661
0.394732654094696045
0.237862586975097656
0.125132560729980469
0.042934253811836243
0.062241718173027039
0.085024446249008179
0.084724426269531250
0.081669211387634277
0.071026787161827087
-0.080514617264270782
-0.041334703564643860
0.063586413860321045
0.051015138626098633
-0.010789483785629272
-0.057810232043266296
-0.065840557217597961
-0.012206569314002991
-0.025466024875640869
-0.002591431140899658
0.060389384627342224
0.080517202615737915
0.127774596214294434
0.184824079275131226
0.194479495286941528
0.115000754594802856
0.137065261602401733
0.323548913002014160
0.180408030748367310
0.117086291313171387
0.068430751562118530
0.071240752935409546
0.025166049599647522
-0.008277893066406250
0.051688537001609802
0.095785737037658691
0.077706560492515564
0.133585155010223389
0.114342600107192993
0.079537883400917053
0.067247092723846436
0.097323298454284668
0.068466156721115112
0.047806844115257263
0.076890125870704651
0.009939536452293396
-0.021134376525878906
-0.066431857645511627
-0.098190873861312866
-0.017805561423301697
-0.075001507997512817
0.036700606346130371
0.097547978162765503
0.294781118631362915
0.217572659254074097
0.139665126800537109
0.069141969084739685
0.001994118094444275
-0.082654245197772980
-0.125689059495925903
0.018305018544197083
0.057557463645935059
-0.004678741097450256
-0.029360741376876831
0.040740579366683960
0.064272090792655945
0.041999250650405884
0.126943826675415039
0.057874470949172974
0.059655696153640747
0.080922842025756836
0.035573944449424744
-0.042698055505752563
-0.098521299660205841
-0.099194183945655823
-0.028414189815521240
-0.021808385848999023
0.029459282755851746
0.117281109094619751
0.152637153863906860
0.116527467966079712
0.144711613655090332
0.097872018814086914
0.008822098374366760
-0.040347516536712646
-0.047168366611003876
-0.006806716322898865
-0.036415740847587585
-0.100777201354503632
-0.126578912138938904
-0.055989012122154236
-0.045239575207233429
-0.027041524648666382
-0.039082363247871399
-0.028712466359138489
0.005168020725250244
-0.166815072298049927
-0.112135261297225952
-0.093943111598491669
-0.057793602347373962
-0.002229884266853333
0.122548907995223999
0.109865307807922363
0.002874284982681274
0.073695197701454163
0.125506401062011719
0.062561780214309692
0.064327269792556763
0.009099483489990234
0.039894968271255493
-0.048374697566032410
-0.112102083861827850
-0.084601312875747681
-0.049004890024662018
-0.087840594351291656
-0.002903208136558533
-0.023853734135627747
-0.039366453886032104
-0.019878491759300232
-0.060420468449592590
-0.021636664867401123
-0.068035006523132324
-0.139677271246910095
-0.111516423523426056
-0.056960009038448334
-0.057268030941486359
0.040131524205207825
0.179849982261657715
0.215193957090377808
0.107515573501586914
0.156063050031661987
0.203029751777648926
0.116567552089691162
0.099487990140914917
0.017158910632133484
0.052297398447990417
0.055052369832992554
0.021687269210815430
-0.094257272779941559
-0.085736677050590515
-0.149122714996337891
-0.080234155058860779
-0.060524709522724152
0.015324056148529053
-0.045244649052619934
-0.082574486732482910
-0.052805133163928986
-0.029941946268081665
0.000314339995384216
0.013610363006591797
0.002315983176231384
0.016301393508911133
-0.017292901873588562
0.195875823497772217
0.119492292404174805
0.141826689243316650
0.204871833324432373
0.341532468795776367
0.070216313004493713
0.068950876593589783
0.049911454319953918
0.095594108104705811
0.086396247148513794
0.070113316178321838
0.061068549752235413
0.001136556267738342
-0.014076486229896545
0.008519813418388367
-0.036017522215843201
-0.020184636116027832
0.011335313320159912
0.081506162881851196
0.045352742075920105
0.027651831507682800
0.025417283177375793
0.031711086630821228
0.023914784193038940
-0.034596249461174011
-0.055504031479358673
0.152989417314529419
0.054128453135490417
-0.032850459218025208
0.377764105796813965
0.472790062427520752
0.076316669583320618
0.061589851975440979
-0.046866357326507568
0.072284683585166931
0.075177282094955444
0.028519809246063232
0.223215907812118530
0.117099016904830933
0.086941599845886230
0.024568468332290649
-0.040909454226493835
-0.037376403808593750
-0.047075182199478149
-0.044651433825492859
-0.137863606214523315
-0.097707107663154602
-0.094531744718551636
-0.066024452447891235
0.016900986433029175
-0.066656291484832764
-0.021391198039054871
-0.039399102330207825
-0.001777917146682739
0.026853784918785095
0.318909019231796265
0.403214514255523682
0.143873393535614014
0.129735708236694336
0.058560997247695923
0.109244287014007568
0.044215932488441467
0.021462425589561462
0.072306931018829346
0.066334977746009827
0.005667075514793396
0.001604214310646057
0.021394282579421997
0.039309114217758179
-0.004806533455848694
-0.004582330584526062
0.061186760663986206
0.054208606481552124
0.084265053272247314
0.042453229427337646
0.085359334945678711
0.022898986935615540
0.078375294804573059
0.223282992839813232
0.142110556364059448
0.028414145112037659
-0.092839136719703674
-0.043939791619777679
-0.113622754812240601
-0.209948897361755371
-0.404923915863037109
-0.332472622394561768
-0.305379480123519897
-0.243969276547431946
-0.359466791152954102
-0.370687484741210938
-0.353259831666946411
-0.439104020595550537
-0.341849327087402344
-0.291929364204406738
-0.317674994468688965
-0.361918807029724121
-0.325340002775192261
-0.416612923145294189
-0.289957374334335327
-0.277248531579971313
-0.258763253688812256
-0.254065960645675659
-0.281252324581146240
-0.289383530616760254
-0.325754523277282715
-0.308375209569931030
-0.473687410354614258
-0.507968783378601074
-0.518174588680267334
-0.568164288997650146
-0.611691355705261230
-0.579398274421691895
-0.535414457321166992
-0.528903067111968994
-0.573544740676879883
-0.561768531799316406
-0.555926918983459473
-0.554381728172302246
-0.580722808837890625
-0.525137364864349365
-0.527333021163940430
-0.552676439285278320
-0.586457729339599609
-0.598690986633300781
-0.570431947708129883
-0.537722349166870117
-0.532116651535034180
-0.537099003791809082
-0.513699531555175781
-0.539324283599853516
-0.565458774566650391
-0.564526796340942383
-6.870932102203369141
-6.932658195495605469
-7.423858642578125000
-7.773955821990966797
-7.562942028045654297
-7.287603855133056641
-7.248100757598876953
-7.515824317932128906
-7.596276283264160156
-7.397157669067382812
-7.186483860015869141
-7.027935504913330078
-6.942497253417968750
-7.246448993682861328
-7.540047645568847656
-7.345529556274414062
-7.181273937225341797
-7.350596427917480469
-7.354750633239746094
-7.342030525207519531
-7.115035533905029297
-7.007421016693115234
-7.076401710510253906
-7.303436756134033203
-7.165375232696533203
-6.818571567535400391
-6.914679527282714844
-7.316283702850341797
-8.177417755126953125
-8.684741973876953125
-8.524740219116210938
-8.194875717163085938
-8.372838020324707031
-8.535819053649902344
-8.577548980712890625
-8.533765792846679688
-7.748034477233886719
-7.357865810394287109
-7.254222869873046875
-7.660328865051269531
-8.371261596679687500
-8.407363891601562500
-8.211626052856445312
-8.397247314453125000
-8.132167816162109375
-8.398227691650390625
-8.027205467224121094
-7.543515682220458984
-7.721089363098144531
-7.809174537658691406
-7.667496204376220703
-6.447627067565917969
-8.417362213134765625
-8.457498550415039062
-8.940254211425781250
-9.145903587341308594
-8.900658607482910156
-8.950105667114257812
-9.112443923950195312
-9.227832794189453125
-9.177940368652343750
-9.308927536010742188
-8.650330543518066406
-8.316291809082031250
-8.207565307617187500
-8.361867904663085938
-9.076395988464355469
-9.462675094604492188
-9.323316574096679688
-9.262077331542968750
-8.992052078247070312
-9.417158126831054688
-9.266393661499023438
-8.710409164428710938
-8.550924301147460938
-8.332714080810546875
-8.339719772338867188
-7.438120365142822266
-8.019415855407714844
-8.516248703002929688
-9.095808982849121094
-9.302675247192382812
-9.323472023010253906
-9.372020721435546875
-9.511890411376953125
-9.740612030029296875
-9.623878479003906250
-9.681072235107421875
-9.275842666625976562
-8.884138107299804688
-9.062585830688476562
-9.030158996582031250
-9.495694160461425781
-9.744168281555175781
-9.329057693481445312
-9.329341888427734375
-9.015544891357421875
-9.309549331665039062
-9.283078193664550781
-9.002608299255371094
-8.668247222900390625
-7.881828784942626953
-8.211555480957031250
-7.390048027038574219
-8.290796279907226562
-8.830467224121093750
-9.351924896240234375
-9.569511413574218750
-9.804140090942382812
-9.873405456542968750
-9.746481895446777344
-9.705158233642578125
-9.840169906616210938
-9.909984588623046875
-9.864242553710937500
-9.450082778930664062
-9.481603622436523438
-9.420997619628906250
-9.724480628967285156
-10.009084701538085938
-9.803176879882812500
-9.682615280151367188
-9.557339668273925781
-9.568561553955078125
-9.327797889709472656
-9.017324447631835938
-8.573677062988281250
-7.962245941162109375
-8.244390487670898438
-8.072879791259765625
-8.942138671875000000
-9.053247451782226562
-9.460678100585937500
-9.536756515502929688
-9.840721130371093750
-9.844126701354980469
-9.587940216064453125
-9.260538101196289062
-9.388772964477539062
-9.477182388305664062
-9.458335876464843750
-9.173556327819824219
-9.426828384399414062
-9.716737747192382812
-9.899477958679199219
-10.063468933105468750
-10.029021263122558594
-9.990100860595703125
-9.939134597778320312
-9.895515441894531250
-9.604351997375488281
-9.150255203247070312
-8.798548698425292969
-8.368059158325195312
-8.865644454956054688
-8.622822761535644531
-9.235186576843261719
-9.025238990783691406
-9.429140090942382812
-9.627241134643554688
-9.973380088806152344
-10.083721160888671875
-9.809114456176757812
-9.415987968444824219
-9.245346069335937500
-9.562200546264648438
-9.490795135498046875
-9.178516387939453125
-9.455386161804199219
-9.703647613525390625
-9.872064590454101562
-9.954638481140136719
-10.118469238281250000
-10.090059280395507812
-9.765965461730957031
-9.790725708007812500
-9.629018783569335938
-9.321031570434570312
-9.168130874633789062
-8.827829360961914062
-9.295160293579101562
-8.859128952026367188
-8.921583175659179688
-8.922892570495605469
-9.452833175659179688
-9.497220039367675781
-9.747016906738281250
-10.128530502319335938
-9.875270843505859375
-9.497214317321777344
-9.486352920532226562
-9.861356735229492188
-10.010591506958007812
-9.981307983398437500
-10.070999145507812500
-9.758203506469726562
-9.618414878845214844
-9.670932769775390625
-9.885023117065429688
-9.568618774414062500
-9.367240905761718750
-9.341420173645019531
-9.424135208129882812
-9.084957122802734375
-9.006093978881835938
-8.834789276123046875
-9.445756912231445312
-9.076797485351562500
-9.254123687744140625
-9.106525421142578125
-9.529075622558593750
-9.529221534729003906
-9.723645210266113281
-9.902652740478515625
-10.105064392089843750
-9.827199935913085938
-9.709789276123046875
-9.900772094726562500
-9.739131927490234375
-9.962827682495117188
-10.128862380981445312
-9.909568786621093750
-9.605007171630859375
-9.572570800781250000
-9.665696144104003906
-9.447305679321289062
-9.629783630371093750
-9.633973121643066406
-9.725018501281738281
-9.386068344116210938
-8.931680679321289062
-9.220969200134277344
-9.577880859375000000
-9.151203155517578125
-9.061943054199218750
-9.197608947753906250
-9.237266540527343750
-9.446642875671386719
-9.661966323852539062
-9.866939544677734375
-9.954360008239746094
-9.729900360107421875
-9.906151771545410156
-10.050521850585937500
-9.931158065795898438
-9.934746742248535156
-9.976967811584472656
-9.863058090209960938
-9.862964630126953125
-9.800298690795898438
-9.544525146484375000
-9.483409881591796875
-9.618169784545898438
-9.640770912170410156
-9.836297988891601562
-9.370500564575195312
-8.826844215393066406
-8.984201431274414062
-9.265577316284179688
-8.754476547241210938
-8.732120513916015625
-8.677438735961914062
-8.748369216918945312
-9.093183517456054688
-9.371648788452148438
-9.646501541137695312
-9.716300964355468750
-9.462732315063476562
-10.014053344726562500
-10.162924766540527344
-10.158403396606445312
-9.889066696166992188
-9.774027824401855469
-9.626355171203613281
-9.644021987915039062
-9.586950302124023438
-9.263668060302734375
-9.193609237670898438
-9.302011489868164062
-9.353275299072265625
-9.665603637695312500
-9.304156303405761719
-8.995185852050781250
-8.257671356201171875
-8.661052703857421875
-8.488895416259765625
-8.193071365356445312
-8.239657402038574219
-8.916857719421386719
-9.187085151672363281
-9.350329399108886719
-9.342493057250976562
-9.263792991638183594
-9.056940078735351562
-9.545919418334960938
-9.851024627685546875
-9.764219284057617188
-9.619049072265625000
-9.474651336669921875
-9.181098937988281250
-9.217790603637695312
-9.272485733032226562
-9.260328292846679688
-9.216774940490722656
-9.321430206298828125
-9.134185791015625000
-9.200617790222167969
-9.084831237792968750
-8.602127075195312500
-7.662381649017333984
-7.869046211242675781
-8.062274932861328125
-7.355908393859863281
-7.830646038055419922
-8.268161773681640625
-8.153239250183105469
-7.830958843231201172
-7.900826930999755859
-7.982772827148437500
-8.059288024902343750
-8.001575469970703125
-8.125001907348632812
-7.901588916778564453
-7.540787220001220703
-7.737027645111083984
-7.531881809234619141
-7.535732269287109375
-7.780960083007812500
-7.991215705871582031
-7.789478778839111328
-8.030666351318359375
-7.909945964813232422
-7.727373123168945312
-7.790531635284423828
-7.427347183227539062
-6.507513046264648438
-6.461222648620605469
-7.088785648345947266
-7.032735347747802734
-7.663256645202636719
-8.186407089233398438
-7.841087818145751953
-7.441729545593261719
-7.408861637115478516
-7.537971496582031250
-7.761234283447265625
-7.508544445037841797
-7.494515419006347656
-7.642347812652587891
-7.159643173217773438
-7.239354610443115234
-7.290131092071533203
-7.121534824371337891
-7.311302185058593750
-7.184038162231445312
-7.211126327514648438
-7.597201347351074219
-7.863990306854248047
-7.469864845275878906
-7.517361164093017578
-7.212588310241699219
-6.533458232879638672
-6.157718181610107422
-6.368183612823486328
-1.017853260040283203
-1.441330671310424805
-1.371224403381347656
-1.211511731147766113
-1.162876725196838379
-1.259424209594726562
-1.449443340301513672
-1.416693210601806641
-1.371928691864013672
-1.520631790161132812
-1.787840247154235840
-2.045445919036865234
-2.037241458892822266
-1.791420698165893555
-1.474609851837158203
-1.220430135726928711
-1.174306750297546387
-1.339096784591674805
-1.350143432617187500
-1.382010459899902344
-1.367794036865234375
-1.164223194122314453
-0.893883526325225830
-0.794031083583831787
-0.613764524459838867
-0.401576906442642212
-0.822888970375061035
-1.370584130287170410
-1.522491097450256348
-1.478778958320617676
-1.443112254142761230
-1.428304553031921387
-1.529686927795410156
-1.490408539772033691
-1.481895685195922852
-1.645497202873229980
-2.070122718811035156
-2.426395654678344727
-2.432386398315429688
-2.173402786254882812
-1.786880254745483398
-1.426813364028930664
-1.325003385543823242
-1.362489461898803711
-1.342835187911987305
-1.365085840225219727
-1.379967451095581055
-1.234078407287597656
-1.148036241531372070
-1.049242973327636719
-0.805698573589324951
-0.394097417593002319
-0.359104454517364502
-0.710700035095214844
-0.896040678024291992
-0.837704777717590332
-0.856196820735931396
-0.793563783168792725
-0.863823533058166504
-0.869692683219909668
-0.853521525859832764
-1.047264695167541504
-1.338655948638916016
-1.572542548179626465
-1.575754284858703613
-1.479264736175537109
-1.268358349800109863
-0.967481136322021484
-0.811743736267089844
-0.728433310985565186
-0.686147928237915039
-0.583196640014648438
-0.438620924949645996
-0.413171112537384033
-0.608575761318206787
-0.706746041774749756
-0.406677782535552979
-0.211235404014587402
-0.314101904630661011
-0.664270162582397461
-0.641289293766021729
-0.399506509304046631
-0.379226475954055786
-0.399580419063568115
-0.400835424661636353
-0.486164122819900513
-0.478828758001327515
-0.565295577049255371
-0.781405329704284668
-0.867718338966369629
-0.836135506629943848
-0.822993338108062744
-0.799448192119598389
-0.749196529388427734
-0.725521683692932129
-0.705222368240356445
-0.692079722881317139
-0.484837591648101807
-0.171635448932647705
-0.166010737419128418
-0.582594156265258789
-0.797890186309814453
-0.563490509986877441
-0.238238930702209473
-0.387488365173339844
-0.741873681545257568
-0.740863978862762451
-0.503114938735961914
-0.447880119085311890
-0.409608274698257446
-0.451129525899887085
-0.697803080081939697
-0.611983060836791992
-0.603774607181549072
-0.764567017555236816
-0.860082149505615234
-0.845776617527008057
-0.566354274749755859
-0.491545408964157104
-0.663014233112335205
-0.800916373729705811
-0.710800051689147949
-0.733279764652252197
-0.515034198760986328
-0.368822991847991943
-0.544045448303222656
-0.959548592567443848
-1.223736166954040527
-0.961773633956909180
-0.459139376878738403
-0.336080819368362427
-0.712526798248291016
-0.688624083995819092
-0.544239282608032227
-0.614436328411102295
-0.642643034458160400
-0.845134615898132324
-1.204940319061279297
-1.098836421966552734
-0.955426335334777832
-1.058879256248474121
-1.116835832595825195
-0.999410092830657959
-0.552740514278411865
-0.439959883689880371
-0.601354479789733887
-0.724525451660156250
-0.651762962341308594
-0.605723142623901367
-0.472861140966415405
-0.530865907669067383
-0.715572178363800049
-1.049005985260009766
-1.286692857742309570
-1.025141477584838867
-0.489093720912933350
-0.323092401027679443
-0.711746513843536377
-0.882563173770904541
-0.855310618877410889
-0.810761392116546631
-0.862888395786285400
-1.164177417755126953
-1.546041488647460938
-1.429794788360595703
-1.185243606567382812
-1.203169226646423340
-1.194488048553466797
-1.010401725769042969
-0.642154574394226074
-0.671749889850616455
-0.711744248867034912
-0.719062030315399170
-0.675575911998748779
-0.740251123905181885
-0.574749231338500977
-0.608303964138031006
-0.674122214317321777
-0.854570388793945312
-1.021953701972961426
-0.696463704109191895
-0.298820346593856812
-0.306031942367553711
-0.788694322109222412
-1.152212023735046387
-1.171720027923583984
-0.964540362358093262
-0.812666416168212891
-1.067393422126770020
-1.325470685958862305
-1.195334196090698242
-1.002822160720825195
-1.076643824577331543
-0.988316476345062256
-0.822911500930786133
-0.645554423332214355
-0.890269994735717773
-0.955564022064208984
-0.755269706249237061
-0.696514904499053955
-0.762198448181152344
-0.673053979873657227
-0.653103470802307129
-0.584219872951507568
-0.641995668411254883
-0.723937630653381348
-0.505616307258605957
-0.245120465755462646
-0.367588907480239868
-0.880713462829589844
-1.229251742362976074
-1.166592359542846680
-0.794256031513214111
-0.759888291358947754
-0.952801108360290527
-1.059453487396240234
-0.900822520256042480
-0.769682347774505615
-0.727430403232574463
-0.696468293666839600
-0.554410934448242188
-0.467562973499298096
-0.811289906501770020
-0.903473973274230957
-0.798914849758148193
-0.647617578506469727
-0.721361875534057617
-0.626018524169921875
-0.537992238998413086
-0.537423849105834961
-0.610469937324523926
-0.635872960090637207
-0.527513325214385986
-0.346997350454330444
-0.296088993549346924
-0.895716071128845215
-1.095114827156066895
-0.906433641910552979
-0.600107431411743164
-0.805136084556579590
-1.075446009635925293
-1.019734501838684082
-0.860309839248657227
-0.666051208972930908
-0.484680265188217163
-0.407375991344451904
-0.368867188692092896
-0.278017580509185791
-0.583291888236999512
-0.795297503471374512
-0.861360251903533936
-0.831342756748199463
-0.872613430023193359
-0.695369362831115723
-0.465889722108840942
-0.528827011585235596
-0.704032182693481445
-0.792732894420623779
-0.579176604747772217
-0.327155411243438721
-0.208386421203613281
-0.706505417823791504
-0.802855610847473145
-0.587383925914764404
-0.480447202920913696
-0.787663459777832031
-0.920769214630126953
-0.820851027965545654
-0.682079553604125977
-0.478870600461959839
-0.325920611619949341
-0.248942792415618896
-0.125151753425598145
-0.034728765487670898
-0.387391120195388794
-0.657756328582763672
-0.878434121608734131
-0.938777267932891846
-0.906760215759277344
-0.715644240379333496
-0.405844718217849731
-0.392415851354598999
-0.669452309608459473
-0.874072253704071045
-0.582157969474792480
-0.267306864261627197
-0.067665100097656250
-0.533728003501892090
-0.558624923229217529
-0.448120623826980591
-0.549650609493255615
-0.703583180904388428
-0.766861021518707275
-0.661655187606811523
-0.665775001049041748
-0.519460618495941162
-0.678285241127014160
-0.690317988395690918
-0.391206026077270508
-0.227175295352935791
-0.570517718791961670
-0.586905479431152344
-0.721146821975708008
-0.829610109329223633
-0.870988547801971436
-0.762391448020935059
-0.571863830089569092
-0.350624918937683105
-0.471329808235168457
-0.794955134391784668
-0.569000363349914551
-0.315041899681091309
-0.330544501543045044
-0.716106057167053223
-0.848615109920501709
-1.062858104705810547
-1.242773413658142090
-1.332539319992065430
-1.268987894058227539
-1.294293880462646484
-1.380897283554077148
-1.426022768020629883
-1.603517174720764160
-1.664052009582519531
-1.456624507904052734
-1.345815658569335938
-1.353510618209838867
-1.307393550872802734
-1.253937721252441406
-1.321195125579833984
-1.385169029235839844
-1.453057646751403809
-1.389876246452331543
-1.270623922348022461
-1.259440422058105469
-1.321936607360839844
-1.136505126953125000
-0.885026335716247559
-0.400765478610992432
-0.672300338745117188
-0.863172590732574463
-1.036425590515136719
-1.277387261390686035
-1.274924755096435547
-1.215502738952636719
-1.215167999267578125
-1.363505840301513672
-1.414193630218505859
-1.642565965652465820
-1.611814975738525391
-1.507863521575927734
-1.320766210556030273
-1.380185008049011230
-1.263651609420776367
-1.208222150802612305
-1.165549993515014648
-1.324230432510375977
-1.342752218246459961
-1.362843275070190430
-1.268839120864868164
-1.279632568359375000
-1.359186410903930664
-1.161986708641052246
-1.259851694107055664
0.109934568405151367
0.446843624114990234
0.228097677230834961
0.142489910125732422
0.158685326576232910
0.243572115898132324
0.368740677833557129
0.317555665969848633
0.292824506759643555
0.487511992454528809
0.899994969367980957
1.265173912048339844
1.253041505813598633
0.959645986557006836
0.543746948242187500
0.234361410140991211
0.136100292205810547
0.242749452590942383
0.299916505813598633
0.364955425262451172
0.367546439170837402
0.153583765029907227
-0.238737285137176514
-0.513836979866027832
-0.628291189670562744
-0.892806112766265869
-0.156132221221923828
0.324790596961975098
0.337843298912048340
0.282552361488342285
0.346418142318725586
0.340441942214965820
0.400132656097412109
0.368050575256347656
0.432519197463989258
0.688476681709289551
1.296813011169433594
1.769205093383789062
1.735318899154663086
1.375962257385253906
0.862716436386108398
0.372287511825561523
0.223911523818969727
0.212593436241149902
0.242928147315979004
0.294253826141357422
0.323084592819213867
0.139911651611328125
-0.105000793933868408
-0.360180079936981201
-0.531425476074218750
-0.887490689754486084
-0.885986506938934326
-0.614912152290344238
-0.534461259841918945
-0.674576282501220703
-0.568244516849517822
-0.629825949668884277
-0.513969838619232178
-0.507706642150878906
-0.495537698268890381
-0.257482469081878662
0.204216480255126953
0.591815233230590820
0.579334259033203125
0.348748326301574707
0.012044787406921387
-0.422053813934326172
-0.550687313079833984
-0.664467096328735352
-0.647322773933410645
-0.761977195739746094
-0.820925056934356689
-0.862049818038940430
-0.874288201332092285
-0.825808525085449219
-1.088929057121276855
-1.345232844352722168
-1.113736391067504883
-1.124654650688171387
-1.353745222091674805
-1.666639804840087891
-1.566542148590087891
-1.440261602401733398
-1.356378912925720215
-1.247900247573852539
-1.083414077758789062
-0.957403004169464111
-0.655386924743652344
-0.456390678882598877
-0.478733658790588379
-0.527763485908508301
-0.594730138778686523
-0.768079638481140137
-0.786549568176269531
-0.788061141967773438
-0.814843118190765381
-1.037685990333557129
-1.457588553428649902
-1.485301256179809570
-1.007840871810913086
-0.760877132415771484
-0.953829228878021240
-1.401069879531860352
-1.116632938385009766
-1.269114971160888672
-1.584440469741821289
-2.000006914138793945
-1.885216712951660156
-1.708822250366210938
-1.454877257347106934
-1.059000968933105469
-1.084914803504943848
-1.072953939437866211
-0.725346505641937256
-0.599895119667053223
-0.641799449920654297
-0.924834609031677246
-0.959938168525695801
-0.981477856636047363
-0.723102688789367676
-0.886898994445800781
-0.798593163490295410
-1.224653363227844238
-1.453612565994262695
-1.131651759147644043
-0.565205335617065430
-0.241418123245239258
-0.543114066123962402
-1.107519388198852539
-1.221192121505737305
-1.288588762283325195
-1.524600863456726074
-1.828893780708312988
-1.615386486053466797
-1.262879967689514160
-0.637170314788818359
-0.283595979213714600
-0.398626506328582764
-0.508320212364196777
-0.403023123741149902
-0.351084291934967041
-0.521105825901031494
-1.065550327301025391
-1.324844598770141602
-1.389516115188598633
-1.060723304748535156
-1.140253782272338867
-1.079878807067871094
-1.380927801132202148
-1.322936177253723145
-0.815972089767456055
-0.479374408721923828
-0.190018236637115479
-0.501091420650482178
-1.085828423500061035
-1.233320951461791992
-1.074401617050170898
-0.912817478179931641
-0.993071615695953369
-1.014471292495727539
-0.646116375923156738
-0.223920762538909912
0.192607879638671875
-0.015981912612915039
-0.280413746833801270
-0.255397617816925049
-0.237900137901306152
-0.516808629035949707
-0.923630833625793457
-0.977168262004852295
-1.101125478744506836
-1.018316388130187988
-1.058754205703735352
-0.868166506290435791
-1.198303580284118652
-1.177378416061401367
-0.872805595397949219
-0.724968373775482178
-0.610923171043395996
-0.861436545848846436
-1.330632925033569336
-1.232458710670471191
-0.800631523132324219
-0.422237813472747803
-0.427083194255828857
-0.622369349002838135
-0.678269863128662109
-0.328945279121398926
-0.048031687736511230
-0.251504540443420410
-0.493064403533935547
-0.429917812347412109
-0.483434557914733887
-0.661036133766174316
-0.883154392242431641
-0.693145215511322021
-0.615973889827728271
-0.765588045120239258
-0.817880988121032715
-0.772720813751220703
-0.901329278945922852
-0.967412471771240234
-0.948372662067413330
-0.961365699768066406
-1.161630034446716309
-1.140228271484375000
-1.399976491928100586
-1.141734480857849121
-0.713768899440765381
-0.341867446899414062
-0.430780649185180664
-0.756339132785797119
-0.738832831382751465
-0.517769455909729004
-0.376369416713714600
-0.569552898406982422
-0.712464690208435059
-0.850251019001007080
-0.856786847114562988
-1.041847467422485352
-1.176786899566650391
-0.716541409492492676
-0.592857956886291504
-0.650186479091644287
-0.826442480087280273
-0.752322673797607422
-0.886345624923706055
-1.173020243644714355
-1.032969474792480469
-1.042956113815307617
-1.289991021156311035
-1.171877980232238770
-1.422181487083435059
-1.209901094436645508
-0.746505022048950195
-0.499432921409606934
-0.739673435688018799
-0.993370711803436279
-0.697464942932128906
-0.465198516845703125
-0.480456352233886719
-0.635324537754058838
-0.897635817527770996
-1.234699368476867676
-1.364176273345947266
-1.435358285903930664
-1.580338478088378906
-1.083409547805786133
-0.649026751518249512
-0.516513824462890625
-0.617841839790344238
-0.622742056846618652
-0.797098696231842041
-1.444339275360107422
-1.326161980628967285
-0.987313807010650635
-0.979811310768127441
-1.095241904258728027
-1.460999846458435059
-1.279567837715148926
-1.102561473846435547
-0.790733933448791504
-1.156364679336547852
-1.321799039840698242
-0.786116361618041992
-0.607173442840576172
-0.670433640480041504
-1.013017535209655762
-1.380230665206909180
-1.652191638946533203
-1.759144783020019531
-1.883599996566772461
-1.936032652854919434
-1.259296536445617676
-0.804900228977203369
-0.494148075580596924
-0.496493875980377197
-0.604834914207458496
-0.774034976959228516
-1.490679979324340820
-1.564778685569763184
-1.069203495979309082
-0.773788809776306152
-1.025916457176208496
-1.530104160308837891
-1.431594967842102051
-1.447546482086181641
-1.307798147201538086
-1.370633244514465332
-1.222156286239624023
-0.930118203163146973
-0.747684955596923828
-0.837872684001922607
-0.916074454784393311
-1.154068350791931152
-0.977401614189147949
-1.038359165191650391
-1.454949617385864258
-1.578411340713500977
-0.928932666778564453
-0.930289685726165771
-0.719750940799713135
-0.643991589546203613
-0.634452939033508301
-0.731472492218017578
-1.111861228942871094
-1.434444189071655273
-1.186458110809326172
-0.811119914054870605
-1.029651522636413574
-1.613722085952758789
-1.295080304145812988
-1.100631713867187500
-0.937709867954254150
-0.549631953239440918
-0.298689186573028564
-0.170808315277099609
-0.232122778892517090
-0.157742023468017578
-0.061047077178955078
0.062603950500488281
0.264426827430725098
0.353356122970581055
0.051573634147644043
-0.097330629825592041
-0.107045948505401611
-0.166222155094146729
-0.212459504604339600
-0.104518294334411621
-0.060924768447875977
0.028227090835571289
-0.038642764091491699
-0.189204216003417969
-0.210353076457977295
-0.128560662269592285
-0.295541822910308838
-0.808123886585235596
-1.176987051963806152
-0.952113866806030273
-0.762370586395263672
-0.423028409481048584
-0.065401852130889893
-0.040948152542114258
-0.124013423919677734
-0.101608455181121826
0.119236707687377930
0.231375813484191895
0.521235585212707520
0.481178164482116699
0.318660497665405273
0.037399172782897949
0.133560895919799805
-0.028540968894958496
-0.060011208057403564
-0.094881176948547363
0.076186776161193848
0.070568323135375977
0.114030122756958008
-0.017396330833435059
-0.016781210899353027
0.075644016265869141
-0.148738265037536621
-0.561316967010498047
-3.607354164123535156
-3.229897737503051758
-2.691538095474243164
-2.881150960922241211
-3.090700626373291016
-3.092009544372558594
-2.878909826278686523
-2.781889438629150391
-2.819817781448364258
-2.959620952606201172
-3.435726881027221680
-3.758733749389648438
-3.750100374221801758
-3.599718570709228516
-3.302203416824340820
-3.167433261871337891
-3.044059753417968750
-2.832888364791870117
-2.996737241744995117
-3.096757650375366211
-3.171702623367309570
-3.149793863296508789
-2.773760795593261719
-2.293949604034423828
-2.635067939758300781
-2.833873510360717773
-3.168200731277465820
-2.803112983703613281
-2.407377719879150391
-2.366487979888916016
-2.616794824600219727
-2.636326313018798828
-2.552468538284301758
-2.561140060424804688
-2.748289108276367188
-3.030678033828735352
-3.618426799774169922
-4.012446403503417969
-3.909333229064941406
-3.581820249557495117
-3.152894258499145508
-2.727427959442138672
-2.596420526504516602
-2.457925558090209961
-2.637737751007080078
-2.714802265167236328
-2.766388654708862305
-2.688965797424316406
-2.208844661712646484
-1.786360859870910645
-2.094204902648925781
-2.368510484695434570
-2.310430526733398438
-1.936882376670837402
-1.672288298606872559
-1.426480174064636230
-1.676304221153259277
-1.660376787185668945
-1.768745779991149902
-1.756235480308532715
-1.870372653007507324
-2.019042730331420898
-2.578713417053222656
-3.036061525344848633
-2.959021806716918945
-2.568984985351562500
-2.190660238265991211
-1.751663684844970703
-1.828798890113830566
-1.731143116950988770
-1.977205038070678711
-1.882266283035278320
-2.125906229019165039
-2.110941410064697266
-1.517940044403076172
-1.441397428512573242
-1.578877210617065430
-1.757287859916687012
-1.771127820014953613
-1.273407936096191406
-1.186080455780029297
-1.194731712341308594
-1.233951807022094727
-1.155457258224487305
-1.227128744125366211
-1.186674833297729492
-1.312028288841247559
-1.410076618194580078
-1.677924752235412598
-1.995609402656555176
-1.988517045974731445
-1.903683423995971680
-1.775931119918823242
-1.405337333679199219
-1.423518180847167969
-1.505293965339660645
-1.499533891677856445
-1.436589479446411133
-1.608091235160827637
-1.659276723861694336
-1.360452055931091309
-1.424582242965698242
-1.573331713676452637
-1.591039657592773438
-1.614980220794677734
-1.000520706176757812
-0.953133463859558105
-0.919121861457824707
-0.972553014755249023
-1.038746356964111328
-1.161317229270935059
-1.090738773345947266
-1.234298706054687500
-1.415471553802490234
-1.463665962219238281
-1.597924590110778809
-1.516615629196166992
-1.532906293869018555
-1.650626540184020996
-1.387644290924072266
-1.447257518768310547
-1.396258115768432617
-1.461364030838012695
-1.356311321258544922
-1.446609497070312500
-1.503656029701232910
-1.543102264404296875
-1.731140136718750000
-1.666666626930236816
-1.631364107131958008
-1.451014280319213867
-0.984039425849914551
-0.966993331909179688
-0.923475146293640137
-0.990211427211761475
-1.228058338165283203
-1.589165210723876953
-1.610368728637695312
-1.541184902191162109
-1.626271247863769531
-1.615975618362426758
-1.649442434310913086
-1.464906573295593262
-1.344875812530517578
-1.324249863624572754
-1.161204576492309570
-1.223365783691406250
-1.187654972076416016
-1.277200222015380859
-1.310551881790161133
-1.319037914276123047
-1.501975774765014648
-1.513545155525207520
-1.663244605064392090
-1.559509992599487305
-1.585493087768554688
-1.452875852584838867
-1.133030176162719727
-1.120847225189208984
-1.094462394714355469
-1.116018772125244141
-1.475472211837768555
-1.867255568504333496
-2.018519878387451172
-1.702886462211608887
-1.635367751121520996
-1.662967205047607422
-1.795849800109863281
-1.477340459823608398
-1.380439996719360352
-1.253934621810913086
-1.132346630096435547
-1.207443594932556152
-1.221583843231201172
-1.294899225234985352
-1.251671791076660156
-1.260281205177307129
-1.397678732872009277
-1.305975794792175293
-1.171459436416625977
-1.405366182327270508
-1.397214889526367188
-1.503586292266845703
-1.326346516609191895
-1.348724365234375000
-1.248044013977050781
-1.258615374565124512
-1.517354726791381836
-1.806970596313476562
-1.903049349784851074
-1.645581841468811035
-1.511226177215576172
-1.504635095596313477
-1.619518399238586426
-1.550556898117065430
-1.499630928039550781
-1.366644859313964844
-1.403280019760131836
-1.501757621765136719
-1.538408994674682617
-1.523087978363037109
-1.416301250457763672
-1.315891742706298828
-1.470493316650390625
-1.266980290412902832
-1.004530549049377441
-1.166978240013122559
-1.287352561950683594
-1.562271237373352051
-1.259848594665527344
-1.328931331634521484
-1.256541252136230469
-1.366221189498901367
-1.496811151504516602
-1.552348136901855469
-1.652161478996276855
-1.536720871925354004
-1.567953824996948242
-1.331073760986328125
-1.398320794105529785
-1.453966856002807617
-1.600611805915832520
-1.518103957176208496
-1.615277647972106934
-1.713989138603210449
-1.644627451896667480
-1.671351075172424316
-1.563766956329345703
-1.446395635604858398
-1.464114785194396973
-1.314647436141967773
-1.023606061935424805
-1.065232515335083008
-1.131693363189697266
-1.553035736083984375
-1.253774404525756836
-1.295477986335754395
-1.249785423278808594
-1.466753005981445312
-1.484178066253662109
-1.370559453964233398
-1.497136235237121582
-1.482564806938171387
-1.537526130676269531
-1.317775845527648926
-1.238157510757446289
-1.387075185775756836
-1.604120969772338867
-1.480575323104858398
-1.719412326812744141
-1.898988008499145508
-1.704783678054809570
-1.584522247314453125
-1.600252389907836914
-1.510338425636291504
-1.387274980545043945
-1.322125196456909180
-1.185111761093139648
-1.181178569793701172
-1.198296308517456055
-1.621977806091308594
-1.246973395347595215
-1.323647260665893555
-1.271292805671691895
-1.329210877418518066
-1.395319461822509766
-1.434723258018493652
-1.555383920669555664
-1.390030622482299805
-1.381385564804077148
-1.191022276878356934
-1.218829274177551270
-1.462620019912719727
-1.734908342361450195
-1.588026523590087891
-1.664835810661315918
-1.916564345359802246
-1.733910322189331055
-1.533770680427551270
-1.589663624763488770
-1.586374521255493164
-1.456681728363037109
-1.357893705368041992
-1.216825604438781738
-1.359648227691650391
-1.352400541305541992
-1.659447669982910156
-1.143042206764221191
-1.210376977920532227
-1.114852190017700195
-1.142129898071289062
-1.242590546607971191
-1.461040496826171875
-1.532054662704467773
-1.409503459930419922
-1.457710266113281250
-1.295843124389648438
-1.277174949645996094
-1.541799545288085938
-1.669050216674804688
-1.538040637969970703
-1.469646692276000977
-1.690688133239746094
-1.603923439979553223
-1.506132721900939941
-1.530378341674804688
-1.640843510627746582
-1.590738892555236816
-1.515761613845825195
-1.298945903778076172
-1.415854454040527344
-1.362594842910766602
-1.476393222808837891
-0.970353960990905762
-1.075123310089111328
-1.243832111358642578
-1.436270475387573242
-1.545817613601684570
-1.576899766921997070
-1.749059677124023438
-1.757260799407958984
-2.039504289627075195
-2.056580543518066406
-2.141290664672851562
-1.870330572128295898
-1.763521432876586914
-1.693802833557128906
-1.663575053215026855
-1.714787006378173828
-1.844465732574462891
-1.738310098648071289
-1.790476441383361816
-1.806578516960144043
-1.734734177589416504
-1.702913880348205566
-1.753875970840454102
-1.900337815284729004
-1.626086473464965820
-1.628410339355468750
-1.350429534912109375
-1.514565944671630859
-1.840168118476867676
-2.178966760635375977
-2.284527778625488281
-2.218271493911743164
-2.302585124969482422
-2.521924257278442383
-2.733901262283325195
-2.875149488449096680
-2.851589441299438477
-2.672302961349487305
-2.391046524047851562
-2.504327774047851562
-2.377773761749267578
-2.489652156829833984
-2.536444187164306641
-2.519714355468750000
-2.418742895126342773
-2.501383543014526367
-2.398816347122192383
-2.355870246887207031
-2.386260032653808594
-2.367656707763671875
-1.832385540008544922
